File Path: D:\Ensayos Víctor\Fase III\Virgen\Canto\Test Run 15 16-05-2019 13 00 55\DAQ- Crosshead; … - (Timed).txt   
Test: ENSAYOS TRACCION PLA 3
Test Run: Test Run 15
Date: 16/05/2019 12:56:23


Crosshead 	Load 	Time 
mm	kN	sec
0,000203450511548908	0,0587899208068848	0,111000001430511
0,000508626271766843	0,0588981857299805	0,210999995470047
0,00106811523892247	0,0592585372924805	0,310999989509583
0,00162760409239127	0,0590038604736328	0,41100001335144
0,002085367896143	0,0592917747497559	0,510999977588654
0,00254313158620789	0,0593221549987793	0,611000001430511
0,00295003246719716	0,059504280090332	0,711000025272369
0,00340779615726206	0,0600286750793457	0,810999989509583
0,0039164224290289	0,0605180473327637	0,91100001335144
0,00457763690064894	0,0613513717651367	1,0110000371933
0,00534057608092553	0,0618242301940918	1,11099994182587
0,00615437829765142	0,0622654571533203	1,21099996566772
0,00701904309607926	0,0623816795349121	1,31099998950958
0,0078328448580578	0,0630141410827637	1,41100001335144
0,00864664707478369	0,0627016410827637	1,5110000371933
0,00951131187321153	0,0627858810424805	1,61099994182587
0,0103251140899374	0,0630613899230957	1,71099996566772
0,0111897779788706	0,0637117652893066	1,81099998950958
0,0120035811050911	0,0634765777587891	1,91100001335144
0,0128682449940243	0,0636499938964844	2,01099991798401
0,0137329097924521	0,0640673980712891	2,11100006103516
0,014546712009178	0,0641418838500977	2,21099996566772
0,0154113768076058	0,0640324172973633	2,31100010871887
0,016276040696539	0,064455322265625	2,41100001335144
0,0171407064044615	0,0640164260864258	2,51099991798401
0,0180053702933947	0,0644304428100586	2,61100006103516
0,0188191734196153	0,0644822082519531	2,71099996566772
0,0196838373085484	0,064440071105957	2,81100010871887
0,020497640434769	0,0649547729492188	2,91100001335144
0,0213114417420002	0,0654112701416016	3,01099991798401
0,0221252448682208	0,0650100402832031	3,11100006103516
0,0229899087571539	0,0651838226318359	3,21099996566772
0,0238037100643851	0,065504524230957	3,31100010871887
0,0246175131906057	0,065723030090332	3,41100001335144
0,0254313144978369	0,0662251205444336	3,51099991798401
0,0262451176240575	0,0663719863891602	3,61100006103516
0,0271097815129906	0,0669279708862305	3,71099996566772
0,0279235846392112	0,067617301940918	3,81100010871887
0,0287373859464424	0,0679897689819336	3,91100001335144
0,0295511872536736	0,06808642578125	4,01100015640259
0,0304158529615961	0,0691445770263672	4,11100006103516
0,0312296542688273	0,0691284713745117	4,21099996566772
0,0320943181577604	0,0693784103393555	4,31099987030029
0,0329081231029704	0,0694936065673828	4,41099977493286
0,0337727869919036	0,0700528030395508	4,51100015640259
0,0345865882991347	0,0704039611816406	4,61100006103516
0,0354512521880679	0,0701841049194336	4,71099996566772
0,0362650571332779	0,0706092987060547	4,81099987030029
0,0371297173842322	0,0711490783691406	4,91099977493286
0,0379435223294422	0,0711964340209961	5,01100015640259
0,0388081862183753	0,0715161666870117	5,11100006103516
0,0396219911635853	0,07180029296875	5,21099996566772
0,0404866514145397	0,0717901077270508	5,31099987030029
0,0413004563597497	0,0721794281005859	5,41099977493286
0,0421142576669808	0,0723292083740234	5,51100015640259
0,042928058974212	0,0725270919799805	5,61100006103516
0,0437927228631452	0,0731078414916992	5,71099996566772
0,0446065241703764	0,0733021774291992	5,81099987030029
0,0454203291155864	0,0734983291625977	5,91099977493286
0,0462341304228175	0,0734725570678711	6,01100015640259
0,0470479317300487	0,0738124694824219	6,11100006103516
0,0478617366752587	0,0742072143554688	6,21099996566772
0,0486755379824899	0,0740357208251953	6,31099987030029
0,0494893392897211	0,0743056259155273	6,41099977493286
0,0503031442349311	0,0743815078735352	6,51100015640259
0,0511169419041835	0,0747151565551758	6,61100006103516
0,0519816094310954	0,0747516632080078	6,71099996566772
0,0527954107383266	0,0751842041015625	6,81099987030029
0,0536092120455578	0,0752521667480469	6,91099977493286
0,0544738759344909	0,0755918426513672	7,01100015640259
0,0552876772417221	0,0759680862426758	7,11100006103516
0,0561523447686341	0,0762759094238281	7,21099996566772
0,0569661460758653	0,0764163970947266	7,31099987030029
0,0578308099647984	0,0769062805175781	7,41099977493286
0,0586954774917103	0,07730029296875	7,51100015640259
0,0595092787989415	0,0778057174682617	7,61100006103516
0,0603739426878747	0,0781108932495117	7,71099996566772
0,0612386065768078	0,0785645217895508	7,81099987030029
0,0621032741037197	0,0791551666259766	7,91099977493286
0,0629170754109509	0,0799077911376953	8,01099967956543
0,0637817356619053	0,0805932388305664	8,11100006103516
0,0646464031888172	0,0816758728027344	8,21100044250488
0,0654602044960484	0,0818400802612305	8,31099987030029
0,0663248647470027	0,0825812606811523	8,41100025177002
0,0671386733301915	0,083358512878418	8,51099967956543
0,0679524746374227	0,0838850326538086	8,61100006103516
0,0687662759446539	0,0845027618408203	8,71100044250488
0,0696309434715658	0,0852133865356445	8,81099987030029
0,0704447375028394	0,0857741165161133	8,91100025177002
0,0712585460860282	0,0861729507446289	9,01099967956543
0,0720723473932594	0,0867313385009766	9,11100006103516
0,0728861487004906	0,0879608612060547	9,21100044250488
0,0737508162274025	0,0886723403930664	9,31099987030029
0,0745646102586761	0,0896968612670898	9,41100025177002
0,0753784188418649	0,0907591705322266	9,51099967956543
0,0761922201490961	0,0921686706542969	9,61100006103516
0,0770060214563273	0,0935516891479492	9,71100044250488
0,0778706889832392	0,0948682708740234	9,81099987030029
0,0786844830145128	0,0965555877685547	9,91100025177002
0,0795491578173824	0,097407829284668	10,0109996795654
0,0803629518486559	0,0986814041137695	10,1110000610352
0,0811767604318447	0,100313278198242	10,2110004425049
0,0820414206827991	0,10144987487793	10,3109998703003
0,0828552219900303	0,103006736755371	10,41100025177
0,0837198895169422	0,104545310974121	10,5109996795654
0,0845845570438541	0,105634712219238	10,6110000610352
0,0853983510751277	0,107010330200195	10,7110004425049
0,0862630258779973	0,10792211151123	10,8109998703003
0,0870768199092709	0,109465881347656	10,91100025177
0,0879414874361828	0,110490425109863	11,0109996795654
0,0888061549630947	0,111684707641602	11,1110000610352
0,0896199562703259	0,112898254394531	11,2110004425049
0,0904337575775571	0,114143867492676	11,3109998703003
0,0912984251044691	0,115241851806641	11,41100025177
0,0921122191357426	0,116807327270508	11,5109996795654
0,0929260277189314	0,117872611999512	11,6110000610352
0,0937398290261626	0,119185539245605	11,7110004425049
0,0945536303333938	0,119977752685547	11,8109998703003
0,095367431640625	0,121118232727051	11,91100025177
0,0961812329478562	0,122747161865234	12,0109996795654
0,0969950342550874	0,123227760314941	12,1110000610352
0,0978088355623186	0,124090972900391	12,2110004425049
0,0986735030892305	0,12517440032959	12,3109998703003
0,0994873043964617	0,126166702270508	12,41100025177
0,100301105703693	0,127390647888184	12,5109996795654
0,101165773230605	0,128101135253906	12,6110000610352
0,101979574537836	0,129212219238281	12,7110004425049
0,102793375845067	0,130199813842773	12,8109998703003
0,103658043371979	0,131519180297852	12,91100025177
0,104522703622933	0,132217620849609	13,0109996795654
0,105336512206122	0,133064041137695	13,1110000610352
0,106201172457077	0,134250793457031	13,2110004425049
0,107014973764308	0,135212371826172	13,3109998703003
0,10787964129122	0,136048492431641	13,41100025177
0,108693442598451	0,137156631469727	13,5109996795654
0,109558102849405	0,138197311401367	13,6110000610352
0,110422770376317	0,138700439453125	13,7110004425049
0,111236571683548	0,139613876342773	13,8109998703003
0,112101231934503	0,140706420898438	13,91100025177
0,112915040517692	0,141558166503906	14,0109996795654
0,113779700768646	0,142055847167969	14,1110000610352
0,114593509351835	0,143056350708008	14,2110004425049
0,115407310659066	0,143868545532227	14,3109998703003
0,116221104690339	0,144943939208984	14,41100025177
0,117034913273528	0,145917419433594	14,5109996795654
0,117899573524483	0,146817153930664	14,6110000610352
0,118713382107671	0,147775161743164	14,7110004425049
0,119527183414903	0,148830139160156	14,8109998703003
0,120340977446176	0,149780517578125	14,91100025177
0,121154786029365	0,150230865478516	15,0109996795654
0,122019446280319	0,15153483581543	15,1110000610352
0,122833254863508	0,152114776611328	15,2110004425049
0,123697915114462	0,153155044555664	15,3109998703003
0,124511716421694	0,154036422729492	15,41100025177
0,125376391224563	0,155277313232422	15,5109996795654
0,126190192531794	0,15607568359375	15,6110000610352
0,127054852782749	0,157212158203125	15,7110004425049
0,12786865408998	0,158206344604492	15,8109998703003
0,128733328892849	0,159732986450195	15,91100025177
0,129547115648165	0,160649948120117	16,0109996795654
0,130411790451035	0,161746643066406	16,1110000610352
0,131225591758266	0,162605056762695	16,2110004425049
0,13209025200922	0,163774749755859	16,3110008239746
0,132904053316452	0,164534606933594	16,4109992980957
0,133768728119321	0,165723770141602	16,5109996795654
0,134582514874637	0,166664016723633	16,6110000610352
0,135396316181868	0,167795639038086	16,7110004425049
0,136210132041015	0,168412246704102	16,8110008239746
0,137023918796331	0,169690277099609	16,9109992980957
0,137837720103562	0,170371551513672	17,0109996795654
0,138651535962708	0,171448760986328	17,1110000610352
0,139465337269939	0,173162094116211	17,2110004425049
0,140279124025255	0,174218185424805	17,3110008239746
0,141092939884402	0,175482376098633	17,4109992980957
0,141906741191633	0,176713653564453	17,5109996795654
0,142720542498864	0,1782373046875	17,6110000610352
0,143585202749819	0,179852523803711	17,7110004425049
0,14439900405705	0,181513626098633	17,8110008239746
0,145212819916196	0,182768341064453	17,9109992980957
0,146026606671512	0,184082733154297	18,0109996795654
0,146840407978743	0,185451309204102	18,1110000610352
0,147705082781613	0,187001586914063	18,2110004425049
0,148518869536929	0,188593490600586	18,3110008239746
0,149383544339798	0,189770446777344	18,4109992980957
0,15019734564703	0,191396697998047	18,5109996795654
0,151062005897984	0,193129440307617	18,6110000610352
0,151875807205215	0,194310607910156	18,7110004425049
0,152740482008085	0,196269348144531	18,8110008239746
0,153554268763401	0,197717788696289	18,9109992980957
0,15441894356627	0,199230682373047	19,0109996795654
0,15528361836914	0,201164916992188	19,1110000610352
0,156097405124456	0,202310455322266	19,2110004425049
0,156962079927325	0,203803131103516	19,3110008239746
0,15782674017828	0,20554948425293	19,4109992980957
0,158640541485511	0,206895416259766	19,5109996795654
0,159454342792742	0,208459594726563	19,6110000610352
0,160319017595612	0,209684707641602	19,7110004425049
0,161132818902843	0,211288833618164	19,8110008239746
0,161946605658159	0,21313606262207	19,9109992980957
0,162811280461028	0,214324371337891	20,0109996795654
0,163625081768259	0,215814025878906	20,1110000610352
0,164438883075491	0,217810699462891	20,2110004425049
0,165252684382722	0,219128921508789	20,3110008239746
0,166117359185591	0,220261535644531	20,4109992980957
0,166931145940907	0,221647216796875	20,5109996795654
0,167744947248138	0,223579071044922	20,6110000610352
0,168609622051008	0,22519889831543	20,7110004425049
0,169423423358239	0,226585662841797	20,8110008239746
0,170288083609194	0,22816015625	20,9109992980957
0,171101884916425	0,229958862304688	21,0109996795654
0,171915700775571	0,231180969238281	21,1110000610352
0,17278034647461	0,232730285644531	21,2110004425049
0,173594162333757	0,234406631469727	21,3110008239746
0,174458822584711	0,236011947631836	21,4109992980957
0,175272623891942	0,237525360107422	21,5109996795654
0,176137284142897	0,239722702026367	21,6110000610352
0,176951100002043	0,2408876953125	21,7110004425049
0,177815745701082	0,242196426391602	21,8110008239746
0,178629561560228	0,243820739746094	21,9109992980957
0,179494221811183	0,245526931762695	22,0109996795654
0,180308023118414	0,247125762939453	22,1110000610352
0,181172683369368	0,248443939208984	22,2110004425049
0,181986499228515	0,250088256835938	22,3110008239746
0,182800285983831	0,251601760864258	22,4109992980957
0,183614087291062	0,253197677612305	22,5109996795654
0,184427903150208	0,255312835693359	22,6110000610352
0,185241704457439	0,256507232666016	22,7110004425049
0,186055491212755	0,258220825195313	22,8110008239746
0,186869307071902	0,259586578369141	22,9109992980957
0,187683108379133	0,261054077148438	23,0109996795654
0,188496909686364	0,262668792724609	23,1110000610352
0,189310710993595	0,264410858154297	23,2110004425049
0,190124512300827	0,265981689453125	23,3110008239746
0,190938313608058	0,267500579833984	23,4109992980957
0,191752114915289	0,269088134765625	23,5109996795654
0,192616775166243	0,271015289306641	23,6110000610352
0,19343059102539	0,272303588867188	23,7110004425049
0,194244377780706	0,274064697265625	23,8110008239746
0,195109052583575	0,275669250488281	23,9109992980957
0,195922853890806	0,277549102783203	24,0109996795654
0,196787514141761	0,279122314453125	24,1110000610352
0,197652174392715	0,280821472167969	24,2110004425049
0,198465990251862	0,282080993652344	24,3110008239746
0,199330635950901	0,283938751220703	24,4109992980957
0,20019531075377	0,285853820800781	24,5109996795654
0,201009112061001	0,287118408203125	24,6110000610352
0,201873772311956	0,289052429199219	24,7110004425049
0,202738447114825	0,291122772216797	24,8110008239746
0,20360310736578	0,292658569335938	24,9109992980957
0,204416908673011	0,294233520507813	25,0109996795654
0,205281568923965	0,296179443359375	25,1110000610352
0,206095384783112	0,297992065429688	25,2110004425049
0,206960030482151	0,299542022705078	25,3110008239746
0,207773846341297	0,301244720458984	25,4109992980957
0,208587647648528	0,302805328369141	25,5109996795654
0,209401448955759	0,304354553222656	25,6110000610352
0,210266109206714	0,306052856445313	25,7110004425049
0,211079910513945	0,307660034179688	25,8110008239746
0,211893726373091	0,309324432373047	25,9109992980957
0,212707513128407	0,310929534912109	26,0109996795654
0,213521314435638	0,312540191650391	26,1110000610352
0,214335130294785	0,314598388671875	26,2110004425049
0,215148931602016	0,316058959960938	26,3110008239746
0,21601359185297	0,317377166748047	26,4109992980957
0,216827393160202	0,319501983642578	26,5109996795654
0,217641194467433	0,321018707275391	26,6110000610352
0,218505854718387	0,322427062988281	26,7110004425049
0,219319656025618	0,324712768554688	26,8110008239746
0,220133471884765	0,326114288330078	26,9109992980957
0,220998117583804	0,327900085449219	27,0109996795654
0,22181193344295	0,329554504394531	27,1110000610352
0,222625734750181	0,3312666015625	27,2110004425049
0,223490395001136	0,333125030517578	27,3110008239746
0,224304196308367	0,335167144775391	27,4109992980957
0,225117997615598	0,336277893066406	27,5109996795654
0,225982672418468	0,338197692871094	27,6110000610352
0,226796459173784	0,339682189941406	27,7110004425049
0,22761027503293	0,34146044921875	27,8110008239746
0,228474935283884	0,343106536865234	27,9109992980957
0,229288736591116	0,344920074462891	28,0109996795654
0,230102537898347	0,346423706054688	28,1110000610352
0,230916339205578	0,347878997802734	28,2110004425049
0,231730155064724	0,349764892578125	28,3110008239746
0,23254394182004	0,351231109619141	28,4109992980957
0,233357743127272	0,352825347900391	28,5109996795654
0,234171558986418	0,354562957763672	28,6110000610352
0,234985345741734	0,356020446777344	28,7110004425049
0,235799147048965	0,358324432373047	28,8110008239746
0,236612962908112	0,359574951171875	28,9109992980957
0,237477608607151	0,361005279541016	29,0109996795654
0,238291424466297	0,362660797119141	29,1110000610352
0,239105225773528	0,364677703857422	29,2110004425049
0,239969900576398	0,366331665039063	29,3110008239746
0,240783687331714	0,367967193603516	29,4109992980957
0,241648362134583	0,369696075439453	29,5109996795654
0,242513022385538	0,371500885009766	29,6110000610352
0,243326823692769	0,373196929931641	29,7110004425049
0,244191469391808	0,374739379882813	29,8110008239746
0,245056144194677	0,377108032226563	29,9109992980957
0,245920818997547	0,377987762451172	30,0109996795654
0,246734620304778	0,379864990234375	30,1110000610352
0,247599295107648	0,381681213378906	30,2110004425049
0,248413096414879	0,383117462158203	30,3110008239746
0,249277742113918	0,385142547607422	30,4109992980957
0,250142416916788	0,386794830322266	30,5109996795654
0,250956218224019	0,388641693115234	30,6110000610352
0,251820893026888	0,390725555419922	30,7110004425049
0,252634665230289	0,391874359130859	30,8110008239746
0,253448495641351	0,393616821289063	30,9109992980957
0,254262296948582	0,395549987792969	31,0109996795654
0,255126942647621	0,39694384765625	31,1110000610352
0,255940773058683	0,39845068359375	31,2110004425049
0,256754545262083	0,400270385742188	31,3110008239746
0,257568346569315	0,402099914550781	31,4109992980957
0,258382176980376	0,403277221679688	31,5109996795654
0,259195949183777	0,404962890625	31,6110000610352
0,260009779594839	0,407083923339844	31,7110004425049
0,260874425293878	0,408249114990234	31,8110008239746
0,261688226601109	0,410168579101563	31,9109992980957
0,262502057012171	0,411600036621094	32,0110015869141
0,263315829215571	0,413700256347656	32,1110000610352
0,264180504018441	0,415396667480469	32,2109985351563
0,264994305325672	0,416967803955078	32,3110008239746
0,265858980128542	0,418502136230469	32,4109992980957
0,266672752331942	0,419984222412109	32,5110015869141
0,267486582743004	0,421772186279297	32,6110000610352
0,268351228442043	0,423354736328125	32,7109985351563
0,269165029749274	0,425059783935547	32,8110008239746
0,270029704552144	0,4272041015625	32,9109992980957
0,270843505859375	0,428488220214844	33,0110015869141
0,271708151558414	0,430915283203125	33,1110000610352
0,272521981969476	0,432186676025391	33,2109985351563
0,273386627668515	0,433950927734375	33,3110008239746
0,274200428975746	0,435490844726563	33,4109992980957
0,275014259386808	0,437191040039063	33,5110015869141
0,275828031590208	0,438686950683594	33,6110000610352
0,27664183289744	0,440584411621094	33,7109985351563
0,277506507700309	0,442391235351563	33,8110008239746
0,27832030900754	0,443911376953125	33,9109992980957
0,279134110314772	0,445397430419922	34,0110015869141
0,279947911622003	0,447156341552734	34,1110000610352
0,280761712929234	0,44892919921875	34,2109985351563
0,281575543340296	0,450545135498047	34,3110008239746
0,282389315543696	0,452195953369141	34,4109992980957
0,283203116850927	0,454032379150391	34,5110015869141
0,284067791653797	0,455576354980469	34,6110000610352
0,284881592961028	0,457222869873047	34,7109985351563
0,285695394268259	0,458792907714844	34,8110008239746
0,286560069071129	0,460538269042969	34,9109992980957
0,28737387037836	0,462403198242188	35,0110015869141
0,288238516077399	0,463786468505859	35,1110000610352
0,289052346488461	0,465600677490234	35,2109985351563
0,2899169921875	0,467223754882813	35,3110008239746
0,290730793494731	0,469211334228516	35,4109992980957
0,291595468297601	0,470311065673828	35,5110015869141
0,292409269604832	0,472465484619141	35,6110000610352
0,293273915303871	0,473877624511719	35,7109985351563
0,294138590106741	0,475639007568359	35,8110008239746
0,294952391413972	0,47721630859375	35,9109992980957
0,295817037113011	0,478967376708984	36,0110015869141
0,296681741019711	0,480988586425781	36,1110000610352
0,297495513223112	0,482212585449219	36,2109985351563
0,298360188025981	0,484321075439453	36,3110008239746
0,299173989333212	0,486041290283203	36,4109992980957
0,299987790640444	0,487651885986328	36,5110015869141
0,300801591947675	0,489147308349609	36,6110000610352
0,301615393254906	0,490939605712891	36,7109985351563
0,302480068057776	0,492516540527344	36,8110008239746
0,303293840261176	0,494301361083984	36,9109992980957
0,304107670672238	0,495921661376953	37,0110015869141
0,304921471979469	0,497694763183594	37,1110000610352
0,305786146782339	0,498906433105469	37,2109985351563
0,30659994808957	0,500832702636719	37,3110008239746
0,307413720292971	0,502380737304688	37,4109992980957
0,308227550704032	0,504302307128906	37,5110015869141
0,309092196403071	0,505764343261719	37,6110000610352
0,309905997710302	0,507662139892578	37,7109985351563
0,310770672513172	0,509250183105469	37,8110008239746
0,311584473820403	0,510992828369141	37,9109992980957
0,312398275127634	0,512830688476563	38,0110015869141
0,313262949930504	0,514759643554688	38,1110000610352
0,314076751237735	0,516345153808594	38,2109985351563
0,314941396936774	0,517791076660156	38,3110008239746
0,315755227347836	0,519509582519531	38,4109992980957
0,316568999551237	0,520976135253906	38,5110015869141
0,317433674354106	0,522583251953125	38,6110000610352
0,318298349156976	0,525043579101563	38,7109985351563
0,319112150464207	0,526215759277344	38,8110008239746
0,319925922667608	0,527696411132813	38,9109992980957
0,320790626574308	0,529465881347656	39,0110015869141
0,321604398777708	0,531216125488281	39,1110000610352
0,32241820008494	0,532775268554688	39,2109985351563
0,323232030496001	0,534445190429688	39,3110008239746
0,324045802699402	0,536004150390625	39,4109992980957
0,324859633110464	0,537703247070313	39,5110015869141
0,325673434417695	0,53935205078125	39,6110000610352
0,326487206621096	0,54087646484375	39,7109985351563
0,327301037032157	0,542918579101563	39,8110008239746
0,328114838339388	0,544432434082031	39,9109992980957
0,328928610542789	0,545956848144531	40,0110015869141
0,329742440953851	0,547570190429688	40,1110000610352
0,330556242261082	0,549276062011719	40,2109985351563
0,331370014464483	0,55095458984375	40,3110008239746
0,332183844875544	0,552590270996094	40,4109992980957
0,333048490574583	0,554240173339844	40,5110015869141
0,333862291881815	0,556057373046875	40,6110000610352
0,334726966684684	0,55751220703125	40,7109985351563
0,335540767991915	0,559184875488281	40,8110008239746
0,336354569299147	0,5608349609375	40,9109992980957
0,337219244102016	0,562606628417969	41,0110015869141
0,338033045409247	0,5640556640625	41,1110000610352
0,338897691108286	0,565973937988281	41,2109985351563
0,339762365911156	0,5676044921875	41,3110008239746
0,340576167218387	0,5693662109375	41,4109992980957
0,341440812917426	0,571191040039063	41,5110015869141
0,342305516824126	0,572913513183594	41,6110000610352
0,343119289027527	0,574663696289063	41,7109985351563
0,343983963830397	0,576195678710938	41,8110008239746
0,344797765137628	0,577958679199219	41,9109992980957
0,345611566444859	0,579365783691406	42,0110015869141
0,346476241247728	0,581158569335938	42,1110000610352
0,34729004255496	0,582788757324219	42,2109985351563
0,348103843862191	0,584708374023438	42,3110008239746
0,348917645169422	0,586057861328125	42,4109992980957
0,349782319972292	0,587454528808594	42,5110015869141
0,350596092175692	0,589478515625	42,6110000610352
0,351409922586754	0,590992126464844	42,7109985351563
0,352223723893985	0,592818725585938	42,8110008239746
0,353088369593024	0,594487243652344	42,9109992980957
0,353902200004086	0,595989868164063	43,0110015869141
0,354715972207487	0,598010986328125	43,1110000610352
0,355529773514718	0,5993291015625	43,2109985351563
0,356394448317587	0,600938598632813	43,3110008239746
0,357208249624819	0,602647888183594	43,4109992980957
0,358072895323858	0,603981018066406	43,5110015869141
0,358886725734919	0,605914184570313	43,6110000610352
0,359751371433958	0,607612121582031	43,7109985351563
0,36056517274119	0,60920947265625	43,8110008239746
0,361429847544059	0,611043823242188	43,9109992980957
0,36224364885129	0,612617797851563	44,0110015869141
0,363108294550329	0,614299560546875	44,1110000610352
0,363972998457029	0,615902404785156	44,2109985351563
0,36478677066043	0,617450378417969	44,3110008239746
0,3656514454633	0,619012939453125	44,4109992980957
0,366465246770531	0,6208818359375	44,5110015869141
0,367279048077762	0,622404846191406	44,6110000610352
0,368092878488824	0,624163146972656	44,7109985351563
0,368906650692225	0,625669250488281	44,8110008239746
0,369771325495094	0,62766357421875	44,9109992980957
0,370585126802325	0,629028564453125	45,0110015869141
0,371398928109556	0,630677734375	45,1110000610352
0,372212729416788	0,632231750488281	45,2109985351563
0,373026530724019	0,633931518554688	45,3110008239746
0,37384033203125	0,6353349609375	45,4109992980957
0,374654133338481	0,637144348144531	45,5110015869141
0,375467934645712	0,638582336425781	45,6110000610352
0,376332609448582	0,640265686035156	45,7109985351563
0,377146381651983	0,641851989746094	45,8110008239746
0,377960212063044	0,643698181152344	45,9109992980957
0,378774013370276	0,64500537109375	46,0110015869141
0,379638659069315	0,646602844238281	46,1110000610352
0,380452489480376	0,648090393066406	46,2109985351563
0,381317135179415	0,650022399902344	46,3110008239746
0,382130936486647	0,651853881835938	46,4109992980957
0,382995611289516	0,653361999511719	46,5110015869141
0,383809412596747	0,65502490234375	46,6110000610352
0,384674058295786	0,656909790039063	46,7109985351563
0,385538733098656	0,658820495605469	46,8110008239746
0,386352534405887	0,6598271484375	46,9109992980957
0,387217180104926	0,661788696289063	47,0110015869141
0,388081884011626	0,663616882324219	47,1110000610352
0,388895656215027	0,665179077148438	47,2109985351563
0,389760331017897	0,666886779785156	47,3110008239746
0,390625005820766	0,668550415039063	47,4109992980957
0,391438807127997	0,670297058105469	47,5110015869141
0,392303452827036	0,671832214355469	47,6110000610352
0,393117283238098	0,673491333007813	47,7109985351563
0,393931055441499	0,675236450195313	47,8110008239746
0,394795759348199	0,676793151855469	47,9109992980957
0,3956095315516	0,6783916015625	48,0110015869141
0,396423332858831	0,680234252929688	48,1110000610352
0,397237163269892	0,681834045410156	48,2109985351563
0,398101808968931	0,68332177734375	48,3110008239746
0,398915610276163	0,684980651855469	48,4109992980957
0,399729411583394	0,6865302734375	48,5110015869141
0,400543212890625	0,688296142578125	48,6110000610352
0,401407858589664	0,689743896484375	48,7109985351563
0,402221689000726	0,691101440429688	48,8110008239746
0,403035490307957	0,693107360839844	48,9109992980957
0,403900136006996	0,694690246582031	49,0110015869141
0,404713966418058	0,695905456542969	49,1110000610352
0,405527738621458	0,697709289550781	49,2109985351563
0,406392413424328	0,699434448242188	49,3110008239746
0,407206214731559	0,701001403808594	49,4109992980957
0,408070889534429	0,702811950683594	49,5110015869141
0,408884661737829	0,704212036132813	49,6110000610352
0,409698492148891	0,705902526855469	49,7109985351563
0,41056313784793	0,707457702636719	49,8110008239746
0,411376939155161	0,709077514648438	49,9109992980957
0,412190769566223	0,710617248535156	50,0110015869141
0,413055415265262	0,712112731933594	50,1110000610352
0,413869245676324	0,713986022949219	50,2109985351563
0,414683017879725	0,715447937011719	50,3110008239746
0,415496819186956	0,717093017578125	50,4109992980957
0,416310649598017	0,718919311523438	50,5110015869141
0,417124421801418	0,720359985351563	50,6110000610352
0,417938223108649	0,721894897460938	50,7109985351563
0,418752053519711	0,723664306640625	50,8110008239746
0,419565825723112	0,724953857421875	50,9109992980957
0,420379627030343	0,726702392578125	51,0110015869141
0,421193457441404	0,728112915039063	51,1110000610352
0,422007229644805	0,729899353027344	51,2109985351563
0,422821030952036	0,731362060546875	51,3110008239746
0,423634861363098	0,733291198730469	51,4109992980957
0,424499507062137	0,734663513183594	51,5110015869141
0,425313337473199	0,736130126953125	51,6110000610352
0,4261271096766	0,737712890625	51,7109985351563
0,426940910983831	0,739485229492188	51,8110008239746
0,427754741394892	0,740950378417969	51,9109992980957
0,428619387093931	0,742428894042969	52,0110015869141
0,429433188401163	0,744201843261719	52,1110000610352
0,430297863204032	0,745720336914063	52,2109985351563
0,431162508903071	0,747284118652344	52,3110008239746
0,431976310210302	0,749267150878906	52,4109992980957
0,432840985013172	0,750844421386719	52,5110015869141
0,433705659816042	0,752396118164063	52,6110000610352
0,434570305515081	0,753787353515625	52,7109985351563
0,43543498031795	0,755806823730469	52,8110008239746
0,436248781625181	0,75742529296875	52,9109992980957
0,437113427324221	0,758779724121094	53,0110015869141
0,437927257735282	0,760386413574219	53,1110000610352
0,438791903434321	0,762119201660156	53,2109985351563
0,439605704741552	0,763770568847656	53,3110008239746
0,440470379544422	0,765403137207031	53,4109992980957
0,441284180851653	0,767483032226563	53,5110015869141
0,442097982158884	0,768531066894531	53,6110000610352
0,442911783466116	0,770100341796875	53,7109985351563
0,443725584773347	0,771605590820313	53,8110008239746
0,444590230472386	0,773074645996094	53,9109992980957
0,445404060883448	0,7746689453125	54,0110015869141
0,446217862190679	0,776500549316406	54,1110000610352
0,447031634394079	0,778125915527344	54,2109985351563
0,447845464805141	0,77961083984375	54,3110008239746
0,44871011050418	0,781309692382813	54,4109992980957
0,449523911811411	0,78262890625	54,5110015869141
0,450388586614281	0,784295593261719	54,6110000610352
0,451202387921512	0,785920288085938	54,7109985351563
0,452016218332574	0,787555786132813	54,8110008239746
0,452880864031613	0,789135620117188	54,9109992980957
0,453694665338844	0,79089404296875	55,0110015869141
0,454559340141714	0,79230517578125	55,1110000610352
0,455373141448945	0,794117858886719	55,2109985351563
0,456237787147984	0,795662536621094	55,3110008239746
0,457051617559046	0,79680322265625	55,4109992980957
0,457916263258085	0,798575256347656	55,5110015869141
0,458730064565316	0,799986145019531	55,6110000610352
0,459543865872547	0,8010185546875	55,7109985351563
0,460408540675417	0,803041931152344	55,8110008239746
0,461222312878817	0,804413330078125	55,9109992980957
0,462036143289879	0,80614208984375	56,0110015869141
0,46284994459711	0,807775512695313	56,1110000610352
0,463663716800511	0,808680480957031	56,2109985351563
0,464426673715934	0,810514892578125	56,3110008239746
0,465240475023165	0,811892028808594	56,4109992980957
0,466054276330397	0,813815246582031	56,5110015869141
0,466918951133266	0,815060180664063	56,6110000610352
0,467732752440497	0,8168583984375	56,7109985351563
0,468546553747728	0,818361755371094	56,8110008239746
0,46936035505496	0,820029052734375	56,9109992980957
0,470174156362191	0,8216572265625	57,0110015869141
0,47103883116506	0,823066223144531	57,1110000610352
0,471852632472292	0,824690795898438	57,2109985351563
0,472666404675692	0,826436889648438	57,3110008239746
0,473531108582392	0,827805969238281	57,4109992980957
0,474344880785793	0,829533447265625	57,5110015869141
0,475209555588663	0,83093505859375	57,6110000610352
0,476023356895894	0,832707458496094	57,7109985351563
0,476888031698763	0,834243591308594	57,8110008239746
0,477752677397802	0,835680358886719	57,9109992980957
0,478617352200672	0,837486328125	58,0110015869141
0,479482027003542	0,83899462890625	58,1110000610352
0,480346672702581	0,840691162109375	58,2109985351563
0,481160503113642	0,842316711425781	58,3110008239746
0,482025148812681	0,843841186523438	58,4109992980957
0,482889794511721	0,8451728515625	58,5110015869141
0,483703624922782	0,846923217773438	58,6110000610352
0,484517426230013	0,848724914550781	58,7109985351563
0,485382071929052	0,850450378417969	58,8110008239746
0,486195902340114	0,851546020507813	58,9109992980957
0,487009674543515	0,85289599609375	59,0110015869141
0,487823475850746	0,85458349609375	59,1110000610352
0,488637306261808	0,856474426269531	59,2109985351563
0,489451107569039	0,857621276855469	59,3110008239746
0,490315782371908	0,859322387695313	59,4109992980957
0,491129525471479	0,860766906738281	59,5110015869141
0,491943384986371	0,862644165039063	59,6110000610352
0,492757186293602	0,86380859375	59,7109985351563
0,493570929393172	0,865489807128906	59,8110008239746
0,494384788908064	0,866668273925781	59,9109992980957
0,495249405503273	0,868400390625	60,0110015869141
0,496063206810504	0,870164733886719	60,1110000610352
0,496877066325396	0,871359802246094	60,2109985351563
0,497741682920605	0,872986145019531	60,3110008239746
0,498555484227836	0,874699340820313	60,4109992980957
0,499420159030706	0,876064086914063	60,5110015869141
0,500233960337937	0,877734008789063	60,6110000610352
0,501098635140806	0,87955322265625	60,7109985351563
0,501912436448038	0,880751831054688	60,8110008239746
0,502777111250907	0,882580505371094	60,9109992980957
0,503590854350477	0,88379443359375	61,0110015869141
0,504455587361008	0,885674072265625	61,1110000610352
0,505269330460578	0,887301818847656	61,2109985351563
0,50608318997547	0,88867724609375	61,3110008239746
0,506947806570679	0,890093078613281	61,4109992980957
0,507761666085571	0,891690551757813	61,5110015869141
0,508575467392802	0,89324658203125	61,6110000610352
0,509389210492373	0,895077575683594	61,7109985351563
0,510203070007265	0,895823669433594	61,8110008239746
0,511016871314496	0,897291015625	61,9109992980957
0,511830614414066	0,899089599609375	62,0110015869141
0,512644473928958	0,900443420410156	62,1110000610352
0,513458275236189	0,902119445800781	62,2109985351563
0,51427201833576	0,903824279785156	62,3110008239746
0,515136693138629	0,905034362792969	62,4109992980957
0,51595049444586	0,906573303222656	62,5110015869141
0,516764353960752	0,90819140625	62,6110000610352
0,517578097060323	0,909556640625	62,7109985351563
0,518442830070853	0,911056823730469	62,8110008239746
0,519256573170424	0,913121643066406	62,9109992980957
0,520121247973293	0,914499633789063	63,0110015869141
0,520935049280524	0,916025451660156	63,1110000610352
0,521799724083394	0,9177783203125	63,2109985351563
0,522613525390625	0,918907592773438	63,3110008239746
0,523478200193495	0,92063134765625	63,4109992980957
0,524292001500726	0,92212890625	63,5110015869141
0,525156676303595	0,923592041015625	63,6110000610352
0,526021292898804	0,925306396484375	63,7109985351563
0,526835152413696	0,926821350097656	63,8110008239746
0,527699769008905	0,92844775390625	63,9109992980957
0,528564443811774	0,930013000488281	64,0110015869141
0,529378245119005	0,931675415039063	64,1110000610352
0,530242919921875	0,9331357421875	64,2109985351563
0,531056721229106	0,934833435058594	64,3109970092773
0,531870522536337	0,936226440429688	64,411003112793
0,532684323843569	0,937761474609375	64,5110015869141
0,5334981251508	0,939104431152344	64,6110000610352
0,534311926458031	0,940829956054688	64,7109985351563
0,535176601260901	0,942173889160156	64,8109970092773
0,535990402568132	0,9436767578125	64,911003112793
0,536804203875363	0,945365234375	65,0110015869141
0,537618005182594	0,946773132324219	65,1110000610352
0,538431806489825	0,947973999023438	65,2109985351563
0,539296423085034	0,949674865722656	65,3109970092773
0,540110282599926	0,951586730957031	65,411003112793
0,540924083907157	0,952776245117188	65,5110015869141
0,541788758710027	0,954524841308594	65,6110000610352
0,542602560017258	0,955985534667969	65,7109985351563
0,543416303116828	0,957687194824219	65,8109970092773
0,544280977919698	0,959187377929688	65,911003112793
0,545094779226929	0,960559936523438	66,0110015869141
0,545959454029799	0,962070129394531	66,1110000610352
0,54677325533703	0,963618530273438	66,2109985351563
0,547637930139899	0,965375854492188	66,3109970092773
0,54845173144713	0,966612487792969	66,411003112793
0,54931640625	0,968236999511719	66,5110015869141
0,550130207557231	0,969858642578125	66,6110000610352
0,550994882360101	0,971206420898438	66,7109985351563
0,551808683667332	0,972864929199219	66,8109970092773
0,552673358470201	0,974193969726563	66,911003112793
0,553487101569772	0,975693786621094	67,0110015869141
0,554300961084664	0,977031921386719	67,1110000610352
0,555114762391895	0,978573181152344	67,2109985351563
0,555928505491465	0,980320190429688	67,3109970092773
0,556742365006357	0,981564392089844	67,411003112793
0,557556166313589	0,983425842285156	67,5110015869141
0,558369909413159	0,984914367675781	67,6110000610352
0,559183768928051	0,985937194824219	67,7109985351563
0,559997570235282	0,987479431152344	67,8109970092773
0,560811313334852	0,989546081542969	67,911003112793
0,561625172849745	0,990430603027344	68,0110015869141
0,562438974156976	0,992001708984375	68,1110000610352
0,563303648959845	0,993566528320313	68,2109985351563
0,564117450267076	0,99498876953125	68,3109970092773
0,564931193366647	0,99646630859375	68,411003112793
0,565745052881539	0,9981220703125	68,5110015869141
0,566609669476748	0,999715881347656	68,6110000610352
0,56742352899164	1,0011611328125	68,7109985351563
0,568288145586848	1,00234338378906	68,8109970092773
0,56910200510174	1,00439007568359	68,911003112793
0,569966621696949	1,00556494140625	69,0110015869141
0,570780481211841	1,00691052246094	69,1110000610352
0,57164509780705	1,00861737060547	69,2109985351563
0,572509772609919	1,00998046875	69,3109970092773
0,573374447412789	1,01146588134766	69,411003112793
0,57418824872002	1,01306945800781	69,5110015869141
0,57505292352289	1,01456964111328	69,6110000610352
0,575866724830121	1,01605236816406	69,7109985351563
0,57673139963299	1,01757354736328	69,8109970092773
0,577545142732561	1,01909954833984	69,911003112793
0,578358944039792	1,02064349365234	70,0110015869141
0,579223618842661	1,02218127441406	70,1110000610352
0,580037420149893	1,02354418945313	70,2109985351563
0,580851279664785	1,02501745605469	70,3109970092773
0,581665022764355	1,02654724121094	70,411003112793
0,582478824071586	1,02797338867188	70,5110015869141
0,583343498874456	1,02941613769531	70,6110000610352
0,584157300181687	1,03074267578125	70,7109985351563
0,584971101488918	1,03205615234375	70,8109970092773
0,585784902796149	1,03332800292969	70,911003112793
0,58659870410338	1,03527038574219	71,0110015869141
0,58746337890625	1,0367548828125	71,1110000610352
0,588277180213481	1,03804675292969	71,2109985351563
0,589141855016351	1,03940600585938	71,3109970092773
0,589955656323582	1,0411396484375	71,411003112793
0,590820331126451	1,042505859375	71,5110015869141
0,591685005929321	1,04395837402344	71,6110000610352
0,592498807236552	1,04561511230469	71,7109985351563
0,593363482039422	1,04720593261719	71,8109970092773
0,59422809863463	1,04848852539063	71,911003112793
0,595041958149523	1,0501611328125	72,0110015869141
0,595906574744731	1,05145397949219	72,1110000610352
0,596720376051962	1,05284729003906	72,2109985351563
0,597585050854832	1,05466174316406	72,3109970092773
0,598398852162063	1,05617883300781	72,411003112793
0,599212653469294	1,05724291992188	72,5110015869141
0,600026454776526	1,05880151367188	72,6110000610352
0,600840256083757	1,06016479492188	72,7109985351563
0,601654057390988	1,06149792480469	72,8109970092773
0,602467858698219	1,06297436523438	72,911003112793
0,60328166000545	1,0645234375	73,0110015869141
0,604095461312681	1,06633020019531	73,1110000610352
0,604909262619913	1,06733276367188	73,2109985351563
0,605723063927144	1,06851379394531	73,3109970092773
0,606536865234375	1,06998706054688	73,411003112793
0,607350666541606	1,07156018066406	73,5110015869141
0,608164467848837	1,07288293457031	73,6110000610352
0,608978269156069	1,07422253417969	73,7109985351563
0,609842943958938	1,07564587402344	73,8109970092773
0,610656745266169	1,07714294433594	73,911003112793
0,611470546573401	1,07853625488281	74,0110015869141
0,612284347880632	1,079798828125	74,1110000610352
0,61314896447584	1,08121606445313	74,2109985351563
0,613962823990732	1,08303295898438	74,3109970092773
0,614827440585941	1,08437255859375	74,411003112793
0,615641300100833	1,08551110839844	74,5110015869141
0,616505916696042	1,08736120605469	74,6110000610352
0,617370591498911	1,08865844726563	74,7109985351563
0,618184392806143	1,09016857910156	74,8109970092773
0,619049067609012	1,09179711914063	74,911003112793
0,619913742411882	1,09319995117188	75,0110015869141
0,620727543719113	1,09461315917969	75,1110000610352
0,621592218521982	1,09607897949219	75,2109985351563
0,622406019829214	1,09773034667969	75,3109970092773
0,623270694632083	1,09880932617188	75,411003112793
0,624084495939314	1,10054260253906	75,5110015869141
0,624949170742184	1,10166931152344	75,6110000610352
0,625762913841754	1,10332299804688	75,7109985351563
0,626576715148985	1,10457202148438	75,8109970092773
0,627390574663877	1,105884765625	75,911003112793
0,628255191259086	1,10739428710938	76,0110015869141
0,629069050773978	1,10883813476563	76,1110000610352
0,629882793873549	1,1100517578125	76,2109985351563
0,63069659518078	1,11156860351563	76,3109970092773
0,631510454695672	1,11286926269531	76,411003112793
0,63237507129088	1,11462194824219	76,5110015869141
0,633188930805773	1,11556811523438	76,6110000610352
0,634002673905343	1,11699560546875	76,7109985351563
0,634867348708212	1,11846569824219	76,8109970092773
0,635681150015444	1,1199091796875	76,911003112793
0,636545824818313	1,12139855957031	77,0110015869141
0,637359626125544	1,12277502441406	77,1110000610352
0,638224300928414	1,12433068847656	77,2109985351563
0,639038102235645	1,12535607910156	77,3109970092773
0,639902777038515	1,12679870605469	77,411003112793
0,640716578345746	1,12818029785156	77,5110015869141
0,641581253148615	1,12980895996094	77,6110000610352
0,642394996248186	1,13109973144531	77,7109985351563
0,643208797555417	1,13272021484375	77,8109970092773
0,644073472358286	1,13419091796875	77,911003112793
0,644887273665518	1,13520043945313	78,0110015869141
0,64570113318041	1,13689904785156	78,1110000610352
0,64651487627998	1,13818872070313	78,2109985351563
0,647328677587211	1,13959704589844	78,3109970092773
0,648142537102103	1,14093701171875	78,411003112793
0,648956280201674	1,14232971191406	78,5110015869141
0,649770081508905	1,14374401855469	78,6110000610352
0,650583941023797	1,14447497558594	78,7109985351563
0,651397684123367	1,145828125	78,8109970092773
0,652211485430598	1,14787939453125	78,911003112793
0,65302534494549	1,14883508300781	79,0110015869141
0,653839088045061	1,15025659179688	79,1110000610352
0,654652889352292	1,15169396972656	79,2109985351563
0,655466748867184	1,15268347167969	79,3109970092773
0,656331365462393	1,15431799316406	79,411003112793
0,657145224977285	1,1555947265625	79,5110015869141
0,657958968076855	1,15708374023438	79,6110000610352
0,658772769384086	1,15875073242188	79,7109985351563
0,659637444186956	1,16005139160156	79,8109970092773
0,660451245494187	1,16191760253906	79,911003112793
0,661315920297056	1,16272277832031	80,0110015869141
0,662129721604288	1,16438720703125	80,1110000610352
0,662994396407157	1,16571508789063	80,2109985351563
0,663859071210027	1,16734509277344	80,3109970092773
0,664672872517258	1,16847094726563	80,411003112793
0,665537547320127	1,16982934570313	80,5110015869141
0,666402163915336	1,17157751464844	80,6110000610352
0,667266838718206	1,17300012207031	80,7109985351563
0,668131513521075	1,17431384277344	80,8109970092773
0,668996130116284	1,17599768066406	80,911003112793
0,669809989631176	1,17753405761719	81,0110015869141
0,670623790938407	1,17868981933594	81,1110000610352
0,671488465741277	1,18001635742188	81,2109985351563
0,672302267048508	1,18125622558594	81,3109970092773
0,673116010148078	1,18258801269531	81,411003112793
0,67392986966297	1,18415185546875	81,5110015869141
0,674794486258179	1,18535461425781	81,6110000610352
0,675608345773071	1,18680078125	81,7109985351563
0,676422147080302	1,18807409667969	81,8109970092773
0,677235890179873	1,18934204101563	81,911003112793
0,678100564982742	1,19085266113281	82,0110015869141
0,678914366289973	1,19214916992188	82,1110000610352
0,679728225804865	1,19347094726563	82,2109985351563
0,680592842400074	1,19486608886719	82,3109970092773
0,681406701914966	1,19625463867188	82,411003112793
0,682271318510175	1,19787414550781	82,5110015869141
0,683085119817406	1,19940588378906	82,6110000610352
0,683949794620276	1,20069018554688	82,7109985351563
0,684763595927507	1,20198400878906	82,8109970092773
0,685628212522715	1,20316040039063	82,911003112793
0,686442072037607	1,20477856445313	83,0110015869141
0,687306688632816	1,20609020996094	83,1110000610352
0,688120548147708	1,207541015625	83,2109985351563
0,688985164742917	1,20898693847656	83,3109970092773
0,689799024257809	1,21004614257813	83,411003112793
0,690612767357379	1,21147473144531	83,5110015869141
0,69147750036791	1,21276879882813	83,6110000610352
0,69229124346748	1,21455249023438	83,7109985351563
0,693105044774711	1,21560070800781	83,8109970092773
0,693918904289603	1,21704211425781	83,911003112793
0,694732647389174	1,21817944335938	84,0110015869141
0,695546448696405	1,21914721679688	84,1110000610352
0,696360308211297	1,22065234375	84,2109985351563
0,697174051310867	1,222640625	84,3109970092773
0,697987852618098	1,2235302734375	84,411003112793
0,69880171213299	1,22464453125	84,5110015869141
0,699615455232561	1,225779296875	84,6110000610352
0,700429256539792	1,22714819335938	84,7109985351563
0,701243116054684	1,22848510742188	84,8109970092773
0,702056859154254	1,22987744140625	84,911003112793
0,702870660461485	1,23152111816406	85,0110015869141
0,703735335264355	1,23252258300781	85,1110000610352
0,704549136571586	1,23382019042969	85,2109985351563
0,705362996086478	1,23524755859375	85,3109970092773
0,706176739186049	1,23655908203125	85,411003112793
0,707041413988918	1,23776428222656	85,5110015869141
0,707855215296149	1,23921337890625	85,6110000610352
0,708719890099019	1,24057177734375	85,7109985351563
0,709584506694227	1,2420556640625	85,8109970092773
0,710449239704758	1,24360534667969	85,911003112793
0,711313914507627	1,24484973144531	86,0110015869141
0,712178531102836	1,24611511230469	86,1110000610352
0,713043205905706	1,24773352050781	86,2109985351563
0,713907880708575	1,24873376464844	86,3109970092773
0,714721682015806	1,25056115722656	86,411003112793
0,715586356818676	1,25165466308594	86,5110015869141
0,716400158125907	1,25303356933594	86,6110000610352
0,717264832928777	1,25488952636719	86,7109985351563
0,718078634236008	1,25558044433594	86,8109970092773
0,718892377335578	1,2576123046875	86,911003112793
0,719757052138448	1,2582763671875	87,0110015869141
0,720570853445679	1,25957507324219	87,1110000610352
0,721384712960571	1,26150622558594	87,2109985351563
0,722198514267802	1,26250390625	87,3109970092773
0,723012257367373	1,26353283691406	87,411003112793
0,723876932170242	1,26476525878906	87,5110015869141
0,724690733477473	1,26615490722656	87,6110000610352
0,725504592992365	1,26746020507813	87,7109985351563
0,726369209587574	1,26877624511719	87,8109970092773
0,727183069102466	1,27003833007813	87,911003112793
0,727996812202036	1,2713935546875	88,0110015869141
0,728861487004906	1,27241345214844	88,1110000610352
0,729675288312137	1,27375024414063	88,2109985351563
0,730489089619368	1,2751474609375	88,3109970092773
0,731353764422238	1,27682836914063	88,411003112793
0,732167565729469	1,27808032226563	88,5110015869141
0,733032240532339	1,2791572265625	88,6110000610352
0,733845983631909	1,28043408203125	88,7109985351563
0,734710716642439	1,28165490722656	88,8109970092773
0,73552445974201	1,28323803710938	88,911003112793
0,736389134544879	1,28442407226563	89,0110015869141
0,73720293585211	1,28577880859375	89,1110000610352
0,738016795367002	1,28715319824219	89,2109985351563
0,738881411962211	1,28819653320313	89,3109970092773
0,739695271477103	1,28999670410156	89,411003112793
0,740509014576674	1,29106066894531	89,5110015869141
0,741322815883905	1,29227136230469	89,6110000610352
0,742136675398797	1,29355200195313	89,7109985351563
0,742950418498367	1,29473657226563	89,8109970092773
0,743764219805598	1,29576879882813	89,911003112793
0,74457807932049	1,29737426757813	90,0110015869141
0,745391822420061	1,29849365234375	90,1110000610352
0,746205623727292	1,30003857421875	90,2109985351563
0,747019483242184	1,30108728027344	90,3109970092773
0,747884099837393	1,30225952148438	90,411003112793
0,748697959352285	1,30399670410156	90,5110015869141
0,749511702451855	1,30509045410156	90,6110000610352
0,750376377254725	1,30672314453125	90,7109985351563
0,751190178561956	1,30754809570313	90,8109970092773
0,752054853364825	1,30902893066406	90,911003112793
0,752868654672056	1,31065759277344	91,0110015869141
0,753733329474926	1,3114033203125	91,1110000610352
0,754597946070135	1,31290795898438	91,2109985351563
0,755411805585027	1,3145126953125	91,3109970092773
0,756276422180235	1,31553637695313	91,411003112793
0,757141096983105	1,31718615722656	91,5110015869141
0,758005771785975	1,31871862792969	91,6110000610352
0,758819573093206	1,31922619628906	91,7109985351563
0,759684247896075	1,32107055664063	91,8109970092773
0,760498049203306	1,32185791015625	91,911003112793
0,761362724006176	1,3233837890625	92,0110015869141
0,762176525313407	1,32447192382813	92,1110000610352
0,762990268412977	1,32598681640625	92,2109985351563
0,763855001423508	1,32715563964844	92,3109970092773
0,764668744523078	1,32816711425781	92,411003112793
0,76548260403797	1,32929406738281	92,5110015869141
0,766296405345201	1,33091271972656	92,6110000610352
0,767110148444772	1,33224523925781	92,7109985351563
0,767974881455302	1,33331408691406	92,8109970092773
0,768788624554873	1,33458850097656	92,911003112793
0,769602484069765	1,33592163085938	93,0110015869141
0,770416285376996	1,33683056640625	93,1110000610352
0,771280960179865	1,33816748046875	93,2109985351563
0,772094703279436	1,33965344238281	93,3109970092773
0,772908504586667	1,3407373046875	93,411003112793
0,773722364101559	1,34196435546875	93,5110015869141
0,774586980696768	1,34299389648438	93,6110000610352
0,77540084021166	1,34432507324219	93,7109985351563
0,776265456806868	1,34588793945313	93,8109970092773
0,7770792581141	1,34669311523438	93,911003112793
0,777943932916969	1,34820886230469	94,0110015869141
0,778808607719839	1,34939709472656	94,1110000610352
0,779622350819409	1,35070751953125	94,2109985351563
0,780487083829939	1,35197863769531	94,3109970092773
0,781351758632809	1,35326318359375	94,411003112793
0,782216375228018	1,35465344238281	94,5110015869141
0,78303023474291	1,35561950683594	94,6110000610352
0,78384397784248	1,35703161621094	94,7109985351563
0,78470865264535	1,35831469726563	94,8109970092773
0,785522453952581	1,35903137207031	94,911003112793
0,786336255259812	1,36059143066406	95,0110015869141
0,787150056567043	1,36166442871094	95,1110000610352
0,787963857874274	1,36270629882813	95,2109985351563
0,788777659181505	1,3641767578125	95,3109970092773
0,789591518696398	1,36540344238281	95,411003112793
0,790405261795968	1,36685388183594	95,5110015869141
0,791219063103199	1,3678720703125	95,6110000610352
0,792083737906069	1,36905322265625	95,7109985351563
0,7928975392133	1,37025646972656	95,8109970092773
0,793711340520531	1,37135095214844	95,911003112793
0,794525141827762	1,37250561523438	96,0110015869141
0,795389816630632	1,37409924316406	96,1110000610352
0,796203617937863	1,37507263183594	96,2109985351563
0,797017419245094	1,37646350097656	96,3109970092773
0,797882094047964	1,377626953125	96,411003112793
0,798695837147534	1,37901452636719	96,5110015869141
0,799509696662426	1,37981420898438	96,6110000610352
0,800374313257635	1,38109912109375	96,7109985351563
0,801238988060504	1,38257409667969	96,8109970092773
0,802052789367735	1,38344348144531	96,911003112793
0,802917464170605	1,38486169433594	97,0110015869141
0,803731265477836	1,38631286621094	97,1110000610352
0,804595940280706	1,3875693359375	97,2109985351563
0,805460615083575	1,38863171386719	97,3109970092773
0,806274416390806	1,39021752929688	97,411003112793
0,807088217698038	1,39126892089844	97,5110015869141
0,807952892500907	1,39268774414063	97,6110000610352
0,808766635600477	1,39396337890625	97,7109985351563
0,809631368611008	1,3949765625	97,8109970092773
0,810445111710578	1,39593078613281	97,911003112793
0,81125897122547	1,39770471191406	98,0110015869141
0,812123587820679	1,39864501953125	98,1110000610352
0,812937447335571	1,39976379394531	98,2109985351563
0,813751248642802	1,40126416015625	98,3109970092773
0,814564991742373	1,40198583984375	98,411003112793
0,815429666545242	1,40341027832031	98,5110015869141
0,816243467852473	1,40496008300781	98,6110000610352
0,817057327367365	1,40596411132813	98,7109985351563
0,817871070466936	1,40663989257813	98,8109970092773
0,818684871774167	1,40812121582031	98,911003112793
0,819549546577036	1,40936547851563	99,0110015869141
0,820363347884268	1,41045288085938	99,1110000610352
0,821228022687137	1,41173999023438	99,2109985351563
0,822041823994368	1,41249548339844	99,3109970092773
0,822906498797238	1,41367236328125	99,411003112793
0,823720300104469	1,41508422851563	99,5110015869141
0,8245341014117	1,41675231933594	99,6110000610352
0,825398718006909	1,41728625488281	99,7109985351563
0,826212577521801	1,41879150390625	99,8109970092773
0,82707719411701	1,41981799316406	99,911003112793
0,827891053631902	1,42103833007813	100,011001586914
0,828704854939133	1,42197839355469	100,111000061035
0,829569529742002	1,4233828125	100,210998535156
0,830383272841573	1,42491125488281	100,310997009277
0,831197074148804	1,42565185546875	100,411003112793
0,832010933663696	1,42670849609375	100,511001586914
0,832875550258905	1,42792944335938	100,611000061035
0,833689409773797	1,42932873535156	100,710998535156
0,834503152873367	1,43019653320313	100,810997009277
0,835316954180598	1,43116003417969	100,911003112793
0,83613081369549	1,43243383789063	101,011001586914
0,836944556795061	1,43362768554688	101,111000061035
0,837758358102292	1,43484631347656	101,210998535156
0,838572217617184	1,43600122070313	101,310997009277
0,839385960716754	1,43701989746094	101,411003112793
0,840199762023985	1,43816638183594	101,511001586914
0,841013621538877	1,43925659179688	101,611000061035
0,841878238134086	1,44038415527344	101,710998535156
0,842692097648978	1,44170593261719	101,810997009277
0,843505840748549	1,44272741699219	101,911003112793
0,84431964205578	1,44394299316406	102,011001586914
0,845184316858649	1,44490124511719	102,111000061035
0,84599811816588	1,44631420898438	102,210998535156
0,84686279296875	1,44764331054688	102,310997009277
0,847676594275981	1,44862634277344	102,411003112793
0,848541269078851	1,44965087890625	102,511001586914
0,84940594388172	1,45096813964844	102,611000061035
0,850219745188951	1,45215612792969	102,710998535156
0,851084419991821	1,4534765625	102,810997009277
0,85194903658703	1,45474829101563	102,911003112793
0,852762896101922	1,45577795410156	103,011001586914
0,85362751269713	1,45683581542969	103,111000061035
0,854441372212023	1,45774096679688	103,210998535156
0,855305988807231	1,45915637207031	103,310997009277
0,856119790114462	1,46026135253906	103,411003112793
0,856984464917332	1,46169946289063	103,511001586914
0,857798266224563	1,46223498535156	103,611000061035
0,858612067531794	1,46385046386719	103,710998535156
0,859476742334664	1,46482092285156	103,810997009277
0,860290543641895	1,4655908203125	103,911003112793
0,861104286741465	1,46691223144531	104,011001586914
0,861918146256357	1,46823364257813	104,111000061035
0,862782762851566	1,46908911132813	104,210998535156
0,863596622366458	1,46994653320313	104,310997009277
0,864410423673689	1,47115759277344	104,411003112793
0,86522416677326	1,47198889160156	104,511001586914
0,866088841576129	1,47352758789063	104,611000061035
0,86690264288336	1,475015625	104,710998535156
0,86776731768623	1,47544250488281	104,810997009277
0,868581118993461	1,47695910644531	104,911003112793
0,869394978508353	1,47818286132813	105,011001586914
0,870259595103562	1,47911926269531	105,111000061035
0,871124269906431	1,48007922363281	105,210998535156
0,871938071213663	1,48124670410156	105,310997009277
0,872802746016532	1,48250280761719	105,411003112793
0,873616489116102	1,48375549316406	105,511001586914
0,874481222126633	1,48466674804688	105,611000061035
0,875294965226203	1,48591357421875	105,710998535156
0,876108824741095	1,48667663574219	105,810997009277
0,876973441336304	1,48793908691406	105,911003112793
0,877787300851196	1,48919982910156	106,011001586914
0,878601102158427	1,49010375976563	106,111000061035
0,879414845257998	1,49110717773438	106,210998535156
0,88022870477289	1,49202868652344	106,310997009277
0,881042506080121	1,49286938476563	106,411003112793
0,881856249179691	1,49432788085938	106,511001586914
0,882670108694583	1,49539196777344	106,611000061035
0,883483910001814	1,49638293457031	106,710998535156
0,884297653101385	1,49768383789063	106,810997009277
0,885111512616277	1,49847375488281	106,911003112793
0,885925313923508	1,4997353515625	107,011001586914
0,886739057023078	1,50078308105469	107,111000061035
0,88755291653797	1,50174169921875	107,210998535156
0,888417533133179	1,50284753417969	107,310997009277
0,889231392648071	1,50376159667969	107,411003112793
0,890045193955302	1,50531701660156	107,511001586914
0,890909868758172	1,50619140625	107,611000061035
0,891723611857742	1,50715588378906	107,710998535156
0,892588344868273	1,50871752929688	107,810997009277
0,893402087967843	1,50930932617188	107,911003112793
0,894266762770712	1,51045922851563	108,011001586914
0,895131437573582	1,51189196777344	108,111000061035
0,895996112376451	1,51273071289063	108,210998535156
0,896860787179321	1,51408178710938	108,310997009277
0,89772540377453	1,51515393066406	108,411003112793
0,898590078577399	1,51680505371094	108,511001586914
0,89940387988463	1,51731604003906	108,611000061035
0,9002685546875	1,51857543945313	108,710998535156
0,901082355994731	1,51932397460938	108,810997009277
0,901947030797601	1,52041271972656	108,911003112793
0,902760832104832	1,52154370117188	109,011001586914
0,903574633412063	1,52261547851563	109,111000061035
0,904439250007272	1,52350805664063	109,210998535156
0,905253109522164	1,52505139160156	109,310997009277
0,906066910829395	1,5255029296875	109,411003112793
0,906931585632265	1,52672375488281	109,511001586914
0,907745386939496	1,52774780273438	109,611000061035
0,908559130039066	1,52880383300781	109,710998535156
0,909372989553958	1,52985034179688	109,810997009277
0,910186790861189	1,53083227539063	109,911003112793
0,911051465664059	1,53162829589844	110,011001586914
0,911865208763629	1,53272888183594	110,111000061035
0,91272994177416	1,53406970214844	110,210998535156
0,91354368487373	1,53503088378906	110,310997009277
0,914357486180961	1,53577734375	110,411003112793
0,915222160983831	1,53688354492188	110,511001586914
0,916035962291062	1,53832885742188	110,611000061035
0,916849763598293	1,53914392089844	110,710998535156
0,917714438401163	1,54003503417969	110,810997009277
0,918528239708394	1,54101708984375	110,911003112793
0,919392856303602	1,54205017089844	111,011001586914
0,920257589314133	1,54307690429688	111,111000061035
0,921071332413703	1,54439916992188	111,210998535156
0,921885191928595	1,54503283691406	111,310997009277
0,922749808523804	1,54623083496094	111,411003112793
0,923563668038696	1,54719812011719	111,511001586914
0,924377469345927	1,54801318359375	111,611000061035
0,925242144148797	1,54948669433594	111,710998535156
0,926055887248367	1,550310546875	111,810997009277
0,926869688555598	1,55146789550781	111,911003112793
0,92768354807049	1,55196081542969	112,011001586914
0,928497291170061	1,55293701171875	112,111000061035
0,929311092477292	1,55412341308594	112,210998535156
0,930124951992184	1,55498852539063	112,310997009277
0,930938695091754	1,55602258300781	112,411003112793
0,931752496398985	1,55698901367188	112,511001586914
0,932617171201855	1,55800964355469	112,611000061035
0,933430972509086	1,55924035644531	112,710998535156
0,934244832023978	1,55975720214844	112,810997009277
0,935058575123549	1,56089624023438	112,911003112793
0,935923249926418	1,56214123535156	113,011001586914
0,936737051233649	1,56331896972656	113,111000061035
0,937601726036519	1,56379675292969	113,210998535156
0,93841552734375	1,56469738769531	113,310997009277
0,93928020214662	1,56572302246094	113,411003112793
0,940144818741828	1,56653820800781	113,511001586914
0,94095867825672	1,56779809570313	113,611000061035
0,941823294851929	1,5689365234375	113,710998535156
0,942687969654799	1,56975366210938	113,810997009277
0,943552644457668	1,57092504882813	113,911003112793
0,944366445764899	1,572068359375	114,011001586914
0,945231120567769	1,57322680664063	114,111000061035
0,946095737162977	1,57381616210938	114,210998535156
0,94690959667787	1,57473266601563	114,310997009277
0,947723397985101	1,57574829101563	114,411003112793
0,94858807278797	1,57670935058594	114,511001586914
0,949401874095201	1,57780810546875	114,611000061035
0,950215617194772	1,57873901367188	114,710998535156
0,951029476709664	1,57958984375	114,810997009277
0,951894093304873	1,58044165039063	114,911003112793
0,952707952819765	1,5810830078125	115,011001586914
0,953521754126996	1,58225134277344	115,111000061035
0,954335497226566	1,58393786621094	115,210998535156
0,955149356741458	1,58391259765625	115,310997009277
0,955963158048689	1,58527758789063	115,411003112793
0,95677690114826	1,58601831054688	115,511001586914
0,957641575951129	1,586716796875	115,611000061035
0,95845537725836	1,58752844238281	115,710998535156
0,959269236773252	1,588498046875	115,810997009277
0,960082979872823	1,589810546875	115,911003112793
0,960947712883353	1,59035925292969	116,011001586914
0,961761455982924	1,59130249023438	116,111000061035
0,962575257290155	1,59247619628906	116,210998535156
0,963439932093024	1,59335485839844	116,310997009277
0,964253733400255	1,59420141601563	116,411003112793
0,965118408203125	1,59535766601563	116,511001586914
0,965983083005995	1,59601245117188	116,611000061035
0,966796884313226	1,59695031738281	116,710998535156
0,967661559116095	1,59815112304688	116,810997009277
0,968475360423326	1,59887719726563	116,911003112793
0,969340035226196	1,59997241210938	117,011001586914
0,970153836533427	1,60068920898438	117,111000061035
0,970967579632998	1,60208898925781	117,210998535156
0,971832254435867	1,60257409667969	117,310997009277
0,972646055743098	1,60353234863281	117,411003112793
0,97345991525799	1,60406359863281	117,511001586914
0,974273658357561	1,60511291503906	117,611000061035
0,975087459664792	1,60577624511719	117,710998535156
0,975901319179684	1,60659716796875	117,810997009277
0,976715120486915	1,60769934082031	117,911003112793
0,977528863586485	1,60834094238281	118,011001586914
0,978342723101377	1,60944128417969	118,111000061035
0,979156466200948	1,6105400390625	118,210998535156
0,97997032571584	1,61121118164063	118,310997009277
0,980834942311049	1,61177233886719	118,411003112793
0,981648685410619	1,61278283691406	118,511001586914
0,982462544925511	1,61357336425781	118,611000061035
0,98332716152072	1,61464025878906	118,710998535156
0,984141021035612	1,61548486328125	118,810997009277
0,98500563763082	1,61631579589844	118,911003112793
0,985819497145712	1,61706591796875	119,011001586914
0,986684113740921	1,61818688964844	119,111000061035
0,987548846751451	1,61879833984375	119,210998535156
0,98841346334666	1,61987573242188	119,310997009277
0,989227322861552	1,62059741210938	119,411003112793
0,990091939456761	1,6215263671875	119,511001586914
0,99095655605197	1,6222236328125	119,611000061035
0,991770415566862	1,62337072753906	119,710998535156
0,99263503216207	1,62405529785156	119,810997009277
0,993499765172601	1,62523168945313	119,911003112793
0,994313508272171	1,62590112304688	120,011001586914
0,995178241282701	1,62669116210938	120,111000061035
0,995991984382272	1,62764025878906	120,210998535156
0,996805843897164	1,62853479003906	120,310997009277
0,997619586996734	1,62927844238281	120,411003112793
0,998484320007265	1,62997802734375	120,511001586914
0,999298063106835	1,63082824707031	120,611000061035
1,00011192262173	1,63175805664063	120,710998535156
1,00097653921694	1,63247998046875	120,810997009277
1,00179039873183	1,63317956542969	120,911003112793
1,0026041418314	1,63392700195313	121,011001586914
1,00346887484193	1,63480224609375	121,111000061035
1,0042826179415	1,63559020996094	121,210998535156
1,00509647745639	1,63624108886719	121,310997009277
1,0059610940516	1,63729089355469	121,411003112793
1,00677495356649	1,63791467285156	121,511001586914
1,0076395701617	1,63904272460938	121,611000061035
1,00845331326127	1,63974060058594	121,710998535156
1,00926717277616	1,64047778320313	121,810997009277
1,01013178937137	1,64104443359375	121,911003112793
1,01099640596658	1,642203125	122,011001586914
1,01181026548147	1,64285412597656	122,111000061035
1,01267488207668	1,64370361328125	122,210998535156
1,01353961508721	1,6443916015625	122,310997009277
1,01435335818678	1,64512170410156	122,411003112793
1,01516721770167	1,64605053710938	122,511001586914
1,01598107721657	1,64669946289063	122,611000061035
1,01684569381177	1,64755090332031	122,710998535156
1,01765955332667	1,6481220703125	122,810997009277
1,01847329642624	1,64900085449219	122,911003112793
1,01928715594113	1,64980322265625	123,011001586914
1,0201008990407	1,65052587890625	123,111000061035
1,02091464214027	1,65126000976563	123,210998535156
1,02172850165516	1,65170837402344	123,310997009277
1,02254236117005	1,65246228027344	123,411003112793
1,02335610426962	1,65335705566406	123,511001586914
1,02416996378452	1,65399426269531	123,611000061035
1,02498370688409	1,65479699707031	123,710998535156
1,02584843989462	1,65574377441406	123,810997009277
1,02666218299419	1,65639831542969	123,911003112793
1,02747592609376	1,65705139160156	124,011001586914
1,02828978560865	1,65789099121094	124,111000061035
1,02915440220386	1,65844360351563	124,210998535156
1,02996826171875	1,659966796875	124,310997009277
1,03078212123364	1,66016223144531	124,411003112793
1,03164673782885	1,66080712890625	124,511001586914
1,03246059734374	1,66160229492188	124,611000061035
1,03332521393895	1,66229211425781	124,710998535156
1,03418983053416	1,66321228027344	124,810997009277
1,03505456354469	1,66388562011719	124,911003112793
1,03586830664426	1,66471667480469	125,011001586914
1,03673303965479	1,66556970214844	125,111000061035
1,03759765625	1,66607238769531	125,210998535156
1,03846227284521	1,66679626464844	125,310997009277
1,03932700585574	1,66760180664063	125,411003112793
1,04014074895531	1,66825598144531	125,511001586914
1,04100548196584	1,66907629394531	125,611000061035
1,04181922506541	1,66984338378906	125,710998535156
1,0426330845803	1,67019641113281	125,810997009277
1,04349770117551	1,67101623535156	125,911003112793
1,0443115606904	1,67174462890625	126,011001586914
1,0451254202053	1,67207690429688	126,111000061035
1,04593904688954	1,67285192871094	126,210998535156
1,04675290640444	1,67358190917969	126,310997009277
1,04756676591933	1,67411889648438	126,411003112793
1,04843138251454	1,67487194824219	126,511001586914
1,04924524202943	1,67545935058594	126,611000061035
1,050058985129	1,67609826660156	126,710998535156
1,05087284464389	1,67690246582031	126,810997009277
1,0517374612391	1,67743310546875	126,911003112793
1,05255132075399	1,67811376953125	127,011001586914
1,05336506385356	1,67905798339844	127,111000061035
1,05422968044877	1,67967004394531	127,210998535156
1,05504353996366	1,68024816894531	127,310997009277
1,05590815655887	1,68085791015625	127,411003112793
1,05672201607376	1,68140051269531	127,511001586914
1,05758663266897	1,68196447753906	127,611000061035
1,05845124926418	1,68282153320313	127,710998535156
1,05926510877907	1,68346887207031	127,810997009277
1,06012972537428	1,68411889648438	127,911003112793
1,06094358488917	1,68471911621094	128,011001586914
1,06175744440407	1,68559326171875	128,110992431641
1,06257118750364	1,68579187011719	128,210998535156
1,06338504701853	1,68661291503906	128,311004638672
1,06424966361374	1,68684838867188	128,410995483398
1,06506352312863	1,68776135253906	128,511001586914
1,0658772662282	1,688083984375	128,610992431641
1,06669100932777	1,68867102050781	128,710998535156
1,06750486884266	1,68932263183594	128,811004638672
1,06831872835755	1,69032580566406	128,910995483398
1,06913247145712	1,69069104003906	129,011001586914
1,06994633097202	1,69110400390625	129,110992431641
1,07076007407159	1,6916298828125	129,210998535156
1,07162480708212	1,69248950195313	129,311004638672
1,07243855018169	1,6927607421875	129,410995483398
1,07325229328126	1,69347814941406	129,511001586914
1,07411702629179	1,69404260253906	129,610992431641
1,07493076939136	1,69476892089844	129,710998535156
1,07579550240189	1,6954892578125	129,811004638672
1,07660924550146	1,69604113769531	129,910995483398
1,07747397851199	1,69656518554688	130,011001586914
1,07828772161156	1,69725695800781	130,110992431641
1,07915245462209	1,69765539550781	130,210998535156
1,0800170712173	1,69827624511719	130,311004638672
1,08088168781251	1,69891101074219	130,410995483398
1,08174642082304	1,69937451171875	130,511001586914
1,08261103741825	1,69982666015625	130,610992431641
1,08342489693314	1,70058532714844	130,710998535156
1,08428951352835	1,70106018066406	130,811004638672
1,08515413012356	1,70192980957031	130,910995483398
1,08596798963845	1,70235705566406	131,011001586914
1,08678184915334	1,70289196777344	131,110992431641
1,08764646574855	1,703390625	131,210998535156
1,08846032526344	1,70377612304688	131,311004638672
1,08932494185865	1,70465380859375	131,410995483398
1,09013880137354	1,70479223632813	131,511001586914
1,09095254447311	1,70531433105469	131,610992431641
1,091766403988	1,7061083984375	131,710998535156
1,09263102058321	1,70635327148438	131,811004638672
1,0934448800981	1,70744262695313	131,910995483398
1,09425862319767	1,70743225097656	132,011001586914
1,09507236629725	1,70837158203125	132,110992431641
1,09593709930778	1,70850671386719	132,210998535156
1,09675084240735	1,70913781738281	132,311004638672
1,09756470192224	1,7095400390625	132,410995483398
1,09837856143713	1,71004638671875	132,511001586914
1,09924317803234	1,71097375488281	132,610992431641
1,10005703754723	1,71113952636719	132,710998535156
1,10092165414244	1,71145947265625	132,811004638672
1,10173551365733	1,71194982910156	132,910995483398
1,10260013025254	1,71282641601563	133,011001586914
1,10346474684775	1,7130166015625	133,110992431641
1,10427860636264	1,71407336425781	133,210998535156
1,10514322295785	1,71421301269531	133,311004638672
1,10595708247274	1,71457165527344	133,410995483398
1,10682169906795	1,71522668457031	133,511001586914
1,10763544216752	1,71552331542969	133,610992431641
1,10844930168241	1,71603076171875	133,710998535156
1,10931391827762	1,71645690917969	133,811004638672
1,11012777779251	1,71723815917969	133,910995483398
1,11094152089208	1,7175810546875	134,011001586914
1,11175538040698	1,71817663574219	134,110992431641
1,11256923992187	1,71826025390625	134,210998535156
1,1133321095258	1,71883129882813	134,311004638672
1,11414585262537	1,71895043945313	134,410995483398
1,1150105856359	1,71964782714844	134,511001586914
1,11582432873547	1,7198076171875	134,610992431641
1,11663818825036	1,72040539550781	134,710998535156
1,11745204776526	1,72085437011719	134,811004638672
1,11826579086483	1,72136108398438	134,910995483398
1,11913052387536	1,72177404785156	135,011001586914
1,11994426697493	1,72193151855469	135,110992431641
1,1207580100745	1,72243542480469	135,210998535156
1,1216226266697	1,72290942382813	135,311004638672
1,1224364861846	1,72325598144531	135,410995483398
1,12330110277981	1,72396435546875	135,511001586914
1,1241149622947	1,72416955566406	135,610992431641
1,12497957888991	1,72449035644531	135,710998535156
1,1257934384048	1,72520056152344	135,811004638672
1,12665805500001	1,72579162597656	135,910995483398
1,12752278801054	1,7260234375	136,011001586914
1,12838740460575	1,72658715820313	136,110992431641
1,12920126412064	1,72697680664063	136,210998535156
1,13006588071585	1,72717602539063	136,311004638672
1,13087974023074	1,72783837890625	136,410995483398
1,13174435682595	1,72791015625	136,511001586914
1,13255821634084	1,72823962402344	136,610992431641
1,13342283293605	1,72903967285156	136,710998535156
1,13423669245094	1,72946716308594	136,811004638672
1,13505043555051	1,72950805664063	136,910995483398
1,13591516856104	1,72970556640625	137,011001586914
1,13672891166061	1,73033020019531	137,110992431641
1,1375427711755	1,73061682128906	137,210998535156
1,13840738777071	1,73114074707031	137,311004638672
1,1392212472856	1,73124011230469	137,410995483398
1,14003499038517	1,73173510742188	137,511001586914
1,14089960698038	1,73220629882813	137,610992431641
1,14171346649528	1,73241931152344	137,710998535156
1,14252720959485	1,7327900390625	137,811004638672
1,14339194260538	1,73311181640625	137,910995483398
1,14420568570495	1,73350769042969	138,011001586914
1,14507041871548	1,73365246582031	138,110992431641
1,14588416181505	1,73423474121094	138,210998535156
1,14674889482558	1,73471313476563	138,311004638672
1,14756263792515	1,73486474609375	138,410995483398
1,14842737093568	1,73531359863281	138,511001586914
1,14924111403525	1,73570056152344	138,610992431641
1,15010584704578	1,73596020507813	138,710998535156
1,15091959014535	1,73627001953125	138,811004638672
1,15178432315588	1,73666906738281	138,910995483398
1,15259806625545	1,7368779296875	139,011001586914
1,15346279926598	1,7371103515625	139,110992431641
1,15427654236555	1,7373818359375	139,210998535156
1,15509028546512	1,73785949707031	139,311004638672
1,15595490206033	1,73801220703125	139,410995483398
1,15676876157522	1,73835095214844	139,511001586914
1,15758262109011	1,7385693359375	139,610992431641
1,15839636418968	1,73886840820313	139,710998535156
1,15921022370458	1,73893872070313	139,811004638672
1,16002408321947	1,73934252929688	139,910995483398
1,16083782631904	1,73960986328125	140,011001586914
1,16165156941861	1,73974633789063	140,110992431641
1,1624654289335	1,74000793457031	140,210998535156
1,16327917203307	1,74032666015625	140,311004638672
1,1641439050436	1,74050830078125	140,410995483398
1,16495764814317	1,74072509765625	140,511001586914
1,16577150765806	1,74082666015625	140,610992431641
1,16658536717296	1,74100085449219	140,710998535156
1,16744998376817	1,74142175292969	140,811004638672
1,16826384328306	1,74165661621094	140,910995483398
1,16912845987827	1,74182360839844	141,011001586914
1,16994220297784	1,74217736816406	141,110992431641
1,17075594607741	1,74224670410156	141,210998535156
1,17162067908794	1,74257409667969	141,311004638672
1,17248529568315	1,74267846679688	141,410995483398
1,17329915519804	1,74287963867188	141,511001586914
1,17416377179325	1,7431201171875	141,610992431641
1,17502838838845	1,74400720214844	141,710998535156
1,17584224790335	1,74390209960938	141,811004638672
1,17670686449856	1,74422119140625	141,910995483398
1,17757159750909	1,74411669921875	142,011001586914
1,17843633051962	1,74452026367188	142,110992431641
1,17925007361919	1,74470581054688	142,210998535156
1,1801146902144	1,7446337890625	142,311004638672
1,18092854972929	1,74488830566406	142,410995483398
1,18174229282886	1,74558935546875	142,511001586914
1,18260702583939	1,745396484375	142,610992431641
1,18342076893896	1,745330078125	142,710998535156
1,18423462845385	1,74568139648438	142,811004638672
1,18504848796874	1,74569250488281	142,910995483398
1,18591310456395	1,74576477050781	143,011001586914
1,18672696407884	1,74568322753906	143,110992431641
1,18754070717841	1,74585925292969	143,210998535156
1,18835445027798	1,74605310058594	143,311004638672
1,18916830979288	1,74634765625	143,410995483398
1,19003292638808	1,746501953125	143,511001586914
1,19084678590298	1,74657238769531	143,610992431641
1,19171140249819	1,74644299316406	143,710998535156
1,19252526201308	1,74670104980469	143,811004638672
1,19338987860829	1,74690612792969	143,910995483398
1,19420373812318	1,74700036621094	144,011001586914
1,19506835471839	1,74699499511719	144,110992431641
1,1959329713136	1,74744396972656	144,210998535156
1,19674683082849	1,74746569824219	144,311004638672
1,1976114474237	1,74733483886719	144,410995483398
1,19842530693859	1,74756591796875	144,511001586914
1,19923916645348	1,747513671875	144,610992431641
1,20010378304869	1,74746484375	144,710998535156
1,20091764256358	1,74747106933594	144,811004638672
1,20173126924783	1,74768957519531	144,910995483398
1,20254512876272	1,74733288574219	145,011001586914
1,20335898827761	1,74769262695313	145,110992431641
1,20422360487282	1,74734265136719	145,210998535156
1,20503746438771	1,74769323730469	145,311004638672
1,20585120748729	1,74755920410156	145,410995483398
1,20666506700218	1,7476533203125	145,511001586914
1,20747892651707	1,74782312011719	145,610992431641
1,20829255320132	1,7475498046875	145,710998535156
1,20910641271621	1,74766223144531	145,811004638672
1,2099202722311	1,74725366210938	145,910995483398
1,21073401533067	1,74741223144531	146,011001586914
1,21154787484556	1,74773400878906	146,110992431641
1,21241249144077	1,74732385253906	146,210998535156
1,21322635095567	1,74733825683594	146,311004638672
1,21404021047056	1,74769995117188	146,410995483398
1,21490482706577	1,74737536621094	146,511001586914
1,21571857016534	1,74743237304688	146,610992431641
1,21658330317587	1,74729089355469	146,710998535156
1,21744791977108	1,74766833496094	146,811004638672
1,21826166287065	1,74726208496094	146,910995483398
1,21917726937681	1,74734594726563	147,011001586914
1,22004188597202	1,74777990722656	147,110992431641
1,22090661898255	1,74755493164063	147,210998535156
1,22172036208212	1,74752941894531	147,311004638672
1,22258509509265	1,74725305175781	147,410995483398
1,22344971168786	1,74701647949219	147,511001586914
1,22431432828307	1,74729309082031	147,610992431641
1,22512818779796	1,74700427246094	147,710998535156
1,22594204731286	1,74714892578125	147,811004638672
1,22680666390806	1,7468974609375	147,910995483398
1,22762052342296	1,74745092773438	148,011001586914
1,2284341501072	1,74653747558594	148,110992431641
1,22929899953306	1,7465458984375	148,210998535156
1,23011262621731	1,74645043945313	148,311004638672
1,2309264857322	1,74630004882813	148,410995483398
1,23174034524709	1,7460751953125	148,511001586914
1,23255408834666	1,74605151367188	148,610992431641
1,23341882135719	1,74592272949219	148,710998535156
1,23423256445676	1,74567138671875	148,811004638672
1,23504642397165	1,74573059082031	148,910995483398
1,23591104056686	1,74545458984375	149,011001586914
1,23672490008175	1,74508642578125	149,110992431641
1,23753864318132	1,74483239746094	149,210998535156
1,23840337619185	1,74461437988281	149,311004638672
1,23921711929142	1,74455920410156	149,410995483398
1,24008173588663	1,74419177246094	149,511001586914
1,24089559540153	1,74417468261719	149,610992431641
1,24176021199673	1,74406213378906	149,710998535156
1,24257407151163	1,74387194824219	149,811004638672
1,24343868810683	1,74385095214844	149,910995483398
1,24430330470204	1,74357250976563	150,011001586914
1,24511716421694	1,7433662109375	150,110992431641
1,24598178081214	1,74351953125	150,210998535156
1,24679564032704	1,74296936035156	150,311004638672
1,24760949984193	1,74284509277344	150,410995483398
1,24847411643714	1,74276342773438	150,511001586914
1,24923710245639	1,74177954101563	150,610992431641
1,2501017190516	1,74189770507813	150,710998535156
1,25091557856649	1,7414462890625	150,811004638672
1,25172932166606	1,74137890625	150,910995483398
1,25254306476563	1,74119873046875	151,011001586914
1,25335692428052	1,74059899902344	151,110992431641
1,25417078379542	1,74025561523438	151,210998535156
1,25498452689499	1,73996472167969	151,311004638672
1,25579838640988	1,73969213867188	151,410995483398
1,25661212950945	1,73918835449219	151,511001586914
1,25742587260902	1,73884240722656	151,610992431641
1,25829060561955	1,73892858886719	151,710998535156
1,25910434871912	1,73813073730469	151,811004638672
1,25991820823401	1,73803942871094	151,910995483398
1,26078282482922	1,73770849609375	152,011001586914
1,26159668434411	1,73763745117188	152,110992431641
1,26246130093932	1,737216796875	152,210998535156
1,26327516045421	1,73685571289063	152,311004638672
1,26413977704942	1,736580078125	152,410995483398
1,26495363656431	1,73635815429688	152,511001586914
1,26581825315952	1,73608740234375	152,610992431641
1,26668298617005	1,73574963378906	152,710998535156
1,26754760276526	1,73539282226563	152,811004638672
1,26836146228015	1,73544177246094	152,910995483398
1,26922607887536	1,73493432617188	153,011001586914
1,27009069547057	1,73429736328125	153,110992431641
1,27090455498546	1,73461755371094	153,210998535156
1,27176917158067	1,73377001953125	153,311004638672
1,27258303109556	1,73343969726563	153,410995483398
1,27344764769077	1,73324475097656	153,511001586914
1,27426150720567	1,73298657226563	153,610992431641
1,27507536672056	1,73242138671875	153,710998535156
1,27588899340481	1,7318056640625	153,811004638672
1,27675372641534	1,73141052246094	153,910995483398
1,27756746951491	1,73119580078125	154,011001586914
1,2783813290298	1,73050024414063	154,110992431641
1,27924594562501	1,73052380371094	154,210998535156
1,2800598051399	1,7297109375	154,311004638672
1,28087366465479	1,7292919921875	154,410995483398
1,28173828125	1,72911340332031	154,511001586914
1,28255214076489	1,72829565429688	154,610992431641
1,28336588386446	1,72808190917969	154,710998535156
1,28423061687499	1,72746899414063	154,811004638672
1,28504435997456	1,72714416503906	154,910995483398
1,28590909298509	1,7270478515625	155,011001586914
1,2867737095803	1,726275390625	155,110992431641
1,28758756909519	1,72573107910156	155,210998535156
1,2884521856904	1,72536596679688	155,311004638672
1,28931680228561	1,72521984863281	155,410995483398
1,2901306618005	1,7246728515625	155,511001586914
1,29099527839571	1,72397607421875	155,610992431641
1,2918091379106	1,72388012695313	155,710998535156
1,29267375450581	1,72307214355469	155,811004638672
1,29348749760538	1,72248205566406	155,910995483398
1,29435223061591	1,7223212890625	156,011001586914
1,29516597371548	1,72155004882813	156,110992431641
1,29597983323038	1,72142077636719	156,210998535156
1,29679357632995	1,72067138671875	156,311004638672
1,29760743584484	1,719953125	156,410995483398
1,29842129535973	1,71942749023438	156,511001586914
1,2992350384593	1,71889050292969	156,610992431641
1,30004878155887	1,71886975097656	156,710998535156
1,30086264107376	1,71756604003906	156,811004638672
1,30167638417333	1,71690661621094	156,910995483398
1,30249024368823	1,71634057617188	157,011001586914
1,30330410320312	1,71586499023438	157,110992431641
1,30416871979833	1,71534265136719	157,210998535156
1,30498257931322	1,71449719238281	157,311004638672
1,30579632241279	1,71411218261719	157,410995483398
1,30666105542332	1,7136845703125	157,511001586914
1,30747468210757	1,71324279785156	157,610992431641
1,30828854162246	1,71240148925781	157,710998535156
1,30915315821767	1,71143395996094	157,811004638672
1,30996701773256	1,71106726074219	157,910995483398
1,31083163432777	1,71037036132813	158,011001586914
1,3116963673383	1,71002478027344	158,110992431641
1,31256098393351	1,70905554199219	158,210998535156
1,31342571694404	1,7083203125	158,311004638672
1,31429044995457	1,70799377441406	158,410995483398
1,31515506654978	1,70733776855469	158,511001586914
1,31596892606467	1,70702685546875	158,610992431641
1,31683354265988	1,70598474121094	158,710998535156
1,31769815925509	1,70529956054688	158,811004638672
1,31851201876998	1,70461120605469	158,910995483398
1,31932576186955	1,70375427246094	159,011001586914
1,32019037846476	1,70288952636719	159,110992431641
1,32100423797965	1,70210595703125	159,210998535156
1,32181798107922	1,7012666015625	159,311004638672
1,32263184059411	1,70059753417969	159,410995483398
1,32344570010901	1,69982995605469	159,511001586914
1,32431031670421	1,69893505859375	159,610992431641
1,32512417621911	1,69820007324219	159,710998535156
1,32593791931868	1,69756494140625	159,811004638672
1,32675166241825	1,69656872558594	159,910995483398
1,32761627901345	1,69568859863281	160,011001586914
1,32843013852835	1,69475622558594	160,110992431641
1,32929475512356	1,69343103027344	160,210998535156
1,33010861463845	1,69233752441406	160,311004638672
1,33097323123366	1,69118188476563	160,410995483398
1,33178709074855	1,68995141601563	160,511001586914
1,33265170734376	1,68863903808594	160,610992431641
1,33346556685865	1,68739697265625	160,710998535156
1,33433018345386	1,68588549804688	160,811004638672
1,33514404296875	1,68429187011719	160,910995483398
1,33600865956396	1,68282385253906	161,011001586914
1,33687339257449	1,68157006835938	161,110992431641
1,33768713567406	1,68013134765625	161,210998535156
1,33855186868459	1,67849865722656	161,311004638672
1,33936561178416	1,67723815917969	161,410995483398
1,34017947129905	1,67543872070313	161,511001586914
1,34104408789426	1,67361596679688	161,610992431641
1,34185794740915	1,67214343261719	161,710998535156
1,34267180692405	1,67043481445313	161,811004638672
1,34348543360829	1,66869641113281	161,910995483398
1,34429929312319	1,66690356445313	162,011001586914
1,34511315263808	1,66516284179688	162,110992431641
1,34597776923329	1,66306335449219	162,210998535156
1,34679162874818	1,66054760742188	162,311004638672
1,34760537184775	1,65537524414063	162,410995483398
1,34841923136264	1,62871154785156	162,511001586914
1,34928384795785	1,59541186523438	162,610992431641
1,35014858096838	1,55920715332031	162,710998535156
1,35101319756359	1,50505590820313	162,811004638672
1,35325104929507	-0,0577985610961914	162,863998413086
