File Path: D:\Ensayos Víctor\Fase III\Virgen\Canto\Test Run 16 16-05-2019 13 06 45\DAQ- Crosshead; … - (Timed).txt   
Test: ENSAYOS TRACCION PLA 3
Test Run: Test Run 16
Date: 16/05/2019 13:01:56


Crosshead 	Load 	Time 
mm	kN	sec
0,000203450511548908	0,0730608215332031	0,112000003457069
0,000457763661643185	0,0731786575317383	0,211999997496605
0,00086466474158442	0,0730714111328125	0,312000006437302
0,00157674162437615	0,0732292709350586	0,412000000476837
0,00203450508706737	0,0734847183227539	0,512000024318695
0,00244140619543032	0,0733733978271484	0,611999988555908
0,00289916988549521	0,0735958862304688	0,712000012397766
0,00335693357556011	0,0735385360717773	0,811999976634979
0,0039164224290289	0,0738418579101563	0,912000000476837
0,00442504870079574	0,0738472518920898	1,01199996471405
0,00503540059071383	0,0745589447021484	1,11199998855591
0,00574747718928847	0,0750229721069336	1,21200001239777
0,00656127940601436	0,0756383666992188	1,31200003623962
0,00737508162274025	0,0755750350952148	1,41199994087219
0,00818888383946614	0,0759367294311523	1,51199996471405
0,00900268514669733	0,0762091979980469	1,61199998855591
0,00981648736342322	0,0769243774414063	1,71200001239777
0,0106302895801491	0,077407356262207	1,81200003623962
0,0114949543785769	0,0779934768676758	1,91199994087219
0,0123087565953028	0,0785880737304688	2,01200008392334
0,013173420484236	0,0795330810546875	2,11199998855591
0,0139872236104566	0,0800321273803711	2,21199989318848
0,0148518874993897	0,0808219604492188	2,31200003623962
0,0157165522978175	0,0813061370849609	2,41199994087219
0,0165303554240381	0,0818801422119141	2,51200008392334
0,0173950193129713	0,0825565185546875	2,61199998855591
0,0182596832019044	0,0830957565307617	2,71199989318848
0,0191243489098269	0,0836364898681641	2,81200003623962
0,0199890127987601	0,0842034912109375	2,91199994087219
0,0208536785066826	0,0846819381713867	3,01200008392334
0,0217183442146052	0,0855481719970703	3,11199998855591
0,022532143702847	0,0860471496582031	3,21199989318848
0,0233968112297589	0,0863732986450195	3,31200003623962
0,024261475118692	0,0876515502929688	3,41199994087219
0,0250752764259232	0,0879773254394531	3,51200008392334
0,0258890777331544	0,088825569152832	3,61199998855591
0,0267537434410769	0,0897665252685547	3,71199989318848
0,0275675447483081	0,0904866790771484	3,81200003623962
0,0283813478745287	0,091370246887207	3,91199994087219
0,0291951510007493	0,0923239898681641	4,01200008392334
0,0300598148896825	0,0936598281860352	4,11199998855591
0,0308736161969136	0,0951040878295898	4,21199989318848
0,0316874211421236	0,0963766098022461	4,31199979782104
0,0325012224493548	0,0975012893676758	4,41200017929077
0,0333150201186072	0,0987642135620117	4,51200008392334
0,0341288250638172	0,100016639709473	4,61199998855591
0,0349934889527503	0,101376388549805	4,71199989318848
0,0358072938979603	0,102873191833496	4,81199979782104
0,0366719541489147	0,104435874938965	4,91200017929077
0,0374857590941247	0,10540412902832	5,01200008392334
0,0382995604013558	0,106912322998047	5,11199998855591
0,0391642279282678	0,108228286743164	5,21199989318848
0,0399780255975202	0,109337409973145	5,31199979782104
0,0408426931244321	0,111122917175293	5,41200017929077
0,0416564944316633	0,112099792480469	5,51200008392334
0,0424702957388945	0,113002128601074	5,61199998855591
0,0433349596278276	0,114446578979492	5,71199989318848
0,0441487609350588	0,11582154083252	5,81199979782104
0,0450134284619708	0,117009170532227	5,91200017929077
0,0458272297692019	0,118233451843262	6,01200008392334
0,0466918936581351	0,119319305419922	6,11199998855591
0,0475056949653663	0,120333450317383	6,21199989318848
0,0483194999105763	0,122060768127441	6,31199979782104
0,0491333012178075	0,122701240539551	6,41200017929077
0,0499471025250386	0,123771850585938	6,51200008392334
0,0507609074702486	0,12492155456543	6,61199998855591
0,051625567721203	0,125895500183105	6,71199989318848
0,052439372666413	0,126899055480957	6,81199979782104
0,0532531739736442	0,12805680847168	6,91200017929077
0,0540669752808753	0,129057708740234	7,01200008392334
0,0548807802260853	0,130084991455078	7,11199998855591
0,0556945815333165	0,131105133056641	7,21199989318848
0,0565592454222497	0,132077224731445	7,31199979782104
0,0573730467294808	0,133139587402344	7,41200017929077
0,0582377142563928	0,134040954589844	7,51200008392334
0,0591023745073471	0,135086242675781	7,61199998855591
0,0599161794525571	0,136314407348633	7,71199989318848
0,0607808433414903	0,137121978759766	7,81199979782104
0,0615946482867002	0,138390487670898	7,91200017929077
0,0624593085376546	0,139203353881836	8,01200008392334
0,0632731098448858	0,140332794189453	8,11200046539307
0,0641377773717977	0,141561874389648	8,21199989318848
0,0650024448987097	0,142527450561523	8,3120002746582
0,0658162462059408	0,143477416992188	8,41199970245361
0,0666809064568952	0,144629348754883	8,51200008392334
0,0675455739838071	0,145635360717773	8,61200046539307
0,0684102415107191	0,14688981628418	8,71199989318848
0,0692240355419926	0,147763809204102	8,8120002746582
0,0700887103448622	0,148655838012695	8,91199970245361
0,0709025043761358	0,150132766723633	9,01200008392334
0,071716305683367	0,15143083190918	9,11200046539307
0,0725809732102789	0,151863174438477	9,21199989318848
0,0733947745175101	0,153129501342773	9,3120002746582
0,0742085831006989	0,153761337280273	9,41199970245361
0,0750223771319725	0,154869720458984	9,51200008392334
0,0758870446588844	0,15550602722168	9,61200046539307
0,0767008459661156	0,15670524597168	9,71199989318848
0,0775146472733468	0,157422637939453	9,8120002746582
0,0783284558565356	0,158461059570313	9,91199970245361
0,0791931161074899	0,159503829956055	10,0120000839233
0,0800069174147211	0,160234466552734	10,1120004653931
0,0808207187219523	0,161401779174805	10,2119998931885
0,0816853862488642	0,162550872802734	10,3120002746582
0,0824991802801378	0,163559722900391	10,4119997024536
0,0833638550830074	0,164557586669922	10,5120000839233
0,0841776491142809	0,165686340332031	10,6120004653931
0,0850423166411929	0,166632827758789	10,7119998931885
0,0858561179484241	0,167669464111328	10,8120002746582
0,086720785475336	0,168858032226563	10,9119997024536
0,0875854457262903	0,170049392700195	11,0120000839233
0,0883992543094791	0,17095524597168	11,1120004653931
0,0892639145604335	0,172491485595703	11,2119998931885
0,0900777231436223	0,173777008056641	11,3120002746582
0,0909423833945766	0,174809600830078	11,4119997024536
0,0917561847018078	0,176278839111328	11,5120000839233
0,092569986009039	0,177789932250977	11,6120004653931
0,0934346535359509	0,179191802978516	11,7119998931885
0,0942484548431821	0,180730499267578	11,8120002746582
0,0950622561504133	0,181918090820313	11,9119997024536
0,0958760574576445	0,183560104370117	12,0120000839233
0,0966898587648757	0,184827728271484	12,1120004653931
0,0975036600721069	0,186503387451172	12,2119998931885
0,0983174686552957	0,187907669067383	12,3120002746582
0,0991312626865692	0,189354629516602	12,4119997024536
0,099945071269758	0,190960556030273	12,5120000839233
0,100809731520712	0,192445251464844	12,6120004653931
0,101623532827944	0,194003448486328	12,7119998931885
0,102437341411132	0,195534027099609	12,8120002746582
0,103251135442406	0,196863693237305	12,9119997024536
0,104115802969318	0,198150573730469	13,0120000839233
0,104929604276549	0,200106063842773	13,1120004653931
0,105794271803461	0,201773681640625	13,2119998931885
0,106608073110692	0,203150833129883	13,3120002746582
0,107472740637604	0,204713027954102	13,4119997024536
0,108286534668878	0,206339660644531	13,5120000839233
0,109100343252067	0,20765397644043	13,6120004653931
0,109965003503021	0,210082397460938	13,7119998931885
0,110829671029933	0,210899520874023	13,8120002746582
0,111643472337164	0,212756240844727	13,9119997024536
0,112508139864076	0,214135025024414	14,0120000839233
0,11337280011503	0,216060150146484	14,1120004653931
0,114237467641942	0,217839096069336	14,2119998931885
0,115051268949173	0,219742797851563	14,3120002746582
0,115915929200128	0,220811264038086	14,4119997024536
0,116780604002997	0,222429138183594	14,5120000839233
0,117594398034271	0,224039810180664	14,6120004653931
0,11840820661746	0,226055694580078	14,7119998931885
0,119272866868414	0,227416305541992	14,8120002746582
0,120086668175645	0,228976226806641	14,9119997024536
0,120900476758834	0,230741836547852	15,0120000839233
0,121765137009788	0,2322958984375	15,1120004653931
0,122578945592977	0,234082763671875	15,2119998931885
0,123392732348293	0,23525602722168	15,3120002746582
0,124257407151163	0,237252868652344	15,4119997024536
0,125071208458394	0,238836090087891	15,5120000839233
0,125885009765625	0,240314971923828	15,6120004653931
0,126749684568495	0,241752182006836	15,7119998931885
0,127563471323811	0,243382598876953	15,8120002746582
0,128377272631042	0,244995864868164	15,9119997024536
0,129191088490188	0,246814102172852	16,011999130249
0,130055734189227	0,248508773803711	16,1119995117188
0,130869550048374	0,250206771850586	16,2119998931885
0,131734210299328	0,252034210205078	16,3120002746582
0,132548026158474	0,253704788208008	16,4120006561279
0,133412671857513	0,255179260253906	16,511999130249
0,13422648771666	0,257197387695313	16,6119995117188
0,135040289023891	0,258382202148438	16,7119998931885
0,135904949274845	0,260171295166016	16,8120002746582
0,136718750582077	0,262056365966797	16,9120006561279
0,137583425384946	0,263646881103516	17,011999130249
0,138397212140262	0,264970397949219	17,1119995117188
0,139211013447493	0,266650329589844	17,2119998931885
0,140075688250363	0,26822802734375	17,3120002746582
0,140889475005679	0,270054290771484	17,4120006561279
0,141703290864825	0,27143994140625	17,511999130249
0,142517092172056	0,272951080322266	17,6119995117188
0,143330893479288	0,274895721435547	17,7119998931885
0,144144694786519	0,2760419921875	17,8120002746582
0,14495849609375	0,278044281005859	17,9120006561279
0,145772297400981	0,279614501953125	18,011999130249
0,146636957651936	0,281255249023438	18,1119995117188
0,147450758959167	0,282954132080078	18,2119998931885
0,148264574818313	0,284669982910156	18,3120002746582
0,149078376125544	0,286191223144531	18,4120006561279
0,149943036376499	0,288043151855469	18,511999130249
0,15075683768373	0,289666931152344	18,6119995117188
0,151570638990961	0,291394592285156	18,7119998931885
0,152435299241915	0,293209136962891	18,8120002746582
0,153249100549147	0,294703674316406	18,9120006561279
0,154113775352016	0,296369110107422	19,011999130249
0,154927562107332	0,297986999511719	19,1119995117188
0,155792236910202	0,299721130371094	19,2119998931885
0,156606038217433	0,301170318603516	19,3120002746582
0,157470698468387	0,303207153320313	19,4120006561279
0,158335373271257	0,304821166992188	19,511999130249
0,159200033522211	0,306514434814453	19,6119995117188
0,160013834829442	0,308235015869141	19,7119998931885
0,160878495080397	0,309945861816406	19,8120002746582
0,161692310939543	0,311551391601563	19,9120006561279
0,162556956638582	0,313195159912109	20,011999130249
0,163370772497728	0,315405670166016	20,1119995117188
0,164235432748683	0,316662261962891	20,2119998931885
0,165049234055914	0,318390747070313	20,3120002746582
0,165863035363145	0,320146148681641	20,4120006561279
0,166676836670376	0,321948547363281	20,511999130249
0,167490652529523	0,323638946533203	20,6119995117188
0,168355298228562	0,324950561523438	20,7119998931885
0,169169114087708	0,3268154296875	20,8120002746582
0,169982915394939	0,328425842285156	20,9120006561279
0,170796702150255	0,330067352294922	21,011999130249
0,171661376953125	0,331772674560547	21,1119995117188
0,172475178260356	0,333432678222656	21,2119998931885
0,173288979567587	0,335115081787109	21,3120002746582
0,174102780874819	0,33681884765625	21,4120006561279
0,17491658218205	0,338410552978516	21,511999130249
0,175781256984919	0,339955627441406	21,6119995117188
0,176595043740235	0,341958770751953	21,7119998931885
0,177459718543105	0,343639129638672	21,8120002746582
0,178273519850336	0,345595092773438	21,9120006561279
0,179087321157567	0,346969482421875	22,011999130249
0,179951981408522	0,348869140625	22,1119995117188
0,180765797267668	0,350114501953125	22,2119998931885
0,181630442966707	0,352320739746094	22,3120002746582
0,182444258825853	0,353690124511719	22,4120006561279
0,183308919076808	0,355572326660156	22,511999130249
0,184122720384039	0,357274475097656	22,6119995117188
0,184987380634993	0,358902709960938	22,7119998931885
0,18580119649414	0,360601257324219	22,8120002746582
0,186614983249456	0,362433959960938	22,9120006561279
0,187428784556687	0,364026947021484	23,011999130249
0,188242600415833	0,3656044921875	23,1119995117188
0,189107260666788	0,367364227294922	23,2119998931885
0,189921061974019	0,369220733642578	23,3120002746582
0,19073486328125	0,370755920410156	23,4120006561279
0,191548664588481	0,372321319580078	23,511999130249
0,192362465895712	0,373964233398438	23,6119995117188
0,193176267202944	0,375902160644531	23,7119998931885
0,193990068510175	0,377297454833984	23,8120002746582
0,194803884369321	0,3789501953125	23,9120006561279
0,19566853006836	0,380784332275391	24,011999130249
0,196482345927507	0,382596954345703	24,1119995117188
0,197296147234738	0,384184600830078	24,2119998931885
0,198160807485692	0,386030914306641	24,3120002746582
0,198974608792923	0,387320037841797	24,4120006561279
0,199839283595793	0,389387908935547	24,511999130249
0,200703929294832	0,39073681640625	24,6119995117188
0,201517745153978	0,392876220703125	24,7119998931885
0,202382405404933	0,394501708984375	24,8120002746582
0,203247065655887	0,396298980712891	24,9120006561279
0,204060866963118	0,397953430175781	25,011999130249
0,204925541765988	0,399878631591797	25,1119995117188
0,205790202016942	0,401860900878906	25,2119998931885
0,206604003324173	0,403225463867188	25,3120002746582
0,207468678127043	0,405115936279297	25,4120006561279
0,208282464882359	0,406739166259766	25,511999130249
0,209147139685228	0,408791900634766	25,6119995117188
0,20996094099246	0,410329803466797	25,7119998931885
0,210825601243414	0,41201513671875	25,8120002746582
0,211639402550645	0,414042449951172	25,9120006561279
0,212453203857876	0,415305816650391	26,011999130249
0,213267019717023	0,416876739501953	26,1119995117188
0,214131665416062	0,41867041015625	26,2119998931885
0,214945481275208	0,420025939941406	26,3120002746582
0,215759282582439	0,421988220214844	26,4120006561279
0,216573069337755	0,4235009765625	26,511999130249
0,217437744140625	0,425208648681641	26,6119995117188
0,218251545447856	0,427164825439453	26,7119998931885
0,219065346755087	0,428809448242188	26,8120002746582
0,219879148062319	0,430356170654297	26,9120006561279
0,220743822865188	0,432336517333984	27,011999130249
0,221557624172419	0,433860076904297	27,1119995117188
0,222422284423374	0,435521636962891	27,2119998931885
0,223236085730605	0,437563812255859	27,3120002746582
0,224049887037836	0,438881042480469	27,4120006561279
0,22491454728879	0,44068798828125	27,511999130249
0,225728348596022	0,442295776367188	27,6119995117188
0,226593023398891	0,44382470703125	27,7119998931885
0,227406810154207	0,445494262695313	27,8120002746582
0,228271484957077	0,4473984375	27,9120006561279
0,229085286264308	0,44905126953125	28,011999130249
0,229949946515262	0,45078125	28,1119995117188
0,230763747822493	0,452625274658203	28,2119998931885
0,23157756368164	0,454101104736328	28,3120002746582
0,232442209380679	0,455923736572266	28,4120006561279
0,233256025239825	0,457343597412109	28,511999130249
0,234069826547056	0,459061706542969	28,6119995117188
0,234883627854288	0,460761749267578	28,7119998931885
0,235697429161519	0,462484313964844	28,8120002746582
0,23651123046875	0,464162628173828	28,9120006561279
0,237325031775981	0,465994232177734	29,011999130249
0,238138833083212	0,467142791748047	29,1119995117188
0,238952634390444	0,468953216552734	29,2119998931885
0,239766435697675	0,470838531494141	29,3120002746582
0,240580251556821	0,472412902832031	29,4120006561279
0,241394038312137	0,474133056640625	29,511999130249
0,242207839619368	0,475650054931641	29,6119995117188
0,243021655478515	0,477202514648438	29,7119998931885
0,243886301177554	0,4790029296875	29,8120002746582
0,2447001170367	0,480566955566406	29,9120006561279
0,245564762735739	0,482330474853516	30,011999130249
0,246378593146801	0,48394873046875	30,1119995117188
0,247192394454032	0,485718475341797	30,2119998931885
0,248057040153071	0,487404571533203	30,3120002746582
0,248870841460302	0,489211547851563	30,4120006561279
0,249735516263172	0,490742309570313	30,511999130249
0,250549317570403	0,492469940185547	30,6119995117188
0,251413963269442	0,494290740966797	30,7119998931885
0,252278667176142	0,495895355224609	30,8120002746582
0,253092439379543	0,497745513916016	30,9120006561279
0,253957114182413	0,49943017578125	31,011999130249
0,254770915489644	0,501071502685547	31,1119995117188
0,255635590292513	0,502902587890625	31,2119998931885
0,256449362495914	0,504608642578125	31,3120002746582
0,257314066402614	0,505903564453125	31,4120006561279
0,258127838606015	0,507807464599609	31,511999130249
0,258941639913246	0,509537780761719	31,6119995117188
0,259755470324308	0,511215179443359	31,7119998931885
0,260620116023347	0,512869384765625	31,8120002746582
0,261433917330578	0,514397277832031	31,9120006561279
0,262247718637809	0,516256469726563	32,0120010375977
0,26306151994504	0,517972778320313	32,1119995117188
0,263926165644079	0,519638977050781	32,2120018005371
0,264739996055141	0,521180480957031	32,3120002746582
0,265553797362372	0,52304150390625	32,4119987487793
0,266367598669603	0,524728454589844	32,5120010375977
0,267232273472473	0,52621923828125	32,6119995117188
0,268046045675874	0,52798828125	32,7120018005371
0,268910749582574	0,529567504882813	32,8120002746582
0,269724521785975	0,531290222167969	32,9119987487793
0,270589196588844	0,533296020507813	33,0120010375977
0,271402997896075	0,534739562988281	33,1119995117188
0,272267672698945	0,536331298828125	33,2120018005371
0,273132318397984	0,538255493164063	33,3120002746582
0,273946148809046	0,539889404296875	33,4119987487793
0,274810794508085	0,541373352050781	33,5120010375977
0,275624595815316	0,543314086914063	33,6119995117188
0,276489270618185	0,544875671386719	33,7120018005371
0,277303071925417	0,546637573242188	33,8120002746582
0,278167717624456	0,548086242675781	33,9119987487793
0,278981548035517	0,550372192382813	34,0120010375977
0,279795320238918	0,551702453613281	34,1119995117188
0,280609121546149	0,553596130371094	34,2120018005371
0,281422951957211	0,555180725097656	34,3120002746582
0,282236724160612	0,557093078613281	34,4119987487793
0,283050525467843	0,558308654785156	34,5120010375977
0,283864355878904	0,55982275390625	34,6119995117188
0,284678128082305	0,5617841796875	34,7120018005371
0,285491929389536	0,563477722167969	34,8120002746582
0,286305759800598	0,564766906738281	34,9119987487793
0,287119532003999	0,566685668945313	35,0120010375977
0,28793336241506	0,568488586425781	35,1119995117188
0,2887980081141	0,569996459960938	35,2120018005371
0,289611809421331	0,571565002441406	35,3120002746582
0,290425639832392	0,573286071777344	35,4119987487793
0,291290285531431	0,574974914550781	35,5120010375977
0,292104086838663	0,57638232421875	35,6119995117188
0,292968761641532	0,578301635742188	35,7120018005371
0,293782562948763	0,580214599609375	35,8120002746582
0,294596335152164	0,581878051757813	35,9119987487793
0,295461039058864	0,583396362304688	36,0120010375977
0,296325684757903	0,585302978515625	36,1119995117188
0,297139486065134	0,586870544433594	36,2120018005371
0,298004160868004	0,588471557617188	36,3120002746582
0,298868806567043	0,590250732421875	36,4119987487793
0,299733481369913	0,592047729492188	36,5120010375977
0,300547282677144	0,593706787109375	36,6119995117188
0,301411957480013	0,595349365234375	36,7120018005371
0,302225729683414	0,596930969238281	36,8120002746582
0,303090433590114	0,598589660644531	36,9119987487793
0,303904205793515	0,600449340820313	37,0120010375977
0,304718007100746	0,6019287109375	37,1119995117188
0,305582681903616	0,603569885253906	37,2120018005371
0,306396483210847	0,60541162109375	37,3120002746582
0,307210284518078	0,60705224609375	37,4119987487793
0,308024085825309	0,608528869628906	37,5120010375977
0,30883788713254	0,610182983398438	37,6119995117188
0,309702532831579	0,611667785644531	37,7120018005371
0,310516363242641	0,613688720703125	37,8120002746582
0,311330164549872	0,615190856933594	37,9119987487793
0,312143965857103	0,616818908691406	38,0120010375977
0,313008640659973	0,61877734375	38,1119995117188
0,313822412863374	0,619899597167969	38,2120018005371
0,314636243274435	0,621737976074219	38,3120002746582
0,315500888973475	0,623298400878906	38,4119987487793
0,316314690280706	0,625151062011719	38,5120010375977
0,317179365083575	0,626458374023438	38,6119995117188
0,317993166390806	0,62860546875	38,7120018005371
0,318857812089846	0,629875671386719	38,8120002746582
0,319671642500907	0,631734130859375	38,9119987487793
0,320536288199946	0,633343994140625	39,0120010375977
0,321350089507177	0,63517724609375	39,1119995117188
0,322163919918239	0,636593139648438	39,2120018005371
0,323028565617278	0,6385888671875	39,3120002746582
0,323842366924509	0,639839416503906	39,4119987487793
0,324656168231741	0,641581115722656	39,5120010375977
0,32552084303461	0,643316833496094	39,6119995117188
0,326334615238011	0,644661193847656	39,7120018005371
0,327148445649073	0,646411193847656	39,8120002746582
0,327962246956304	0,647882995605469	39,9119987487793
0,328776019159704	0,649781677246094	40,0120010375977
0,329589849570766	0,651404602050781	40,1119995117188
0,330403650877997	0,652609558105469	40,2120018005371
0,331217452185228	0,654223999023438	40,3120002746582
0,33203125349246	0,65589599609375	40,4119987487793
0,332845054799691	0,65762939453125	40,5120010375977
0,333658856106922	0,659438171386719	40,6119995117188
0,334472657414153	0,661189514160156	40,7120018005371
0,335337303113192	0,662788940429688	40,8120002746582
0,336151133524254	0,664234252929688	40,9119987487793
0,336964934831485	0,665764770507813	41,0120010375977
0,337829580530524	0,667307678222656	41,1119995117188
0,338643410941586	0,669241394042969	41,2120018005371
0,339457183144987	0,6712451171875	41,3120002746582
0,340321857947856	0,672566650390625	41,4119987487793
0,341135659255087	0,674285461425781	41,5120010375977
0,342000334057957	0,675728088378906	41,6119995117188
0,342814106261358	0,677376159667969	41,7120018005371
0,343678810168058	0,6791728515625	41,8120002746582
0,344543455867097	0,680798522949219	41,9119987487793
0,345357257174328	0,682574645996094	42,0120010375977
0,346221931977198	0,684041870117188	42,1119995117188
0,347086577676237	0,685765869140625	42,2120018005371
0,347900378983468	0,687193542480469	42,3120002746582
0,348765053786337	0,689091369628906	42,4119987487793
0,349578855093569	0,690801208496094	42,5120010375977
0,350443500792608	0,692409301757813	42,6119995117188
0,351257331203669	0,693994750976563	42,7120018005371
0,352071132510901	0,695618347167969	42,8120002746582
0,352884904714301	0,696966552734375	42,9119987487793
0,353698735125363	0,699222961425781	43,0120010375977
0,354563380824402	0,700514526367188	43,1119995117188
0,355377211235464	0,702057861328125	43,2120018005371
0,356191012542695	0,703587829589844	43,3120002746582
0,357004784746096	0,705292236328125	43,4119987487793
0,357869488652796	0,706892700195313	43,5120010375977
0,358683260856196	0,708390319824219	43,6119995117188
0,359497062163427	0,710130493164063	43,7120018005371
0,360361736966297	0,711961791992188	43,8120002746582
0,361175538273528	0,713601501464844	43,9119987487793
0,361989339580759	0,715208068847656	44,0120010375977
0,362854014383629	0,716736267089844	44,1119995117188
0,36366781569086	0,718438415527344	44,2120018005371
0,364532461389899	0,719974609375	44,3120002746582
0,365346291800961	0,721770324707031	44,4119987487793
0,3662109375	0,723161376953125	44,5120010375977
0,367024738807231	0,724955139160156	44,6119995117188
0,367838540114462	0,726390686035156	44,7120018005371
0,368703214917332	0,728148681640625	44,8120002746582
0,369516987120733	0,729734130859375	44,9119987487793
0,370330817531794	0,730903198242188	45,0120010375977
0,371195463230833	0,732758361816406	45,1119995117188
0,372009264538065	0,734309997558594	45,2120018005371
0,372823094949126	0,735908996582031	45,3120002746582
0,373636867152527	0,737244689941406	45,4119987487793
0,374450697563589	0,739013732910156	45,5120010375977
0,37526449887082	0,740724548339844	45,6119995117188
0,376078271074221	0,742596435546875	45,7120018005371
0,376892101485282	0,744030822753906	45,8120002746582
0,377705902792513	0,745132080078125	45,9119987487793
0,378519674995914	0,746680053710938	46,0120010375977
0,379333505406976	0,748826354980469	46,1119995117188
0,380147306714207	0,749966735839844	46,2120018005371
0,380961078917608	0,752054504394531	46,3120002746582
0,381774909328669	0,753516784667969	46,4119987487793
0,382639555027708	0,755066101074219	46,5120010375977
0,38345335633494	0,756384094238281	46,6119995117188
0,384318031137809	0,758197143554688	46,7120018005371
0,38513183244504	0,759746704101563	46,8120002746582
0,385945633752272	0,761195739746094	46,9119987487793
0,386810308555141	0,763053405761719	47,0120010375977
0,387624109862372	0,764825988769531	47,1119995117188
0,388488755561411	0,766383178710938	47,2120018005371
0,389353430364281	0,767851989746094	47,3120002746582
0,390167231671512	0,769437072753906	47,4119987487793
0,391031877370551	0,771188293457031	47,5120010375977
0,391896581277251	0,772699890136719	47,6119995117188
0,39276122697629	0,774828369140625	47,7120018005371
0,393625872675329	0,776581665039063	47,8120002746582
0,394439703086391	0,777506225585938	47,9119987487793
0,39530434878543	0,779390686035156	48,0120010375977
0,396118150092661	0,781209045410156	48,1119995117188
0,396931980503723	0,78240576171875	48,2120018005371
0,397745752707124	0,784240844726563	48,3120002746582
0,398610456613824	0,785510498046875	48,4119987487793
0,399424228817225	0,787069946289063	48,5120010375977
0,400238030124456	0,788814392089844	48,6119995117188
0,401051860535517	0,79084716796875	48,7120018005371
0,401865632738918	0,791910583496094	48,8120002746582
0,402679434046149	0,793561706542969	48,9119987487793
0,403544108849019	0,795411193847656	49,0120010375977
0,40435791015625	0,796761779785156	49,1119995117188
0,405171711463481	0,798453918457031	49,2120018005371
0,405985512770712	0,799661010742188	49,3120002746582
0,406850187573582	0,801637023925781	49,4119987487793
0,407663959776983	0,803031860351563	49,5120010375977
0,408528663683683	0,804632568359375	49,6119995117188
0,409342435887083	0,806484802246094	49,7120018005371
0,410207110689953	0,808334411621094	49,8120002746582
0,411020911997184	0,809468872070313	49,9119987487793
0,411885586800054	0,811166259765625	50,0120010375977
0,412699359003454	0,812848815917969	50,1119995117188
0,413564062910154	0,8142353515625	50,2120018005371
0,414377835113555	0,815917724609375	50,3120002746582
0,415242509916425	0,817436767578125	50,4119987487793
0,416056311223656	0,819205078125	50,5120010375977
0,416920986026526	0,820987670898438	50,6119995117188
0,417734758229926	0,822322631835938	50,7120018005371
0,418548588640988	0,823856750488281	50,8120002746582
0,419362389948219	0,825476501464844	50,9119987487793
0,42017619125545	0,8268759765625	51,0120010375977
0,420989992562681	0,828355041503906	51,1119995117188
0,421803793869913	0,829737854003906	51,2120018005371
0,422617595177144	0,831298461914063	51,3120002746582
0,423431396484375	0,832874572753906	51,4119987487793
0,424245197791606	0,834477172851563	51,5120010375977
0,425008154707029	0,835906555175781	51,6119995117188
0,42582192691043	0,838093017578125	51,7120018005371
0,4266866017133	0,838969848632813	51,8120002746582
0,427500403020531	0,840562194824219	51,9119987487793
0,428314204327762	0,842141967773438	52,0120010375977
0,429128034738824	0,844282470703125	52,1119995117188
0,429992680437863	0,845348266601563	52,2120018005371
0,430806481745094	0,846929870605469	52,3120002746582
0,431671156547964	0,848530639648438	52,4119987487793
0,432484957855195	0,850111999511719	52,5120010375977
0,433349603554234	0,851689147949219	52,6119995117188
0,434163433965296	0,853319274902344	52,7120018005371
0,435028079664335	0,854819030761719	52,8120002746582
0,435892725363374	0,856496215820313	52,9119987487793
0,436757429270074	0,858367431640625	53,0120010375977
0,437622074969113	0,8597978515625	53,1119995117188
0,438435876276344	0,861288330078125	53,2120018005371
0,439300551079214	0,862937133789063	53,3120002746582
0,440114352386445	0,864504028320313	53,4119987487793
0,440978998085484	0,866001586914063	53,5120010375977
0,441792828496546	0,867468872070313	53,6119995117188
0,442606600699946	0,869082824707031	53,7120018005371
0,443471275502816	0,870608276367188	53,8120002746582
0,444285076810047	0,872073974609375	53,9119987487793
0,445098878117278	0,874324401855469	54,0120010375977
0,445912679424509	0,875268249511719	54,1119995117188
0,446726480731741	0,876978820800781	54,2120018005371
0,447540282038972	0,878436645507813	54,3120002746582
0,448354083346203	0,879947570800781	54,4119987487793
0,449218758149073	0,881513916015625	54,5120010375977
0,450032559456304	0,882786987304688	54,6119995117188
0,450846331659704	0,884483642578125	54,7120018005371
0,451660162070766	0,886094055175781	54,8120002746582
0,452524807769805	0,887646667480469	54,9119987487793
0,453338609077036	0,888908508300781	55,0120010375977
0,454152439488098	0,890453430175781	55,1119995117188
0,454966211691499	0,892286743164063	55,2120018005371
0,455830915598199	0,893808959960938	55,3120002746582
0,4566446878016	0,89535693359375	55,4119987487793
0,457509362604469	0,896679016113281	55,5120010375977
0,4583231639117	0,898503967285156	55,6119995117188
0,45918783871457	0,899866027832031	55,7120018005371
0,460001610917971	0,901543518066406	55,8120002746582
0,460866314824671	0,903133850097656	55,9119987487793
0,461680087028071	0,904572082519531	56,0120010375977
0,462544761830941	0,906023864746094	56,1119995117188
0,463358563138172	0,907742248535156	56,2120018005371
0,464172364445403	0,9093330078125	56,3120002746582
0,464986165752634	0,9107763671875	56,4119987487793
0,465799967059866	0,9123125	56,5120010375977
0,466613768367097	0,913764221191406	56,6119995117188
0,467427569674328	0,915259643554688	56,7120018005371
0,468241370981559	0,916750915527344	56,8120002746582
0,46905517228879	0,918276184082031	56,9119987487793
0,469868973596022	0,919674682617188	57,0120010375977
0,470682774903253	0,921450744628906	57,1119995117188
0,471547449706122	0,922745361328125	57,2120018005371
0,472361251013353	0,924282775878906	57,3120002746582
0,473175052320585	0,925725891113281	57,4119987487793
0,473988853627816	0,927330932617188	57,5120010375977
0,474853528430685	0,929030151367188	57,6119995117188
0,475667329737917	0,930429565429688	57,7120018005371
0,476481101941317	0,9319609375	57,8120002746582
0,477345805848017	0,933308288574219	57,9119987487793
0,478159578051418	0,935038024902344	58,0120010375977
0,479024252854288	0,936362365722656	58,1119995117188
0,479838054161519	0,937921325683594	58,2120018005371
0,480702728964388	0,939661987304688	58,3120002746582
0,481567374663427	0,941151977539063	58,4119987487793
0,482381205074489	0,942519714355469	58,5120010375977
0,483245850773528	0,944354614257813	58,6119995117188
0,484110496472567	0,94579541015625	58,7120018005371
0,484924326883629	0,947296081542969	58,8120002746582
0,485788972582668	0,948779724121094	58,9119987487793
0,486653647385538	0,950432800292969	59,0120010375977
0,487467448692769	0,951868835449219	59,1119995117188
0,48828125	0,9534248046875	59,2120018005371
0,48914592480287	0,954985412597656	59,3120002746582
0,489959726110101	0,956441284179688	59,4119987487793
0,490773527417332	0,957944763183594	59,5120010375977
0,491587328724563	0,959586853027344	59,6119995117188
0,492401130031794	0,960900634765625	59,7120018005371
0,493214931339026	0,962840454101563	59,8120002746582
0,494079606141895	0,963966552734375	59,9119987487793
0,494893407449126	0,9653876953125	60,0120010375977
0,495707208756357	0,966895629882813	60,1119995117188
0,496521010063589	0,968420104980469	60,2120018005371
0,49733481137082	0,969804077148438	60,3120002746582
0,498199486173689	0,971846435546875	60,4119987487793
0,499013287480921	0,97299951171875	60,5120010375977
0,499827030580491	0,9745068359375	60,6119995117188
0,50069170538336	0,975980895996094	60,7120018005371
0,501505564898252	0,977563049316406	60,8120002746582
0,502370181493461	0,978874572753906	60,9119987487793
0,503184041008353	0,980470886230469	61,0120010375977
0,504048657603562	0,982202270507813	61,1119995117188
0,504862458910793	0,983722351074219	61,2120018005371
0,505727133713663	0,985246520996094	61,3120002746582
0,506591808516532	0,98666552734375	61,4119987487793
0,507405551616102	0,988269958496094	61,5120010375977
0,508270284626633	0,989772277832031	61,6119995117188
0,509084027726203	0,991171997070313	61,7120018005371
0,509948702529073	0,993273681640625	61,8120002746582
0,510762503836304	0,994338989257813	61,9119987487793
0,511576363351196	0,995740600585938	62,0120010375977
0,512390164658427	0,997223815917969	62,1119995117188
0,513203907757998	0,998876098632813	62,2120018005371
0,51401776727289	1,00003070068359	62,3120002746582
0,514831568580121	1,00147991943359	62,4119987487793
0,515645311679691	1,00307116699219	62,5120010375977
0,516459171194583	1,00445513916016	62,6119995117188
0,517272972501814	1,00598675537109	62,7120018005371
0,518086715601385	1,00752026367188	62,8120002746582
0,518900575116277	1,00865643310547	62,9119987487793
0,519714376423508	1,01006488037109	63,0120010375977
0,520528119523078	1,01142889404297	63,1119995117188
0,521392794325948	1,01314617919922	63,2120018005371
0,522206595633179	1,01489465332031	63,3120002746582
0,523020455148071	1,01603607177734	63,4119987487793
0,52388507174328	1,01740301513672	63,5120010375977
0,524698931258172	1,01921411132813	63,6119995117188
0,525512674357742	1,02055084228516	63,7120018005371
0,526377407368273	1,02212396240234	63,8120002746582
0,527191150467843	1,02361145019531	63,9119987487793
0,528055825270712	1,02520690917969	64,0120010375977
0,528920500073582	1,02682214355469	64,1119995117188
0,529734301380813	1,02797827148438	64,2119979858398
0,530598917976022	1,02978662109375	64,3119964599609
0,531463650986552	1,03119470214844	64,4120025634766
0,532277394086123	1,03247937011719	64,5120010375977
0,533142068888992	1,034150390625	64,6119995117188
0,533955870196223	1,03576879882813	64,7119979858398
0,534820544999093	1,03705847167969	64,8119964599609
0,535634346306324	1,03870654296875	64,9120025634766
0,536499021109194	1,04060168457031	65,0120010375977
0,537312822416425	1,04145971679688	65,1119995117188
0,538126623723656	1,0429560546875	65,2119979858398
0,538940425030887	1,04444482421875	65,3119964599609
0,539754226338118	1,04587316894531	65,4120025634766
0,54056802764535	1,04750854492188	65,5120010375977
0,541432702448219	1,04877697753906	65,6119995117188
0,54224650375545	1,05006799316406	65,7119979858398
0,543060305062681	1,05193920898438	65,8119964599609
0,543874106369913	1,0530263671875	65,9120025634766
0,544738781172782	1,05463745117188	66,0120010375977
0,545552524272352	1,05635314941406	66,1119995117188
0,546417257282883	1,05769934082031	66,2119979858398
0,547231000382453	1,05914831542969	66,3119964599609
0,548095675185323	1,06069567871094	66,4120025634766
0,548909476492554	1,06194592285156	66,5120010375977
0,549774151295424	1,06321154785156	66,6119995117188
0,550587952602655	1,0654990234375	66,7119979858398
0,551452627405524	1,06656872558594	66,8119964599609
0,552266428712755	1,06784716796875	66,9120025634766
0,553131103515625	1,06943505859375	67,0120010375977
0,553944904822856	1,07072729492188	67,1119995117188
0,554809579625726	1,07262255859375	67,2119979858398
0,555623380932957	1,07373669433594	67,3119964599609
0,556437182240188	1,07530432128906	67,4120025634766
0,557250983547419	1,07639318847656	67,5120010375977
0,558115658350289	1,07827404785156	67,6119995117188
0,55892945965752	1,079611328125	67,7119979858398
0,55974320275709	1,08079772949219	67,8119964599609
0,560557062271982	1,08238391113281	67,9120025634766
0,561370863579214	1,08363928222656	68,0120010375977
0,562184606678784	1,08510290527344	68,1119995117188
0,562998466193676	1,08638024902344	68,2119979858398
0,563812267500907	1,08796313476563	68,3119964599609
0,564626010600477	1,08937182617188	68,4120025634766
0,56543987011537	1,09078100585938	68,5120010375977
0,566253671422601	1,09206005859375	68,6119995117188
0,56711834622547	1,09350622558594	68,7119979858398
0,567932147532701	1,09507824707031	68,8119964599609
0,568745890632272	1,09643444824219	68,9120025634766
0,569610623642802	1,09789025878906	69,0120010375977
0,570424366742373	1,09937060546875	69,1119995117188
0,571289041545242	1,10077453613281	69,2119979858398
0,572102842852473	1,10240087890625	69,3119964599609
0,572967517655343	1,10376489257813	69,4120025634766
0,573781318962574	1,1052763671875	69,5120010375977
0,574645993765444	1,10669750976563	69,6119995117188
0,575459795072675	1,10845495605469	69,7119979858398
0,576324469875544	1,1097607421875	69,8119964599609
0,577189144678414	1,1109658203125	69,9120025634766
0,578053761273623	1,11323779296875	70,0120010375977
0,578867620788515	1,11390905761719	70,1119995117188
0,579681422095746	1,1153056640625	70,2119979858398
0,580546096898615	1,11697766113281	70,3119964599609
0,581359839998186	1,11845520019531	70,4120025634766
0,582173641305417	1,11984814453125	70,5120010375977
0,583038316108286	1,12106799316406	70,6119995117188
0,583852117415518	1,12243078613281	70,7119979858398
0,58466597693041	1,12395483398438	70,8119964599609
0,585530593525618	1,12523645019531	70,9120025634766
0,58634439483285	1,12664916992188	71,0120010375977
0,587158196140081	1,12788696289063	71,1119995117188
0,587971997447312	1,129515625	71,2119979858398
0,588836672250181	1,13082885742188	71,3119964599609
0,589650473557413	1,13232421875	71,4120025634766
0,590515148360282	1,13379125976563	71,5120010375977
0,591328891459852	1,13504772949219	71,6119995117188
0,592142750974745	1,13656079101563	71,7119979858398
0,593007367569953	1,1378359375	71,8119964599609
0,593821227084845	1,13925463867188	71,9120025634766
0,594685843680054	1,14081652832031	72,0120010375977
0,595499703194946	1,14219665527344	72,1119995117188
0,596313504502177	1,14376501464844	72,2119979858398
0,597178179305047	1,14517077636719	72,3119964599609
0,597991922404617	1,14645629882813	72,4120025634766
0,598856655415148	1,14794226074219	72,5120010375977
0,599721272010356	1,14950598144531	72,6119995117188
0,600535073317587	1,15081567382813	72,7119979858398
0,601399748120457	1,15238024902344	72,8119964599609
0,602213549427688	1,15375305175781	72,9120025634766
0,603027350734919	1,15511047363281	73,0120010375977
0,603841152042151	1,1563916015625	73,1119995117188
0,604654953349382	1,1578701171875	73,2119979858398
0,605468754656613	1,15899267578125	73,3119964599609
0,606282555963844	1,16038879394531	73,4120025634766
0,607096357271075	1,16175537109375	73,5120010375977
0,607910158578306	1,16321166992188	73,6119995117188
0,608723959885538	1,16456396484375	73,7119979858398
0,609537761192769	1,16596203613281	73,8119964599609
0,610402377787977	1,16721789550781	73,9120025634766
0,61121623730287	1,16871447753906	74,0120010375977
0,612030038610101	1,16991394042969	74,1119995117188
0,612843839917332	1,17126281738281	74,2119979858398
0,613708514720201	1,17248498535156	74,3119964599609
0,614522257819772	1,17381640625	74,4120025634766
0,615336117334664	1,17571179199219	74,5120010375977
0,616200733929873	1,17675146484375	74,6119995117188
0,617014593444765	1,17843969726563	74,7119979858398
0,617828394751996	1,17951086425781	74,8119964599609
0,618693069554865	1,18098767089844	74,9120025634766
0,619506812654436	1,18267053222656	75,0120010375977
0,620371545664966	1,18400805664063	75,1119995117188
0,621236162260175	1,1853212890625	75,2119979858398
0,622049963567406	1,18677661132813	75,3119964599609
0,622914638370276	1,18810119628906	75,4120025634766
0,623779313173145	1,18956896972656	75,5120010375977
0,624643987976015	1,19108178710938	75,6119995117188
0,625508604571223	1,19238671875	75,7119979858398
0,626322464086115	1,19379125976563	75,8119964599609
0,627136207185686	1,19503601074219	75,9120025634766
0,628000940196216	1,19644091796875	76,0120010375977
0,628814683295786	1,19763220214844	76,1119995117188
0,629628484603018	1,19906274414063	76,2119979858398
0,63044234411791	1,20053271484375	76,3119964599609
0,631306960713118	1,20185119628906	76,4120025634766
0,63212076202035	1,20293725585938	76,5120010375977
0,632934563327581	1,20452453613281	76,6119995117188
0,633748364634812	1,20616125488281	76,7119979858398
0,634562165942043	1,20717651367188	76,8119964599609
0,635426840744913	1,20872680664063	76,9120025634766
0,636240642052144	1,20987756347656	77,0120010375977
0,637054443359375	1,21124938964844	77,1119995117188
0,637868244666606	1,21277294921875	77,2119979858398
0,638732919469476	1,21390881347656	77,3119964599609
0,639546720776707	1,21553283691406	77,4120025634766
0,640360522083938	1,21678930664063	77,5120010375977
0,641225138679147	1,21808837890625	77,6119995117188
0,642038998194039	1,21960717773438	77,7119979858398
0,642903614789248	1,22095629882813	77,8119964599609
0,64371747430414	1,22237707519531	77,9120025634766
0,644582090899348	1,22355993652344	78,0120010375977
0,64539595041424	1,22504992675781	78,1119995117188
0,646209693513811	1,22633190917969	78,2119979858398
0,647074426524341	1,22747607421875	78,3119964599609
0,647888169623911	1,22898010253906	78,4120025634766
0,648701970931143	1,23020373535156	78,5120010375977
0,649566645734012	1,23160473632813	78,6119995117188
0,650380447041243	1,23292248535156	78,7119979858398
0,651194248348475	1,23416918945313	78,8119964599609
0,652008049655706	1,2356796875	78,9120025634766
0,652821850962937	1,23700927734375	79,0120010375977
0,653635652270168	1,23813977050781	79,1119995117188
0,654449453577399	1,23944958496094	79,2119979858398
0,65526325488463	1,24068530273438	79,3119964599609
0,656077114399523	1,24193884277344	79,4120025634766
0,656890857499093	1,24328454589844	79,5120010375977
0,657704658806324	1,24449243164063	79,6119995117188
0,658518518321216	1,24613854980469	79,7119979858398
0,659383134916425	1,24722546386719	79,8119964599609
0,660196936223656	1,24855090332031	79,9120025634766
0,661010737530887	1,25006311035156	80,0120010375977
0,661824538838118	1,25138720703125	80,1119995117188
0,662689213640988	1,25276123046875	80,2119979858398
0,663503014948219	1,25398400878906	80,3119964599609
0,664367689751089	1,25534558105469	80,4120025634766
0,665181432850659	1,25697448730469	80,5120010375977
0,666046165861189	1,25789465332031	80,6119995117188
0,66685990896076	1,25942822265625	80,7119979858398
0,667724583763629	1,26075646972656	80,8119964599609
0,66858931677416	1,262138671875	80,9120025634766
0,669453933369368	1,26359924316406	81,0120010375977
0,670318608172238	1,26494323730469	81,1119995117188
0,671132409479469	1,26624401855469	81,2119979858398
0,671997084282339	1,26745007324219	81,3119964599609
0,672810827381909	1,26885888671875	81,4120025634766
0,673675560392439	1,27026354980469	81,5120010375977
0,67448930349201	1,27152648925781	81,6119995117188
0,675303163006902	1,27273449707031	81,7119979858398
0,676116964314133	1,27411108398438	81,8119964599609
0,676981639117002	1,27527905273438	81,9120025634766
0,677795382216573	1,27669702148438	82,0120010375977
0,678609183523804	1,27795568847656	82,1119995117188
0,679423043038696	1,27930541992188	82,2119979858398
0,680236844345927	1,28039184570313	82,3119964599609
0,681101519148797	1,28177770996094	82,4120025634766
0,681915262248367	1,28309313964844	82,5120010375977
0,682729063555598	1,28439416503906	82,6119995117188
0,683593738358468	1,28573425292969	82,7119979858398
0,684407539665699	1,28695593261719	82,8119964599609
0,685221399180591	1,28841381835938	82,9120025634766
0,6860860157758	1,28965759277344	83,0120010375977
0,686899817083031	1,29104760742188	83,1119995117188
0,687713618390262	1,29224084472656	83,2119979858398
0,688578293193132	1,29372937011719	83,3119964599609
0,689392094500363	1,294943359375	83,4120025634766
0,690256769303232	1,29611791992188	83,5120010375977
0,691121385898441	1,29751794433594	83,6119995117188
0,691935245413333	1,29886645507813	83,7119979858398
0,692799862008542	1,30027355957031	83,8119964599609
0,693613721523434	1,3014716796875	83,9120025634766
0,694478338118643	1,30268225097656	84,0120010375977
0,695292197633535	1,30403234863281	84,1119995117188
0,696105940733105	1,30520971679688	84,2119979858398
0,696919742040336	1,30658154296875	84,3119964599609
0,697733601555228	1,30788916015625	84,4120025634766
0,698547344654799	1,30914721679688	84,5120010375977
0,69936114596203	1,31041247558594	84,6119995117188
0,700175005476922	1,31164245605469	84,7119979858398
0,700988748576492	1,31296960449219	84,8119964599609
0,701802549883723	1,31400817871094	84,9120025634766
0,702616409398615	1,31554711914063	85,0120010375977
0,703430152498186	1,31676416015625	85,1119995117188
0,704243953805417	1,3179775390625	85,2119979858398
0,705108628608286	1,31937622070313	85,3119964599609
0,705922429915518	1,320453125	85,4120025634766
0,70673628943041	1,32171423339844	85,5120010375977
0,70755003252998	1,32301879882813	85,6119995117188
0,708363833837211	1,32449401855469	85,7119979858398
0,709228508640081	1,32554956054688	85,8119964599609
0,710042309947312	1,32682360839844	85,9120025634766
0,710906984750181	1,3282275390625	86,0120010375977
0,711771659553051	1,32944567871094	86,1119995117188
0,712585460860282	1,33071752929688	86,2119979858398
0,713450135663152	1,33191125488281	86,3119964599609
0,714263936970383	1,33339624023438	86,4120025634766
0,715128611773252	1,33462805175781	86,5120010375977
0,715993228368461	1,33605554199219	86,6119995117188
0,716857903171331	1,33723486328125	86,7119979858398
0,717671704478562	1,33862963867188	86,8119964599609
0,718536379281431	1,33992541503906	86,9120025634766
0,719350180588663	1,34117016601563	87,0120010375977
0,720214855391532	1,34241516113281	87,1119995117188
0,721028598491102	1,34385278320313	87,2119979858398
0,721842458005995	1,3451533203125	87,3119964599609
0,722707074601203	1,34629370117188	87,4120025634766
0,723520934116095	1,34758337402344	87,5120010375977
0,724334735423326	1,3488974609375	87,6119995117188
0,725148478522897	1,35006335449219	87,7119979858398
0,725962338037789	1,35122375488281	87,8119964599609
0,72677613934502	1,35254504394531	87,9120025634766
0,72764081414789	1,35383044433594	88,0120010375977
0,728454615455121	1,35497253417969	88,1119995117188
0,729268358554691	1,35623449707031	88,2119979858398
0,730133033357561	1,35760070800781	88,3119964599609
0,730946834664792	1,35871154785156	88,4120025634766
0,731760694179684	1,36003466796875	88,5120010375977
0,732625310774893	1,36136779785156	88,6119995117188
0,733439170289785	1,36261535644531	88,7119979858398
0,734252913389355	1,36380493164063	88,8119964599609
0,735117588192225	1,36504064941406	88,9120025634766
0,735931389499456	1,36615307617188	89,0120010375977
0,736796064302325	1,36722473144531	89,1119995117188
0,737660680897534	1,36887585449219	89,2119979858398
0,738474540412426	1,36998400878906	89,3119964599609
0,739339157007635	1,3715263671875	89,4120025634766
0,740153016522527	1,372634765625	89,5120010375977
0,741017633117735	1,37373950195313	89,6119995117188
0,741831492632627	1,3750078125	89,7119979858398
0,742696109227836	1,37622058105469	89,8119964599609
0,743509968742728	1,37742553710938	89,9120025634766
0,744323711842299	1,3786337890625	90,0120010375977
0,74513751314953	1,37987646484375	90,1119995117188
0,745951372664422	1,38094360351563	90,2119979858398
0,746765115763992	1,38218298339844	90,3119964599609
0,747578917071223	1,38338830566406	90,4120025634766
0,748392776586115	1,38456115722656	90,5120010375977
0,749206519685686	1,38575036621094	90,6119995117188
0,750020320992917	1,38695788574219	90,7119979858398
0,750884995795786	1,3882060546875	90,8119964599609
0,751698797103018	1,38953173828125	90,9120025634766
0,75251265661791	1,39065979003906	91,0120010375977
0,75332639971748	1,39193115234375	91,1119995117188
0,75419107452035	1,39296313476563	91,2119979858398
0,755004875827581	1,39439392089844	91,3119964599609
0,755818677134812	1,3954345703125	91,4120025634766
0,756632478442043	1,39666467285156	91,5120010375977
0,757497153244913	1,39783984375	91,6119995117188
0,758310954552144	1,39914587402344	91,7119979858398
0,759175571147352	1,40018640136719	91,8119964599609
0,760040304157883	1,40141149902344	91,9120025634766
0,760854047257453	1,40284350585938	92,0120010375977
0,761718722060323	1,40408935546875	92,1119995117188
0,762583455070853	1,40530456542969	92,2119979858398
0,763397198170424	1,40665161132813	92,3119964599609
0,764261872973293	1,40791186523438	92,4120025634766
0,765126547776163	1,40914416503906	92,5120010375977
0,765940349083394	1,41030615234375	92,6119995117188
0,766754150390625	1,41163110351563	92,7119979858398
0,767618825193495	1,41279956054688	92,8119964599609
0,768432626500726	1,41392126464844	92,9120025634766
0,769246427807957	1,41503723144531	93,0120010375977
0,770111102610826	1,41640405273438	93,1119995117188
0,770924845710397	1,41745178222656	93,2119979858398
0,771738705225289	1,41875744628906	93,3119964599609
0,77255250653252	1,4198740234375	93,4120025634766
0,77341718133539	1,42101745605469	93,5120010375977
0,774230982642621	1,42216552734375	93,6119995117188
0,775044725742191	1,423283203125	93,7119979858398
0,775858585257083	1,42446166992188	93,8119964599609
0,776672386564314	1,42551196289063	93,9120025634766
0,777537061367184	1,42663635253906	94,0120010375977
0,778350804466754	1,42780297851563	94,1119995117188
0,779164605773985	1,42898022460938	94,2119979858398
0,780029280576855	1,43010485839844	94,3119964599609
0,780843081884086	1,43135900878906	94,4120025634766
0,781707756686956	1,43253686523438	94,5120010375977
0,782572431489825	1,43384704589844	94,6119995117188
0,783386232797056	1,43501806640625	94,7119979858398
0,784250907599926	1,43617651367188	94,8119964599609
0,785064708907157	1,43726245117188	94,9120025634766
0,785929383710027	1,43847875976563	95,0120010375977
0,786743185017258	1,43969250488281	95,1119995117188
0,787607859820127	1,44091479492188	95,2119979858398
0,788421602919698	1,44208142089844	95,3119964599609
0,789235404226929	1,44344360351563	95,4120025634766
0,790049263741821	1,44422497558594	95,5120010375977
0,790863065049052	1,44541552734375	95,6119995117188
0,791676808148623	1,44661279296875	95,7119979858398
0,792490667663515	1,44764831542969	95,8119964599609
0,793304468970746	1,44884606933594	95,9120025634766
0,794118212070316	1,44991491699219	96,0120010375977
0,794932071585208	1,451091796875	96,1119995117188
0,795745872892439	1,45229626464844	96,2119979858398
0,79655961599201	1,45303869628906	96,3119964599609
0,797373475506902	1,45451281738281	96,4120025634766
0,798187276814133	1,45529309082031	96,5120010375977
0,799051951617002	1,45658117675781	96,6119995117188
0,799865694716573	1,45768090820313	96,7119979858398
0,800679496023804	1,45910375976563	96,8119964599609
0,801493355538696	1,45986010742188	96,9120025634766
0,802357972133905	1,4610283203125	97,0120010375977
0,803171831648797	1,46228259277344	97,1119995117188
0,804036448244005	1,46355773925781	97,2119979858398
0,804850307758898	1,46462182617188	97,3119964599609
0,805714924354106	1,46569055175781	97,4120025634766
0,806579599156976	1,46705908203125	97,5120010375977
0,807393400464207	1,46803295898438	97,6119995117188
0,808258075267076	1,46936779785156	97,7119979858398
0,809122750069946	1,47046594238281	97,8119964599609
0,809987366665155	1,47181005859375	97,9120025634766
0,810801226180047	1,47281494140625	98,0120010375977
0,811665842775255	1,47405786132813	98,1119995117188
0,812479702290148	1,47536926269531	98,2119979858398
0,813344318885356	1,47637377929688	98,3119964599609
0,814158120192587	1,47747375488281	98,4120025634766
0,815022794995457	1,47860375976563	98,5120010375977
0,815836596302688	1,4795712890625	98,6119995117188
0,816650397609919	1,48082934570313	98,7119979858398
0,817464198917151	1,48191418457031	98,8119964599609
0,81832887372002	1,4830419921875	98,9120025634766
0,81914261681959	1,48417614746094	99,0120010375977
0,819956476334482	1,48540979003906	99,1119995117188
0,820821092929691	1,4862568359375	99,2119979858398
0,821634952444583	1,48741357421875	99,3119964599609
0,822448753751814	1,48830712890625	99,4120025634766
0,823262496851385	1,48954235839844	99,5120010375977
0,824127171654254	1,49048315429688	99,6119995117188
0,824940972961485	1,49162231445313	99,7119979858398
0,825754832476377	1,49285595703125	99,8119964599609
0,826619449071586	1,493837890625	99,9120025634766
0,827433308586478	1,49513793945313	100,012001037598
0,828297925181687	1,49626477050781	100,111999511719
0,829162599984556	1,4974599609375	100,21199798584
0,829976401291788	1,49844592285156	100,311996459961
0,830841076094657	1,49974279785156	100,412002563477
0,831705750897527	1,50070007324219	100,512001037598
0,832519552204758	1,50205883789063	100,611999511719
0,833384227007627	1,50297302246094	100,71199798584
0,834197970107198	1,50414404296875	100,811996459961
0,835011771414429	1,50501879882813	100,912002563477
0,835825630929321	1,50628002929688	101,012001037598
0,836639432236552	1,5073115234375	101,111999511719
0,837504107039422	1,50820678710938	101,21199798584
0,838267034851015	1,50954760742188	101,311996459961
0,839080836158246	1,51037841796875	101,412002563477
0,839894579257816	1,51148864746094	101,512001037598
0,840708438772708	1,51250732421875	101,611999511719
0,841522240079939	1,51359448242188	101,71199798584
0,84233598317951	1,51464465332031	101,811996459961
0,843149842694402	1,51571569824219	101,912002563477
0,84401445928961	1,51672546386719	102,012001037598
0,844828318804502	1,51782495117188	102,111999511719
0,845642061904073	1,51901342773438	102,21199798584
0,846455863211304	1,52003601074219	102,311996459961
0,847320538014174	1,521052734375	102,412002563477
0,848134339321405	1,52209069824219	102,512001037598
0,848999014124274	1,5234267578125	102,611999511719
0,849812815431505	1,52449865722656	102,71199798584
0,850677490234375	1,52559777832031	102,811996459961
0,851491291541606	1,52669299316406	102,912002563477
0,852355966344476	1,52782592773438	103,012001037598
0,853220641147345	1,52889868164063	103,111999511719
0,854085257742554	1,52995275878906	103,21199798584
0,854949932545424	1,53116516113281	103,311996459961
0,855763733852655	1,53212255859375	103,412002563477
0,856628408655524	1,53328747558594	103,512001037598
0,857493083458394	1,53436340332031	103,611999511719
0,858306884765625	1,53532739257813	103,71199798584
0,859171559568495	1,53634533691406	103,811996459961
0,859985360875726	1,53727587890625	103,912002563477
0,860799162182957	1,53843969726563	104,012001037598
0,861612963490188	1,53949365234375	104,111999511719
0,862477580085397	1,54061828613281	104,21199798584
0,863291439600289	1,54190283203125	104,311996459961
0,86410524090752	1,54259118652344	104,412002563477
0,86491898400709	1,543515625	104,512001037598
0,865732843521982	1,54440075683594	104,611999511719
0,866546644829214	1,54555102539063	104,71199798584
0,867411319632083	1,54645227050781	104,811996459961
0,868225120939314	1,54758117675781	104,912002563477
0,869038864038885	1,5485458984375	105,012001037598
0,869903538841754	1,54969226074219	105,111999511719
0,870717340148985	1,55064599609375	105,21199798584
0,871531199663877	1,55149035644531	105,311996459961
0,872395816259086	1,55261450195313	105,412002563477
0,873209675773978	1,553712890625	105,512001037598
0,874074292369187	1,55479516601563	105,611999511719
0,874888093676418	1,55586279296875	105,71199798584
0,875752768479288	1,55678063964844	105,811996459961
0,876566569786519	1,5578564453125	105,912002563477
0,877431186381727	1,55889001464844	106,012001037598
0,87824504589662	1,559814453125	106,111999511719
0,879109662491828	1,56100952148438	106,21199798584
0,87992352200672	1,56201953125	106,311996459961
0,880737323313951	1,56297924804688	106,412002563477
0,881601998116821	1,56395788574219	106,512001037598
0,882415799424052	1,56467932128906	106,611999511719
0,883229542523623	1,56605212402344	106,71199798584
0,884043402038515	1,56667504882813	106,811996459961
0,884857203345746	1,567654296875	106,912002563477
0,885670946445316	1,5689072265625	107,012001037598
0,886484805960208	1,57037609863281	107,111999511719
0,887298607267439	1,57066467285156	107,21199798584
0,88811235036701	1,57173913574219	107,311996459961
0,888926209881902	1,57243359375	107,412002563477
0,889740011189133	1,57352770996094	107,512001037598
0,890604685992002	1,57482629394531	107,611999511719
0,891418429091573	1,57561572265625	107,71199798584
0,892232230398804	1,57666674804688	107,811996459961
0,893096905201674	1,57759057617188	107,912002563477
0,893910706508905	1,57850927734375	108,012001037598
0,894775381311774	1,57980603027344	108,111999511719
0,895589182619005	1,58058947753906	108,21199798584
0,896453857421875	1,58140832519531	108,311996459961
0,897318532224745	1,58261083984375	108,412002563477
0,898132333531976	1,58352258300781	108,512001037598
0,898997008334845	1,58450207519531	108,611999511719
0,899861624930054	1,58567102050781	108,71199798584
0,900726299732924	1,58637609863281	108,811996459961
0,901540101040155	1,58743286132813	108,912002563477
0,902404775843024	1,58867468261719	109,012001037598
0,903269450645894	1,58927941894531	109,111999511719
0,904083251953125	1,59077026367188	109,21199798584
0,904947926755995	1,59118701171875	109,311996459961
0,905761728063226	1,5923095703125	109,412002563477
0,906626402866095	1,59309509277344	109,512001037598
0,907440204173326	1,59462536621094	109,611999511719
0,908253947272897	1,595546875	109,71199798584
0,909118680283427	1,59592553710938	109,811996459961
0,909932423382998	1,59665783691406	109,912002563477
0,91074628289789	1,59792614746094	110,012001037598
0,911560084205121	1,59874462890625	110,111999511719
0,912373827304691	1,59963525390625	110,21199798584
0,913238502107561	1,600623046875	110,311996459961
0,914052303414792	1,6014423828125	110,412002563477
0,914866162929684	1,6023623046875	110,512001037598
0,915730779524893	1,60337109375	110,611999511719
0,916544639039785	1,60414404296875	110,71199798584
0,917409255634993	1,6053046875	110,811996459961
0,918223056942225	1,60599462890625	110,912002563477
0,919036858249456	1,60708056640625	111,012001037598
0,919901533052325	1,60803125	111,111999511719
0,920715334359556	1,60885461425781	111,21199798584
0,921580009162426	1,60994140625	111,311996459961
0,922444625757635	1,61084020996094	111,412002563477
0,923258485272527	1,61166003417969	111,512001037598
0,924123101867735	1,61229309082031	111,611999511719
0,924936961382627	1,61336499023438	111,71199798584
0,925801577977836	1,61422583007813	111,811996459961
0,926615437492728	1,61519152832031	111,912002563477
0,927429180592299	1,61594763183594	112,012001037598
0,92824298189953	1,616962890625	112,111999511719
0,929056841414422	1,61790344238281	112,21199798584
0,929870584513992	1,61868981933594	112,311996459961
0,930684385821223	1,61966394042969	112,412002563477
0,931498245336115	1,62032922363281	112,512001037598
0,932311988435686	1,62118273925781	112,611999511719
0,933125789742917	1,62204357910156	112,71199798584
0,933939649257809	1,62285961914063	112,811996459961
0,934753392357379	1,62374475097656	112,912002563477
0,93556719366461	1,62473278808594	113,012001037598
0,93643186846748	1,62545239257813	113,111999511719
0,937245669774711	1,62633959960938	113,21199798584
0,938059529289603	1,62708605957031	113,311996459961
0,938873272389174	1,62789660644531	113,412002563477
0,939737947192043	1,62866809082031	113,512001037598
0,940551748499274	1,6297275390625	113,611999511719
0,941365549806505	1,63054956054688	113,71199798584
0,942230224609375	1,63155895996094	113,811996459961
0,943044025916606	1,632146484375	113,912002563477
0,943908700719476	1,63320129394531	114,012001037598
0,944773375522345	1,63392590332031	114,111999511719
0,945587176829576	1,63481323242188	114,21199798584
0,946451851632446	1,635779296875	114,311996459961
0,947316468227655	1,63661828613281	114,412002563477
0,948130327742547	1,63743237304688	114,512001037598
0,948994944337755	1,63808386230469	114,611999511719
0,949859619140625	1,63915893554688	114,71199798584
0,950673420447856	1,63975341796875	114,811996459961
0,951538095250726	1,64075793457031	114,912002563477
0,952351896557957	1,64160278320313	115,012001037598
0,953216571360826	1,64206616210938	115,111999511719
0,954030314460397	1,64338562011719	115,21199798584
0,954844173975289	1,64399951171875	115,311996459961
0,955708790570498	1,64494592285156	115,412002563477
0,95652265008539	1,64556262207031	115,512001037598
0,957336451392621	1,64637524414063	115,611999511719
0,958150194492191	1,6472958984375	115,71199798584
0,959014869295061	1,64815087890625	115,811996459961
0,959828670602292	1,64903051757813	115,912002563477
0,960642530117184	1,64951916503906	116,012001037598
0,961456273216754	1,65047741699219	116,111999511719
0,962321006227285	1,65109130859375	116,21199798584
0,963134749326855	1,65217504882813	116,311996459961
0,963999424129725	1,65284545898438	116,412002563477
0,964864098932594	1,65348132324219	116,512001037598
0,965677900239825	1,65427197265625	116,611999511719
0,966491701547056	1,65522680664063	116,71199798584
0,967356376349926	1,65598547363281	116,811996459961
0,968170177657157	1,65668347167969	116,912002563477
0,969034852460027	1,65738061523438	117,012001037598
0,969899469055235	1,65833508300781	117,111999511719
0,970713328570127	1,65927062988281	117,21199798584
0,971577945165336	1,65982165527344	117,311996459961
0,972391804680228	1,66068127441406	117,412002563477
0,973205547779799	1,66140185546875	117,512001037598
0,97401934908703	1,66213134765625	117,611999511719
0,974884023889899	1,66274243164063	117,71199798584
0,97569782519713	1,66356726074219	117,811996459961
0,976511684712023	1,6643662109375	117,912002563477
0,977325486019254	1,66504797363281	118,012001037598
0,978139229118824	1,66580419921875	118,111999511719
0,978953088633716	1,66648498535156	118,21199798584
0,979766831733286	1,66725903320313	118,311996459961
0,980580574832857	1,66782690429688	118,412002563477
0,981394434347749	1,66877551269531	118,512001037598
0,982259050942957	1,66914318847656	118,611999511719
0,98307291045785	1,67012683105469	118,71199798584
0,983886769972742	1,67068530273438	118,811996459961
0,984700513072312	1,67139672851563	118,912002563477
0,985514372587204	1,67212902832031	119,012001037598
0,986328115686774	1,6728037109375	119,111999511719
0,987192848697305	1,67351000976563	119,21199798584
0,988006591796875	1,67421826171875	119,311996459961
0,988820334896445	1,67493322753906	119,412002563477
0,989685067906976	1,67544799804688	119,512001037598
0,990549800917506	1,67624035644531	119,611999511719
0,991363544017076	1,67736437988281	119,71199798584
0,992228160612285	1,67762463378906	119,811996459961
0,993092777207494	1,67871655273438	119,912002563477
0,993957510218024	1,67928796386719	120,012001037598
0,994822243228555	1,67991638183594	120,111999511719
0,995635986328125	1,68066015625	120,21199798584
0,996500719338655	1,68143176269531	120,311996459961
0,997365335933864	1,68239624023438	120,412002563477
0,998179195448756	1,68283129882813	120,512001037598
0,998992938548326	1,68327392578125	120,611999511719
0,999857555143535	1,68413012695313	120,71199798584
1,00067141465843	1,68479614257813	120,811996459961
1,00148527417332	1,68543383789063	120,912002563477
1,00229890085757	1,68618603515625	121,012001037598
1,00316375028342	1,68653649902344	121,111999511719
1,00397737696767	1,687564453125	121,21199798584
1,00479123648256	1,68794921875	121,311996459961
1,00560509599745	1,68870812988281	121,412002563477
1,00646971259266	1,689341796875	121,512001037598
1,00728357210755	1,690158203125	121,611999511719
1,00809731520712	1,69082104492188	121,71199798584
1,00891117472202	1,69140649414063	121,811996459961
1,00977579131722	1,69206628417969	121,912002563477
1,01058965083212	1,69254968261719	122,012001037598
1,01145426742733	1,6932197265625	122,111999511719
1,0122680105269	1,693986328125	122,21199798584
1,01313274353743	1,69448083496094	122,311996459961
1,013946486637	1,6951767578125	122,412002563477
1,0148111032322	1,69652233886719	122,512001037598
1,0156249627471	1,69654724121094	122,611999511719
1,01648957934231	1,69741796875	122,71199798584
1,0173034388572	1,6979541015625	122,811996459961
1,01816805545241	1,69828588867188	122,912002563477
1,0189819149673	1,69913977050781	123,012001037598
1,01979577448219	1,69962731933594	123,111999511719
1,0206603910774	1,70027270507813	123,21199798584
1,02147425059229	1,70096765136719	123,311996459961
1,02228799369186	1,70141027832031	123,412002563477
1,02310185320675	1,70200280761719	123,512001037598
1,02391559630632	1,70255871582031	123,611999511719
1,02472933940589	1,70320007324219	123,71199798584
1,02554319892079	1,70365869140625	123,811996459961
1,02635705843568	1,70431408691406	123,912002563477
1,02717080153525	1,70470373535156	124,012001037598
1,02798466105014	1,70532641601563	124,111999511719
1,02879840414971	1,70590075683594	124,21199798584
1,02961214724928	1,7063076171875	124,311996459961
1,03042600676417	1,70677624511719	124,412002563477
1,03123986627907	1,7073759765625	124,512001037598
1,03210448287427	1,708033203125	124,611999511719
1,03291834238917	1,70846740722656	124,71199798584
1,03378295898438	1,70915832519531	124,811996459961
1,03459681849927	1,70978552246094	124,912002563477
1,03546143509448	1,71022351074219	125,012001037598
1,03632605168968	1,71109033203125	125,111999511719
1,03713991120458	1,71172155761719	125,21199798584
1,03800452779979	1,71217443847656	125,311996459961
1,03886926081032	1,71285974121094	125,412002563477
1,03973387740552	1,71320202636719	125,512001037598
1,04059849400073	1,71386389160156	125,611999511719
1,04146322701126	1,71463366699219	125,71199798584
1,04232784360647	1,71520056152344	125,811996459961
1,04314170312136	1,71588439941406	125,912002563477
1,04400631971657	1,71624548339844	126,012001037598
1,04482017923146	1,71684167480469	126,111999511719
1,04568479582667	1,71734020996094	126,21199798584
1,04649865534157	1,71781506347656	126,311996459961
1,04731239844114	1,71858544921875	126,412002563477
1,04812625795603	1,71877294921875	126,512001037598
1,04899087455124	1,71940625	126,611999511719
1,04980473406613	1,71986083984375	126,71199798584
1,0506184771657	1,72053430175781	126,811996459961
1,05143222026527	1,72083325195313	126,912002563477
1,0522969532758	1,72145227050781	127,012001037598
1,05311069637537	1,72203503417969	127,111999511719
1,05392455589026	1,72239660644531	127,21199798584
1,05473841540515	1,72289099121094	127,311996459961
1,05560303200036	1,72362780761719	127,412002563477
1,05641689151526	1,72421020507813	127,512001037598
1,05728150811046	1,72453552246094	127,611999511719
1,05809536762536	1,72487158203125	127,71199798584
1,05890911072493	1,72571533203125	127,811996459961
1,05977384373546	1,72601721191406	127,912002563477
1,0605874704197	1,72656408691406	128,011993408203
1,06145231984556	1,72705493164063	128,111999511719
1,06231693644077	1,72783386230469	128,212005615234
1,06313067954034	1,7279716796875	128,311996459961
1,06399541255087	1,72861413574219	128,412002563477
1,06480915565044	1,72885083007813	128,511993408203
1,06562289875001	1,72947290039063	128,611999511719
1,06648763176054	1,72978662109375	128,712005615234
1,06730137486011	1,73043371582031	128,811996459961
1,068115234375	1,7310703125	128,912002563477
1,06892909388989	1,73122680664063	129,011993408203
1,06974283698946	1,7318388671875	129,111999511719
1,07055669650435	1,73214831542969	129,212005615234
1,07137043960392	1,73255627441406	129,311996459961
1,0721841827035	1,73316882324219	129,412002563477
1,07299804221839	1,73352648925781	129,511993408203
1,07381190173328	1,73395727539063	129,611999511719
1,07467651832849	1,73434631347656	129,712005615234
1,07549037784338	1,73478173828125	129,811996459961
1,07630412094295	1,73521875	129,912002563477
1,07711786404252	1,73573046875	130,011993408203
1,07798259705305	1,73612036132813	130,111999511719
1,07879634015262	1,73642333984375	130,212005615234
1,07961019966751	1,73691625976563	130,311996459961
1,08042394276708	1,73700439453125	130,412002563477
1,08128867577761	1,73745458984375	130,511993408203
1,08210241887718	1,73793273925781	130,611999511719
1,08296715188771	1,73826843261719	130,712005615234
1,08378089498729	1,738775390625	130,811996459961
1,08464562799782	1,73921142578125	130,912002563477
1,08551024459302	1,73962780761719	131,011993408203
1,08632410410792	1,7402275390625	131,111999511719
1,08718872070313	1,74040747070313	131,212005615234
1,08805333729833	1,74122790527344	131,311996459961
1,08891807030886	1,74164709472656	131,412002563477
1,08973181340843	1,74203173828125	131,511993408203
1,09059654641896	1,74246337890625	131,611999511719
1,09141028951854	1,74278955078125	131,712005615234
1,09227502252907	1,74314208984375	131,811996459961
1,09308876562864	1,74351403808594	131,912002563477
1,09390262514353	1,74391174316406	132,011993408203
1,09471648465842	1,74424829101563	132,111999511719
1,09553011134267	1,74472265625	132,212005615234
1,0963948443532	1,74516967773438	132,311996459961
1,09720858745277	1,74550402832031	132,412002563477
1,09802244696766	1,74593188476563	132,511993408203
1,09888706356287	1,74627819824219	132,611999511719
1,09970092307776	1,7465751953125	132,712005615234
1,10051478259265	1,74693725585938	132,811996459961
1,10137939918786	1,74728393554688	132,912002563477
1,10219325870276	1,74763891601563	133,011993408203
1,10300700180233	1,74807800292969	133,111999511719
1,10387173481286	1,74831811523438	133,212005615234
1,10468547791243	1,74876013183594	133,311996459961
1,10555021092296	1,74917419433594	133,412002563477
1,10641482751817	1,7495341796875	133,511993408203
1,10722868703306	1,74996911621094	133,611999511719
1,10809330362827	1,75028674316406	133,712005615234
1,10895792022347	1,75071472167969	133,811996459961
1,10977177973837	1,75090515136719	133,912002563477
1,11063639633358	1,751265625	134,011993408203
1,11145013943315	1,75165954589844	134,111999511719
1,11226399894804	1,75189038085938	134,212005615234
1,11312861554325	1,75240234375	134,311996459961
1,11394247505814	1,75270629882813	134,412002563477
1,11475621815771	1,75275646972656	134,511993408203
1,1155700776726	1,75318041992188	134,611999511719
1,11638393718749	1,75345947265625	134,712005615234
1,11719768028706	1,75376831054688	134,811996459961
1,11801142338663	1,75386999511719	134,912002563477
1,11882528290153	1,754099609375	135,011993408203
1,1196390260011	1,75454650878906	135,111999511719
1,12045288551599	1,75484692382813	135,212005615234
1,12126674503088	1,75468896484375	135,311996459961
1,12208048813045	1,75518115234375	135,412002563477
1,12294522114098	1,75526538085938	135,511993408203
1,12375896424055	1,75568090820313	135,611999511719
1,12457270734012	1,75595385742188	135,712005615234
1,12543732393533	1,75621838378906	135,811996459961
1,12625118345022	1,75633337402344	135,912002563477
1,12706504296511	1,75661401367188	136,011993408203
1,12792965956032	1,75681018066406	136,111999511719
1,12874351907521	1,75731420898438	136,212005615234
1,12960813567042	1,75758044433594	136,311996459961
1,13047275226563	1,75776977539063	136,412002563477
1,13133748527616	1,75805541992188	136,511993408203
1,13215122837573	1,75828100585938	136,611999511719
1,13301596138626	1,758693359375	136,712005615234
1,13388057798147	1,758951171875	136,811996459961
1,13474519457668	1,7594580078125	136,912002563477
1,13555905409157	1,75947314453125	137,011993408203
1,13642367068678	1,75987023925781	137,111999511719
1,13723753020167	1,75986791992188	137,212005615234
1,13805138971657	1,75992065429688	137,311996459961
1,13891600631177	1,76038562011719	137,412002563477
1,13972986582667	1,76058728027344	137,511993408203
1,14059448242188	1,76062573242188	137,611999511719
1,14140834193677	1,76081494140625	137,712005615234
1,14222208503634	1,76085949707031	137,811996459961
1,14308681804687	1,76118823242188	137,912002563477
1,14390056114644	1,76141784667969	138,011993408203
1,14471430424601	1,7616318359375	138,111999511719
1,1455281637609	1,76170178222656	138,212005615234
1,14639278035611	1,76175207519531	138,311996459961
1,147206639871	1,76189782714844	138,412002563477
1,14802038297057	1,76218493652344	138,511993408203
1,1488851159811	1,76222521972656	138,611999511719
1,14969885908067	1,7624921875	138,712005615234
1,15051271859556	1,76269909667969	138,811996459961
1,15137733519077	1,76274145507813	138,912002563477
1,1522420682013	1,76293798828125	139,011993408203
1,15305581130087	1,76288537597656	139,111999511719
1,1539205443114	1,76310229492188	139,212005615234
1,15473428741097	1,76346264648438	139,311996459961
1,15559902042151	1,763515625	139,412002563477
1,15646363701671	1,7637265625	139,511993408203
1,15727749653161	1,76386633300781	139,611999511719
1,15809123963118	1,7640234375	139,712005615234
1,15890498273075	1,76407189941406	139,811996459961
1,15976959932595	1,76405578613281	139,912002563477
1,16058345884085	1,7643037109375	140,011993408203
1,16139731835574	1,76417602539063	140,111999511719
1,16221106145531	1,76437426757813	140,212005615234
1,1630249209702	1,76431628417969	140,311996459961
1,16383878048509	1,76439770507813	140,412002563477
1,16465252358466	1,76444897460938	140,511993408203
1,16546626668423	1,76445336914063	140,611999511719
1,16628012619913	1,76463903808594	140,712005615234
1,1670938692987	1,76462390136719	140,811996459961
1,16795860230923	1,76472106933594	140,912002563477
1,1687723454088	1,76474401855469	141,011993408203
1,16958620492369	1,76506298828125	141,111999511719
1,17040006443858	1,7649658203125	141,212005615234
1,17126468103379	1,76500305175781	141,311996459961
1,17207854054868	1,76495532226563	141,412002563477
1,17294315714389	1,76518371582031	141,511993408203
1,17375690024346	1,76513879394531	141,611999511719
1,17462163325399	1,76516662597656	141,712005615234
1,17543537635356	1,7653427734375	141,811996459961
1,17629999294877	1,76549426269531	141,912002563477
1,1771647259593	1,76534924316406	142,011993408203
1,17802945896983	1,76548486328125	142,111999511719
1,17889407556504	1,76582043457031	142,212005615234
1,17975869216025	1,76562158203125	142,311996459961
1,18057255167514	1,76569763183594	142,412002563477
1,18143716827035	1,76567602539063	142,511993408203
1,18230190128088	1,76577062988281	142,611999511719
1,18311564438045	1,76569116210938	142,712005615234
1,18398037739098	1,76571166992188	142,811996459961
1,18479412049055	1,76559191894531	142,912002563477
1,18560786359012	1,76489343261719	143,011993408203
1,18642172310501	1,76479174804688	143,111999511719
1,18723546620458	1,76487060546875	143,212005615234
1,18810019921511	1,76492150878906	143,311996459961
1,18891394231468	1,76487329101563	143,412002563477
1,18972780182958	1,76457800292969	143,511993408203
1,19054166134447	1,76460974121094	143,611999511719
1,19135540444404	1,76438842773438	143,712005615234
1,19216914754361	1,76446997070313	143,811996459961
1,19303376413882	1,76431665039063	143,912002563477
1,19384762365371	1,7643642578125	144,011993408203
1,1946614831686	1,76446545410156	144,111999511719
1,19552609976381	1,76449560546875	144,212005615234
1,1963399592787	1,76429138183594	144,311996459961
1,19715370237827	1,76411511230469	144,412002563477
1,1980184353888	1,76402673339844	144,511993408203
1,19883217848837	1,76423657226563	144,611999511719
1,1996969114989	1,76407531738281	144,712005615234
1,20051065459847	1,76407751464844	144,811996459961
1,20137538760901	1,76410375976563	144,912002563477
1,20218913070858	1,7638857421875	145,011993408203
1,20305386371911	1,76387023925781	145,111999511719
1,20386760681868	1,76386975097656	145,212005615234
1,20468134991825	1,76347412109375	145,311996459961
1,20554596651345	1,76359899902344	145,412002563477
1,20635982602835	1,76349426269531	145,511993408203
1,20717368554324	1,76333276367188	145,611999511719
1,20798742864281	1,76312219238281	145,712005615234
1,2088012881577	1,76305224609375	145,811996459961
1,20961514767259	1,76284155273438	145,912002563477
1,21042889077216	1,76261755371094	146,011993408203
1,21124263387173	1,76207983398438	146,111999511719
1,21205649338663	1,76244030761719	146,212005615234
1,2128702364862	1,76212683105469	146,311996459961
1,21368409600109	1,76187097167969	146,412002563477
1,2145487125963	1,76172741699219	146,511993408203
1,21536257211119	1,76170520019531	146,611999511719
1,21617643162608	1,76134887695313	146,712005615234
1,21699005831033	1,76120654296875	146,811996459961
1,21785490773618	1,76107580566406	146,912002563477
1,21866853442043	1,760921875	147,011993408203
1,21953326743096	1,76068298339844	147,111999511719
1,22039800044149	1,76067297363281	147,212005615234
1,22121174354106	1,76045361328125	147,311996459961
1,22207636013627	1,7601435546875	147,412002563477
1,2229410931468	1,76014953613281	147,511993408203
1,22380582615733	1,75982104492188	147,611999511719
1,22461945284158	1,75982470703125	147,712005615234
1,22548430226743	1,75956579589844	147,811996459961
1,22634891886264	1,75922216796875	147,912002563477
1,22721353545785	1,759203125	148,011993408203
1,22802739497274	1,75887634277344	148,111999511719
1,22889201156795	1,75877734375	148,212005615234
1,22970575466752	1,75848950195313	148,311996459961
1,23057048767805	1,75815380859375	148,412002563477
1,23138423077762	1,75794262695313	148,511993408203
1,23219809029251	1,75766027832031	148,611999511719
1,23306270688772	1,75750073242188	148,712005615234
1,23387656640261	1,75719372558594	148,811996459961
1,23469030950218	1,75699328613281	148,912002563477
1,23550416901708	1,75661340332031	149,011993408203
1,23636878561229	1,75635375976563	149,111999511719
1,23718264512718	1,75603759765625	149,212005615234
1,23799650464207	1,75570202636719	149,311996459961
1,23881013132632	1,75535119628906	149,412002563477
1,23967498075217	1,75525317382813	149,511993408203
1,24048860743642	1,75480786132813	149,611999511719
1,24135334044695	1,7545673828125	149,712005615234
1,24216708354652	1,75442468261719	149,811996459961
1,24303181655705	1,75407141113281	149,912002563477
1,24384555965662	1,75359985351563	150,011993408203
1,24471029266715	1,75317956542969	150,111999511719
1,24552403576672	1,7530341796875	150,212005615234
1,24638876877725	1,75278271484375	150,311996459961
1,24725338537246	1,7524169921875	150,412002563477
1,24806724488735	1,75193444824219	150,511993408203
1,24893186148256	1,75163903808594	150,611999511719
1,24974572099745	1,75121533203125	150,712005615234
1,25061033759266	1,75108044433594	150,811996459961
1,25142419710755	1,75058813476563	150,912002563477
1,25223794020712	1,75027465820313	151,011993408203
1,25310267321765	1,74979748535156	151,111999511719
1,25391641631722	1,74927465820313	151,212005615234
1,25473027583212	1,74879333496094	151,311996459961
1,25554401893169	1,74841186523438	151,412002563477
1,25635776203126	1,74813427734375	151,511993408203
1,25717162154615	1,74770227050781	151,611999511719
1,25798548106104	1,7471767578125	151,712005615234
1,25879922416061	1,74673303222656	151,811996459961
1,2596130836755	1,74638562011719	151,912002563477
1,26042682677507	1,74602746582031	152,011993408203
1,26124056987464	1,74548010253906	152,111999511719
1,26210530288517	1,74503649902344	152,212005615234
1,26291904598475	1,7446064453125	152,311996459961
1,26373290549964	1,74416796875	152,412002563477
1,26454676501453	1,74364379882813	152,511993408203
1,26541138160974	1,74309692382813	152,611999511719
1,26622524112463	1,74275402832031	152,712005615234
1,26708985771984	1,74240600585938	152,811996459961
1,26795447431505	1,74185339355469	152,912002563477
1,26876833382994	1,74146105957031	153,011993408203
1,26963295042515	1,7410625	153,111999511719
1,27049768343568	1,74070263671875	153,212005615234
1,27136230003089	1,7400771484375	153,311996459961
1,2722269166261	1,73972412109375	153,412002563477
1,27304077614099	1,73928918457031	153,511993408203
1,2739053927362	1,73869396972656	153,611999511719
1,27477012574673	1,73836059570313	153,712005615234
1,2755838688463	1,73778979492188	153,811996459961
1,27644860185683	1,73738562011719	153,912002563477
1,2772623449564	1,7370869140625	154,011993408203
1,27812707796693	1,73616040039063	154,111999511719
1,2789408210665	1,73583825683594	154,212005615234
1,27980555407703	1,73527124023438	154,311996459961
1,2806192971766	1,73455786132813	154,412002563477
1,28143315669149	1,73403894042969	154,511993408203
1,28224689979106	1,73345178222656	154,611999511719
1,28306064289063	1,73292260742188	154,712005615234
1,28392537590116	1,73240393066406	154,811996459961
1,28473911900073	1,73164428710938	154,912002563477
1,28555297851563	1,73123168945313	155,011993408203
1,28641759511083	1,73048156738281	155,111999511719
1,28723145462573	1,72985632324219	155,212005615234
1,28804531414062	1,72937573242188	155,311996459961
1,28890993073583	1,72864587402344	155,412002563477
1,28972379025072	1,72803234863281	155,511993408203
1,29058840684593	1,72742260742188	155,611999511719
1,29140226636082	1,72678857421875	155,712005615234
1,29226688295603	1,72613928222656	155,811996459961
1,29308074247092	1,72556787109375	155,912002563477
1,29394535906613	1,72489794921875	156,011993408203
1,2947591021657	1,72427099609375	156,111999511719
1,29562383517623	1,72364245605469	156,212005615234
1,2964375782758	1,72291381835938	156,311996459961
1,29725132137537	1,7222861328125	156,412002563477
1,2981160543859	1,72144970703125	156,511993408203
1,29892979748547	1,72065759277344	156,611999511719
1,29974365700036	1,71999047851563	156,712005615234
1,30055751651526	1,71910888671875	156,811996459961
1,30137125961483	1,718341796875	156,912002563477
1,3021850027144	1,71773388671875	157,011993408203
1,30299886222929	1,716873046875	157,111999511719
1,30381260532886	1,71604724121094	157,212005615234
1,30467733833939	1,71530249023438	157,311996459961
1,30549108143896	1,71454187011719	157,412002563477
1,30630494095385	1,71362463378906	157,511993408203
1,30711880046874	1,71313671875	157,611999511719
1,30793254356831	1,71194250488281	157,712005615234
1,30874628666788	1,71140844726563	157,811996459961
1,30961101967841	1,71061450195313	157,912002563477
1,31042476277798	1,70975769042969	158,011993408203
1,31123862229288	1,70896337890625	158,111999511719
1,31210323888808	1,70847729492188	158,212005615234
1,31291709840298	1,7075859375	158,311996459961
1,31378171499819	1,70662573242188	158,412002563477
1,31464633159339	1,70587023925781	158,511993408203
1,31546019110829	1,70506909179688	158,611999511719
1,3163248077035	1,70439038085938	158,712005615234
1,31718954071403	1,703228515625	158,811996459961
1,31805415730923	1,70267224121094	158,912002563477
1,31891877390444	1,70187658691406	159,011993408203
1,31973263341933	1,70105590820313	159,111999511719
1,32059725001454	1,70034497070313	159,212005615234
1,32146198302507	1,69936279296875	159,311996459961
1,32227572612464	1,69850109863281	159,412002563477
1,32314045913517	1,69755749511719	159,511993408203
1,32395420223475	1,69668127441406	159,611999511719
1,32476806174964	1,69575817871094	159,712005615234
1,32563267834485	1,69485485839844	159,811996459961
1,32644653785974	1,69405615234375	159,912002563477
1,32726039737463	1,69314990234375	160,011993408203
1,3280741404742	1,69198388671875	160,111999511719
1,32893887348473	1,69114819335938	160,212005615234
1,3297526165843	1,69007727050781	160,311996459961
1,33056635968387	1,68957080078125	160,412002563477
1,33138021919876	1,68817565917969	160,511993408203
1,33219396229833	1,68715344238281	160,611999511719
1,33305869530886	1,68607421875	160,712005615234
1,33387243840843	1,68508508300781	160,811996459961
1,33468629792333	1,68409777832031	160,912002563477
1,33555091451854	1,68305310058594	161,011993408203
1,33636477403343	1,68191662597656	161,111999511719
1,33722939062864	1,68092175292969	161,212005615234
1,33804325014353	1,67984094238281	161,311996459961
1,33890786673874	1,67867907714844	161,412002563477
1,33977259974927	1,67764978027344	161,511993408203
1,34058634284884	1,67648583984375	161,611999511719
1,34145107585937	1,67536596679688	161,712005615234
1,34231569245458	1,67420349121094	161,811996459961
1,34312955196947	1,67304174804688	161,912002563477
1,34399416856468	1,67184240722656	162,011993408203
1,34480802807957	1,67053637695313	162,111999511719
1,34562165476382	1,66924792480469	162,212005615234
1,34643551427871	1,66793920898438	162,311996459961
1,34730013087392	1,66687756347656	162,412002563477
1,34811399038881	1,66516052246094	162,511993408203
1,3489278499037	1,66415344238281	162,611999511719
1,34974159300327	1,66228186035156	162,712005615234
1,35055545251817	1,66119592285156	162,811996459961
1,35136931203306	1,65958203125	162,912002563477
1,35218293871731	1,65829821777344	163,011993408203
1,3529967982322	1,65678564453125	163,111999511719
1,35381065774709	1,65530700683594	163,212005615234
1,3546752743423	1,65391943359375	163,311996459961
1,35548913385719	1,65233630371094	163,412002563477
1,35630287695676	1,65072290039063	163,511993408203
1,35716760996729	1,64916162109375	163,611999511719
1,35798135306686	1,64762524414063	163,712005615234
1,35884608607739	1,64595397949219	163,811996459961
1,35965982917696	1,64417199707031	163,912002563477
1,36052456218749	1,64258312988281	164,011993408203
1,3613891787827	1,640685546875	164,111999511719
1,36225379537791	1,63873400878906	164,212005615234
1,36311852838844	1,63692553710938	164,311996459961
1,36398314498365	1,63506750488281	164,412002563477
1,36479700449854	1,6329599609375	164,511993408203
1,36566162109375	1,63096618652344	164,611999511719
1,36652623768896	1,62851428222656	164,712005615234
1,36734009720385	1,62631127929688	164,811996459961
1,36815395671874	1,62375549316406	164,912002563477
1,36901857331395	1,62083190917969	165,011993408203
1,36983243282884	1,61790283203125	165,111999511719
1,37069704942405	1,61459143066406	165,212005615234
1,37151090893894	1,6097587890625	165,311996459961
1,37232453562319	1,59820031738281	165,412002563477
1,37491861823946	-0,105640205383301	165,47900390625
