File Path: D:\Ensayos Víctor\Fase III\Virgen\Canto\Test Run 1 16-05-2019 13 14 08\DAQ- Crosshead; … - (Timed).txt   
Test: ENSAYOS TRACCION PLA 4
Test Run: Test Run 1
Date: 16/05/2019 13:09:30


Crosshead 	Load 	Time 
mm	kN	sec
0,000254313135883422	0,0709136505126953	0,164000004529953
0,000508626271766843	0,0711641998291016	0,263999998569489
0,000915527323286369	0,0713045425415039	0,363999992609024
0,00157674162437615	0,0715112686157227	0,46399998664856
0,002085367896143	0,0716356430053711	0,564000010490417
0,00254313158620789	0,0714594039916992	0,663999974727631
0,00295003246719716	0,0718544998168945	0,763999998569489
0,00340779615726206	0,0718188400268555	0,864000022411346
0,00386555984732695	0,072071174621582	0,96399998664856
0,00442504870079574	0,0723224716186523	1,06400001049042
0,00508626317241578	0,0728983993530273	1,16400003433228
0,00584920280743972	0,0732703247070313	1,26400005817413
0,00666300456941826	0,0736435165405273	1,3639999628067
0,00747680678614415	0,0739973220825195	1,46399998664856
0,00834147158457199	0,074251350402832	1,56400001049042
0,00915527380129788	0,0743354568481445	1,66400003433228
0,00996907510852907	0,0747296981811523	1,76400005817413
0,0108337399069569	0,0751240768432617	1,8639999628067
0,0116475421236828	0,0754945220947266	1,96399998664856
0,0124613443404087	0,0760988845825195	2,06399989128113
0,0133260091388365	0,0765400924682617	2,16400003433228
0,0141398113555624	0,0764728698730469	2,26399993896484
0,0149536135722883	0,0771853332519531	2,36400008201599
0,0158182774612214	0,0774456939697266	2,46399998664856
0,016632080587442	0,0778050079345703	2,56399989128113
0,0174458818946732	0,0785414428710938	2,66400003433228
0,0183105476025958	0,0790090179443359	2,76399993896484
0,0191243489098269	0,0794545211791992	2,86400008201599
0,0199890127987601	0,0800410995483398	2,96399998664856
0,0208028159249807	0,0808157348632813	3,06399989128113
0,0216674798139138	0,0814328155517578	3,16400003433228
0,0224812829401344	0,082297233581543	3,26399993896484
0,0233459468290675	0,0829669342041016	3,36400008201599
0,0241597499552881	0,0835880279541016	3,46399998664856
0,0250244138442213	0,0841522979736328	3,56399989128113
0,0258382169704419	0,0851342544555664	3,66400003433228
0,026702880859375	0,085667854309082	3,76399993896484
0,0275675447483081	0,0866953506469727	3,86400008201599
0,0283813478745287	0,0870586166381836	3,96399998664856
0,0291951510007493	0,0874952087402344	4,06400012969971
0,0300598148896825	0,0885261688232422	4,16400003433228
0,0308736161969136	0,0892912750244141	4,26399993896484
0,0316874211421236	0,090475212097168	4,36399984359741
0,032552081393078	0,0916935729980469	4,46400022506714
0,033365886338288	0,0933867111206055	4,56400012969971
0,0341796876455192	0,0943125762939453	4,66400003433228
0,0349934889527503	0,0958092956542969	4,76399993896484
0,0358072938979603	0,0967280120849609	4,86399984359741
0,0366210952051915	0,098084114074707	4,96400022506714
0,0374348928744439	0,0997550048828125	5,06400012969971
0,0382995604013558	0,100576667785645	5,16400003433228
0,039113361708587	0,102068618774414	5,26399993896484
0,039927166653797	0,103943550109863	5,36399984359741
0,0407918269047514	0,10477759552002	5,46400022506714
0,0416056318499614	0,106335006713867	5,56400012969971
0,0424702957388945	0,107597427368164	5,66400003433228
0,0433349596278276	0,109231689453125	5,76399993896484
0,0441487609350588	0,110576622009277	5,86399984359741
0,0450134284619708	0,111982635498047	5,96400022506714
0,0458272297692019	0,113525230407715	6,06400012969971
0,0466918936581351	0,114943199157715	6,16400003433228
0,0475056949653663	0,116169006347656	6,26399993896484
0,0483703624922782	0,117797271728516	6,36399984359741
0,0492350263812114	0,119006423950195	6,46400022506714
0,0500996902701445	0,120444519042969	6,56400012969971
0,0509134952153545	0,122094604492188	6,66400003433228
0,0517781554663088	0,123614097595215	6,76399993896484
0,0526428229932208	0,124671401977539	6,86399984359741
0,0534566243004519	0,125998077392578	6,96400022506714
0,0543212881893851	0,127487121582031	7,06400012969971
0,0551350894966163	0,128860076904297	7,16400003433228
0,0559997570235282	0,130099517822266	7,26399993896484
0,0568135583307594	0,131560852050781	7,36399984359741
0,0576273596379906	0,132532104492188	7,46400022506714
0,0584411609452218	0,13362336730957	7,56400012969971
0,0593058284721337	0,134604904174805	7,66400003433228
0,0601196297793649	0,135642501831055	7,76399993896484
0,0609334310865961	0,136805694580078	7,86399984359741
0,061798098613508	0,137789474487305	7,96400022506714
0,0626118999207392	0,138961486816406	8,06400012969971
0,0634765601716936	0,140297348022461	8,16399955749512
0,0642903687548824	0,140867202758789	8,26399993896484
0,0651041627861559	0,142026260375977	8,36400032043457
0,0659688303130679	0,14303581237793	8,46399974822998
0,0667826316202991	0,143945693969727	8,56400012969971
0,067647299147211	0,144870544433594	8,66399955749512
0,0685119593981653	0,1455869140625	8,76399993896484
0,0693257679813541	0,146476974487305	8,86400032043457
0,0701904282323085	0,147352416992188	8,96399974822998
0,0710042368154973	0,148503005981445	9,06400012969971
0,0718688970664516	0,149238967895508	9,16399955749512
0,0726826983736828	0,149673873901367	9,26399993896484
0,073496499680914	0,150923690795898	9,36400032043457
0,0743611672078259	0,151197784423828	9,46399974822998
0,0751749685150571	0,152192855834961	9,56400012969971
0,0760396360419691	0,153128051757813	9,66399955749512
0,0768534300732426	0,154113067626953	9,76399993896484
0,0776672386564314	0,154918212890625	9,86400032043457
0,0784810399636626	0,155724212646484	9,96399974822998
0,079345700214617	0,156609191894531	10,0640001296997
0,0801595087978058	0,157368728637695	10,1639995574951
0,0809733028290793	0,158369155883789	10,2639999389648
0,0817871114122681	0,159376419067383	10,3640003204346
0,0826009127194993	0,160262283325195	10,46399974823
0,0834147140267305	0,161488632202148	10,5640001296997
0,0842285153339617	0,162646041870117	10,6639995574951
0,0850423166411929	0,163876815795898	10,7639999389648
0,0859069841681048	0,164752410888672	10,8640003204346
0,086720785475336	0,166415313720703	10,96399974823
0,0875345867825672	0,167851196289063	11,0640001296997
0,0883992543094791	0,169402694702148	11,1639995574951
0,0892130483407527	0,170935317993164	11,2639999389648
0,0900777231436223	0,172275054931641	11,3640003204346
0,0908915171748959	0,173797164916992	11,46399974823
0,0917053257580847	0,175172470092773	11,5640001296997
0,092569986009039	0,176651123046875	11,6639995574951
0,0934346535359509	0,178100433349609	11,7639999389648
0,0942484548431821	0,179973663330078	11,8640003204346
0,0951131223700941	0,181159271240234	11,96399974823
0,0959777826210484	0,182657073974609	12,0640001296997
0,0968424428720027	0,18404020690918	12,1639995574951
0,0976562514551915	0,185758117675781	12,2639999389648
0,0985209117061459	0,186928268432617	12,3640003204346
0,0993347202893347	0,188530456542969	12,46399974823
0,100199380540289	0,190287048339844	12,5640001296997
0,10101318184752	0,191631744384766	12,6639995574951
0,101877849374432	0,193354568481445	12,7639999389648
0,102691650681663	0,19484228515625	12,8640003204346
0,103505451988894	0,196172485351563	12,96399974823
0,104370119515806	0,198091003417969	13,0640001296997
0,105183920823038	0,199358932495117	13,1639995574951
0,105997722130269	0,200646667480469	13,2639999389648
0,1068115234375	0,202403579711914	13,3640003204346
0,107625324744731	0,204092025756836	13,46399974823
0,108489992271643	0,205833694458008	13,5640001296997
0,109303793578874	0,206924880981445	13,6639995574951
0,110117594886106	0,208333358764648	13,7639999389648
0,110931396193337	0,210153656005859	13,8640003204346
0,111796056444291	0,211718139648438	13,96399974823
0,11260986502748	0,21307600402832	14,0640001296997
0,113474525278434	0,214603042602539	14,1639995574951
0,114288326585665	0,216383972167969	14,2639999389648
0,115102135168854	0,218086639404297	14,3640003204346
0,115966795419808	0,2192587890625	14,46399974823
0,116780604002997	0,22153694152832	14,5640001296997
0,117645264253952	0,222690078735352	14,6639995574951
0,118509924504906	0,224802307128906	14,7639999389648
0,119323733088095	0,225985214233398	14,8640003204346
0,120188393339049	0,227581558227539	14,96399974823
0,12100219464628	0,229100738525391	15,0640001296997
0,121816003229469	0,230727447509766	15,1639995574951
0,1226298045367	0,232588333129883	15,2639999389648
0,123494464787655	0,233928573608398	15,3640003204346
0,124308266094886	0,235600189208984	15,46399974823
0,125122067402117	0,23703125	15,5640001296997
0,125935868709348	0,238508728027344	15,6639995574951
0,126749684568495	0,240023056030273	15,7639999389648
0,127563471323811	0,241719039916992	15,8640003204346
0,128377272631042	0,243648559570313	15,96399974823
0,129191088490188	0,244836242675781	16,0639991760254
0,130004889797419	0,246598846435547	16,1639995574951
0,130869550048374	0,248248489379883	16,2639999389648
0,131683351355605	0,249659301757813	16,3640003204346
0,132497152662836	0,250944442749023	16,4640007019043
0,133310953970067	0,252912628173828	16,5639991760254
0,134124755277298	0,254560211181641	16,6639995574951
0,134989430080168	0,256261505126953	16,7639999389648
0,135803216835484	0,257892456054688	16,8640003204346
0,136667891638353	0,259365478515625	16,9640007019043
0,137481692945585	0,260878540039063	17,0639991760254
0,138346353196539	0,262706634521484	17,1639995574951
0,139211013447493	0,264362060546875	17,2639999389648
0,140075688250363	0,265885406494141	17,3640003204346
0,140889475005679	0,267850433349609	17,4640007019043
0,141754149808548	0,269582153320313	17,5639991760254
0,142618824611418	0,27107763671875	17,6639995574951
0,143483470310457	0,272675354003906	17,7639999389648
0,144297286169603	0,274671722412109	17,8640003204346
0,145161946420558	0,276028533935547	17,9640007019043
0,146026606671512	0,277742034912109	18,0639991760254
0,146840407978743	0,279495635986328	18,1639995574951
0,14765422383789	0,281154937744141	18,2639999389648
0,148518869536929	0,282757446289063	18,3640003204346
0,149332685396075	0,284380615234375	18,4640007019043
0,150146486703306	0,285991821289063	18,5639991760254
0,151011146954261	0,287842071533203	18,6639995574951
0,151824948261492	0,28934326171875	18,7639999389648
0,152638749568723	0,291086090087891	18,8640003204346
0,15345256542787	0,292347534179688	18,9640007019043
0,154317211126909	0,2945498046875	19,0639991760254
0,155131026986055	0,295965850830078	19,1639995574951
0,155944828293286	0,297833404541016	19,2639999389648
0,156809488544241	0,299321014404297	19,3640003204346
0,157623289851472	0,301031311035156	19,4640007019043
0,158437091158703	0,302448822021484	19,5639991760254
0,159301751409657	0,304045104980469	19,6639995574951
0,160115552716888	0,306063140869141	19,7639999389648
0,160929368576035	0,307433837890625	19,8640003204346
0,161794028826989	0,308793884277344	19,9640007019043
0,16260783013422	0,310704040527344	20,0639991760254
0,163472490385175	0,312445129394531	20,1639995574951
0,164286306244321	0,314009918212891	20,2639999389648
0,16515095194336	0,315817230224609	20,3640003204346
0,165964767802507	0,317308044433594	20,4640007019043
0,166778569109738	0,319262878417969	20,5639991760254
0,167643229360692	0,320374176025391	20,6639995574951
0,168457030667923	0,322367736816406	20,7639999389648
0,169270831975155	0,323726226806641	20,8640003204346
0,170084633282386	0,325501678466797	20,9640007019043
0,170898434589617	0,327262329101563	21,0639991760254
0,171712235896848	0,328735565185547	21,1639995574951
0,172526051755995	0,330176452636719	21,2639999389648
0,173339838511311	0,332107421875	21,3640003204346
0,174153639818542	0,333617706298828	21,4640007019043
0,174967455677688	0,335184356689453	21,5639991760254
0,175781256984919	0,336776306152344	21,6639995574951
0,176595043740235	0,338465606689453	21,7639999389648
0,177408859599382	0,339937835693359	21,8640003204346
0,178222660906613	0,341679046630859	21,9640007019043
0,179087321157567	0,343243255615234	22,0639991760254
0,179901122464798	0,344929779052734	22,1639995574951
0,18071492377203	0,346628723144531	22,2639999389648
0,181579584022984	0,348284118652344	22,3640003204346
0,182393385330215	0,349928253173828	22,4640007019043
0,183258060133085	0,351664367675781	22,5639991760254
0,184071846888401	0,353322418212891	22,6639995574951
0,18493652169127	0,355070343017578	22,7639999389648
0,185750322998501	0,356633636474609	22,8640003204346
0,186614983249456	0,358390899658203	22,9640007019043
0,187428784556687	0,359826354980469	23,0639991760254
0,188293459359556	0,361488037109375	23,1639995574951
0,189158119610511	0,363413269042969	23,2639999389648
0,189971920917742	0,364964996337891	23,3640003204346
0,190836595720612	0,366732452392578	23,4640007019043
0,191650397027843	0,368434967041016	23,5639991760254
0,192515057278797	0,370110260009766	23,6639995574951
0,193379717529751	0,372112396240234	23,7639999389648
0,194193533388898	0,373644653320313	23,8640003204346
0,195007320144214	0,375150695800781	23,9640007019043
0,195821121451445	0,376826904296875	24,0639991760254
0,196685796254314	0,378546173095703	24,1639995574951
0,19749958300963	0,38005224609375	24,2639999389648
0,198313398868777	0,381924682617188	24,3640003204346
0,199127200176008	0,383768218994141	24,4640007019043
0,199991860426962	0,384808929443359	24,5639991760254
0,200805661734194	0,387369354248047	24,6639995574951
0,201619463041425	0,388117309570313	24,7639999389648
0,202484137844294	0,389860382080078	24,8640003204346
0,20329792459961	0,391957214355469	24,9640007019043
0,204111740458757	0,393443267822266	25,0639991760254
0,204976400709711	0,395082092285156	25,1639995574951
0,205790202016942	0,396653106689453	25,2639999389648
0,206654862267897	0,398591918945313	25,3640003204346
0,207468678127043	0,400148010253906	25,4640007019043
0,208282464882359	0,401988159179688	25,5639991760254
0,209147139685228	0,403602722167969	25,6639995574951
0,210011799936183	0,405194366455078	25,7639999389648
0,210825601243414	0,407082824707031	25,8640003204346
0,211690261494368	0,408684753417969	25,9640007019043
0,212504077353515	0,410194427490234	26,0639991760254
0,213368723052554	0,412076629638672	26,1639995574951
0,2141825389117	0,413781524658203	26,2639999389648
0,215047199162655	0,415258026123047	26,3640003204346
0,215861000469886	0,416819274902344	26,4640007019043
0,216674801777117	0,418816680908203	26,5639991760254
0,217488603084348	0,420249053955078	26,6639995574951
0,218302418943495	0,421818939208984	26,7639999389648
0,219116205698811	0,423722198486328	26,8640003204346
0,21998088050168	0,425432891845703	26,9640007019043
0,220794681808911	0,427101196289063	27,0639991760254
0,221608468564227	0,428826477050781	27,1639995574951
0,222422284423374	0,4301962890625	27,2639999389648
0,223236085730605	0,431615417480469	27,3640003204346
0,224049887037836	0,434097808837891	27,4640007019043
0,224863688345067	0,435309326171875	27,5639991760254
0,225728348596022	0,436891235351563	27,6639995574951
0,226542164455168	0,438572113037109	27,7639999389648
0,227355951210484	0,440137084960938	27,8640003204346
0,228220626013353	0,441822845458984	27,9640007019043
0,229034427320585	0,444226348876953	28,0639991760254
0,229848214075901	0,445390014648438	28,1639995574951
0,23071288887877	0,447049957275391	28,2639999389648
0,231526690186001	0,448498657226563	28,3640003204346
0,232391350436956	0,450297607421875	28,4640007019043
0,233256025239825	0,452042266845703	28,5639991760254
0,234069826547056	0,454345977783203	28,6639995574951
0,234934486798011	0,4556767578125	28,7639999389648
0,235799147048965	0,457022857666016	28,8640003204346
0,236612962908112	0,459140289306641	28,9640007019043
0,237477608607151	0,460561096191406	29,0639991760254
0,238291424466297	0,462372283935547	29,1639995574951
0,239156084717251	0,46398583984375	29,2639999389648
0,239969900576398	0,465519836425781	29,3640003204346
0,240783687331714	0,467330261230469	29,4640007019043
0,241648362134583	0,46909033203125	29,5639991760254
0,242462163441814	0,470954803466797	29,6639995574951
0,24327595019713	0,472375244140625	29,7639999389648
0,244089766056277	0,474202270507813	29,8640003204346
0,244954426307231	0,475460784912109	29,9640007019043
0,245768227614462	0,477389495849609	30,0639991760254
0,246582028921694	0,479143524169922	30,1639995574951
0,247395830228925	0,480525054931641	30,2639999389648
0,248209631536156	0,481994232177734	30,3640003204346
0,249074306339026	0,483976806640625	30,4640007019043
0,249888107646257	0,485530456542969	30,5639991760254
0,250752782449126	0,487395874023438	30,6639995574951
0,251566554652527	0,488796417236328	30,7639999389648
0,252380385063589	0,490515319824219	30,8640003204346
0,253245030762628	0,492239349365234	30,9640007019043
0,254109705565497	0,49396630859375	31,0639991760254
0,254923506872728	0,496133361816406	31,1639995574951
0,255788181675598	0,4978740234375	31,2639999389648
0,256601953878999	0,498971618652344	31,3640003204346
0,257466657785699	0,500618957519531	31,4640007019043
0,2582804299891	0,502528228759766	31,5639991760254
0,259094231296331	0,503954376220703	31,6639995574951
0,2599589060992	0,505654418945313	31,7639999389648
0,260772707406431	0,507340454101563	31,8640003204346
0,261637353105471	0,508900177001953	31,9640007019043
0,262451183516532	0,510696563720703	32,0639991760254
0,263264984823763	0,512363586425781	32,1640014648438
0,264078757027164	0,514470886230469	32,2639999389648
0,264892587438226	0,515422424316406	32,3639984130859
0,265706388745457	0,51720703125	32,4640007019043
0,266520160948858	0,518472229003906	32,5639991760254
0,267333991359919	0,520606872558594	32,6640014648438
0,268147792667151	0,521869018554688	32,7639999389648
0,268961564870551	0,523555847167969	32,8639984130859
0,269826268777251	0,525142150878906	32,9640007019043
0,270640040980652	0,527099426269531	33,0639991760254
0,271453871391714	0,528388244628906	33,1640014648438
0,272267672698945	0,53061279296875	33,2639999389648
0,273132318397984	0,532070251464844	33,3639984130859
0,273946148809046	0,533743957519531	33,4640007019043
0,274759921012446	0,53500927734375	33,5639991760254
0,275624595815316	0,536738220214844	33,6640014648438
0,276438397122547	0,53862451171875	33,7639999389648
0,277303071925417	0,540355285644531	33,8639984130859
0,278116844128817	0,542067321777344	33,9640007019043
0,278930674539879	0,543460754394531	34,0639991760254
0,279795320238918	0,545482788085938	34,1640014648438
0,280659995041788	0,547121948242188	34,2639999389648
0,281473796349019	0,548610534667969	34,3639984130859
0,282338471151888	0,550179016113281	34,4640007019043
0,283152243355289	0,552401733398438	34,5639991760254
0,284016947261989	0,553709838867188	34,6640014648438
0,28483071946539	0,556039184570313	34,7639999389648
0,285695394268259	0,557098205566406	34,8639984130859
0,286509195575491	0,559128112792969	34,9640007019043
0,287322996882722	0,560207824707031	35,0639991760254
0,288136798189953	0,562112854003906	35,1640014648438
0,289001472992823	0,564091491699219	35,2639999389648
0,289815274300054	0,565851257324219	35,3639984130859
0,290629046503454	0,567002868652344	35,4640007019043
0,291442876914516	0,568750244140625	35,5639991760254
0,292256678221747	0,570567443847656	35,6640014648438
0,293121323920786	0,571685302734375	35,7639999389648
0,293935154331848	0,573480773925781	35,8639984130859
0,294799800030887	0,57530712890625	35,9640007019043
0,295613630441949	0,576817565917969	36,0639991760254
0,29642740264535	0,578438720703125	36,1640014648438
0,297292077448219	0,580111938476563	36,2639999389648
0,29810587875545	0,581932373046875	36,3639984130859
0,298919680062681	0,58393408203125	36,4640007019043
0,299784325761721	0,585006958007813	36,5639991760254
0,300598156172782	0,586987731933594	36,6640014648438
0,301462801871821	0,588365295410156	36,7639999389648
0,302276603179052	0,590178161621094	36,8639984130859
0,303141277981922	0,591475402832031	36,9640007019043
0,303955079289153	0,593332641601563	37,0639991760254
0,304819724988192	0,594814514160156	37,1640014648438
0,305633555399254	0,596559814453125	37,2639999389648
0,306447356706485	0,598246643066406	37,3639984130859
0,307312002405524	0,600142517089844	37,4640007019043
0,308125832816586	0,601371459960938	37,5639991760254
0,308939605019987	0,603198974609375	37,6640014648438
0,309753406327218	0,604818603515625	37,7639999389648
0,310567236738279	0,606408020019531	37,8639984130859
0,31138100894168	0,607840942382813	37,9640007019043
0,312194810248911	0,609567016601563	38,0639991760254
0,313059485051781	0,611120422363281	38,1640014648438
0,313873286359012	0,612606872558594	38,2639999389648
0,314687116770074	0,614439453125	38,3639984130859
0,315500888973475	0,615941101074219	38,4640007019043
0,316314690280706	0,617618713378906	38,5639991760254
0,317128520691767	0,619035461425781	38,6640014648438
0,317942292895168	0,62098779296875	38,7639999389648
0,318756094202399	0,622570251464844	38,8639984130859
0,319569924613461	0,624037841796875	38,9640007019043
0,3204345703125	0,625809326171875	39,0639991760254
0,321248371619731	0,627307006835938	39,1640014648438
0,322113046422601	0,628946960449219	39,2639999389648
0,322926847729832	0,630824035644531	39,3639984130859
0,323791493428871	0,633002746582031	39,4640007019043
0,324605323839933	0,634108459472656	39,5639991760254
0,325469969538972	0,635718139648438	39,6640014648438
0,326334615238011	0,63735400390625	39,7639999389648
0,327148445649073	0,639185180664063	39,8639984130859
0,328013091348112	0,640850891113281	39,9640007019043
0,328877766150981	0,642197631835938	40,0639991760254
0,329742440953851	0,644724792480469	40,1640014648438
0,33060708665289	0,645812316894531	40,2639999389648
0,331420887960121	0,647492004394531	40,3639984130859
0,332285562762991	0,649152465820313	40,4640007019043
0,333099364070222	0,650661743164063	40,5639991760254
0,333913165377453	0,652841674804688	40,6640014648438
0,334726966684684	0,654070129394531	40,7639999389648
0,335591641487554	0,655746765136719	40,8639984130859
0,336405413690954	0,657120910644531	40,9640007019043
0,337219244102016	0,658986694335938	41,0639991760254
0,338033045409247	0,660472717285156	41,1640014648438
0,338846846716478	0,661979675292969	41,2639999389648
0,339711521519348	0,663477355957031	41,3639984130859
0,340525293722749	0,665343017578125	41,4640007019043
0,34133912413381	0,666911560058594	41,5639991760254
0,342152925441042	0,668666015625	41,6640014648438
0,343017571140081	0,670119140625	41,7639999389648
0,343831401551142	0,671648193359375	41,8639984130859
0,344696047250181	0,6737138671875	41,9640007019043
0,345509848557413	0,674961120605469	42,0639991760254
0,346323649864644	0,676924377441406	42,1640014648438
0,347188324667513	0,678274597167969	42,2639999389648
0,348002096870914	0,679849609375	42,3639984130859
0,348866800777614	0,681385864257813	42,4640007019043
0,349680572981015	0,683331848144531	42,5639991760254
0,350545247783884	0,684922912597656	42,6640014648438
0,351359049091116	0,686516845703125	42,7639999389648
0,352223723893985	0,688224609375	42,8639984130859
0,353037496097386	0,689582458496094	42,9640007019043
0,353851326508448	0,691097778320313	43,0639991760254
0,354665127815679	0,692651794433594	43,1640014648438
0,355529773514718	0,694545837402344	43,2639999389648
0,356343603925779	0,696381713867188	43,3639984130859
0,35715737612918	0,697289367675781	43,4640007019043
0,357971177436411	0,699403198242188	43,5639991760254
0,358785007847473	0,700572570800781	43,6640014648438
0,359598780050874	0,701953247070313	43,7639999389648
0,360412610461935	0,703615173339844	43,8639984130859
0,361226411769167	0,705120422363281	43,9640007019043
0,362040183972567	0,706640869140625	44,0639991760254
0,362854014383629	0,708528198242188	44,1640014648438
0,36366781569086	0,709754211425781	44,2639999389648
0,364481587894261	0,711598876953125	44,3639984130859
0,365295418305323	0,71314453125	44,4640007019043
0,366160064004362	0,714502868652344	44,5639991760254
0,366973865311593	0,716236450195313	44,6640014648438
0,367787695722654	0,71813720703125	44,7639999389648
0,368652341421694	0,71982861328125	44,8639984130859
0,369466142728925	0,721019226074219	44,9640007019043
0,370330817531794	0,722530456542969	45,0639991760254
0,371195463230833	0,724452697753906	45,1640014648438
0,372009264538065	0,72600439453125	45,2639999389648
0,372873939340934	0,727531311035156	45,3639984130859
0,373738614143804	0,729396484375	45,4640007019043
0,374603259842843	0,731162780761719	45,5639991760254
0,375417090253904	0,732400634765625	45,6640014648438
0,376281735952944	0,734006896972656	45,7639999389648
0,377095537260175	0,735521118164063	45,8639984130859
0,377960212063044	0,737370300292969	45,9640007019043
0,378774013370276	0,739153747558594	46,0639991760254
0,379587785573676	0,740394897460938	46,1640014648438
0,380452489480376	0,74208642578125	46,2639999389648
0,381266261683777	0,743371459960938	46,3639984130859
0,382080092094839	0,745172729492188	46,4640007019043
0,38289389340207	0,746500427246094	46,5639991760254
0,383707665605471	0,748718017578125	46,6640014648438
0,384521496016532	0,749860290527344	46,7639999389648
0,385335297323763	0,751566955566406	46,8639984130859
0,386149069527164	0,752589538574219	46,9640007019043
0,387013773433864	0,754173828125	47,0639991760254
0,387827545637265	0,755766296386719	47,1640014648438
0,388641346944496	0,757468872070313	47,2639999389648
0,389455177355558	0,758772338867188	47,3639984130859
0,390319823054597	0,760861694335938	47,4640007019043
0,391133624361828	0,762475952148438	47,5639991760254
0,391947425669059	0,763940063476563	47,6640014648438
0,392812100471929	0,765624389648438	47,7639999389648
0,393625872675329	0,766846374511719	47,8639984130859
0,394490576582029	0,768560791015625	47,9640007019043
0,39530434878543	0,770405212402344	48,0639991760254
0,3961690235883	0,772087585449219	48,1640014648438
0,396982824895531	0,773204162597656	48,2639999389648
0,397796626202762	0,775050598144531	48,3639984130859
0,398661271901801	0,776276184082031	48,4640007019043
0,399475102312863	0,778278137207031	48,5639991760254
0,400339748011902	0,779619018554688	48,6640014648438
0,401153578422964	0,78130419921875	48,7639999389648
0,401967379730195	0,78289208984375	48,8639984130859
0,402781151933596	0,784390808105469	48,9640007019043
0,403594982344657	0,785801696777344	49,0639991760254
0,404408783651888	0,787689575195313	49,1640014648438
0,405222555855289	0,788735900878906	49,2639999389648
0,406036386266351	0,790836120605469	49,3639984130859
0,406850187573582	0,791967407226563	49,4640007019043
0,407663959776983	0,793636840820313	49,5639991760254
0,408477790188044	0,795158447265625	49,6640014648438
0,409291591495276	0,796805480957031	49,7639999389648
0,410156237194315	0,798286926269531	49,8639984130859
0,410970067605376	0,79993310546875	49,9640007019043
0,411783839808777	0,80139306640625	50,0639991760254
0,412597670219839	0,80292138671875	50,1640014648438
0,41341147152707	0,80428466796875	50,2639999389648
0,414276117226109	0,8057841796875	50,3639984130859
0,415089947637171	0,807690124511719	50,4640007019043
0,41595459333621	0,809109924316406	50,5639991760254
0,416768394643441	0,810970031738281	50,6640014648438
0,41763306944631	0,812319152832031	50,7639999389648
0,41849771514535	0,813904541015625	50,8639984130859
0,419362389948219	0,81564697265625	50,9640007019043
0,420227064751089	0,817129211425781	51,0639991760254
0,42104086605832	0,81936083984375	51,1640014648438
0,421905511757359	0,820861877441406	51,2639999389648
0,422770186560228	0,822068176269531	51,3639984130859
0,42358398786746	0,823633056640625	51,4640007019043
0,424448633566499	0,825415100097656	51,5639991760254
0,42526246397756	0,826747436523438	51,6640014648438
0,426076265284792	0,828158508300781	51,7639999389648
0,426940910983831	0,829712463378906	51,8639984130859
0,427754741394892	0,831334533691406	51,9640007019043
0,428568513598293	0,832732177734375	52,0639991760254
0,429382314905524	0,834305908203125	52,1640014648438
0,430196145316586	0,835638427734375	52,2639999389648
0,431009917519987	0,837302429199219	52,3639984130859
0,431823718827218	0,839113464355469	52,4640007019043
0,432637549238279	0,840486145019531	52,5639991760254
0,43345132144168	0,841591247558594	52,6640014648438
0,434265122748911	0,843481994628906	52,7639999389648
0,435078953159973	0,844472290039063	52,8639984130859
0,435892725363374	0,846172485351563	52,9640007019043
0,436757429270074	0,847787719726563	53,0639991760254
0,437571201473475	0,849309020996094	53,1640014648438
0,438435876276344	0,851293273925781	53,2639999389648
0,439249677583575	0,85254638671875	53,3639984130859
0,440063478890806	0,85384375	53,4640007019043
0,440928124589846	0,856286560058594	53,5639991760254
0,441741955000907	0,857155151367188	53,6640014648438
0,442606600699946	0,858667297363281	53,7639999389648
0,443471275502816	0,860235717773438	53,8639984130859
0,444285076810047	0,861951965332031	53,9640007019043
0,445149751612917	0,863552673339844	54,0639991760254
0,445963523816317	0,865365234375	54,1640014648438
0,446828227723017	0,86678857421875	54,2639999389648
0,447641999926418	0,868105895996094	54,3639984130859
0,448455801233649	0,869419494628906	54,4640007019043
0,449269631644711	0,871055419921875	54,5639991760254
0,450083403848112	0,872811645507813	54,6640014648438
0,450897205155343	0,873953674316406	54,7639999389648
0,451761879958212	0,875572937011719	54,8639984130859
0,452575681265444	0,877049499511719	54,9640007019043
0,453389482572675	0,878629089355469	55,0639991760254
0,454203283879906	0,880127868652344	55,1640014648438
0,455017085187137	0,881829040527344	55,2639999389648
0,455830915598199	0,883156066894531	55,3639984130859
0,4566446878016	0,884721374511719	55,4640007019043
0,457509362604469	0,886291748046875	55,5639991760254
0,4583231639117	0,887860595703125	55,6640014648438
0,459136965218931	0,889325439453125	55,7639999389648
0,459950766526163	0,890741271972656	55,8639984130859
0,460815441329032	0,892120422363281	55,9640007019043
0,461629242636263	0,89396923828125	56,0639991760254
0,462493888335302	0,895981201171875	56,1640014648438
0,463307718746364	0,896648132324219	56,2639999389648
0,464172364445403	0,898842224121094	56,3639984130859
0,464986165752634	0,900171447753906	56,4640007019043
0,465850840555504	0,901870910644531	56,5639991760254
0,466715486254543	0,903010925292969	56,6640014648438
0,467580161057413	0,904604064941406	56,7639999389648
0,468393962364644	0,906106811523438	56,8639984130859
0,469258637167513	0,907714660644531	56,9640007019043
0,470123282866552	0,909513610839844	57,0639991760254
0,470937113277614	0,910977111816406	57,1640014648438
0,471750885481015	0,91197314453125	57,2639999389648
0,472615560283884	0,913916748046875	57,3639984130859
0,473429361591116	0,915361206054688	57,4640007019043
0,474243162898347	0,917246459960938	57,5639991760254
0,475056964205578	0,918457824707031	57,6640014648438
0,475921639008448	0,920051818847656	57,7639999389648
0,476735440315679	0,921938842773438	57,8639984130859
0,477549212519079	0,92331591796875	57,9640007019043
0,478363042930141	0,924276611328125	58,0639991760254
0,479176844237372	0,926419677734375	58,1640014648438
0,480041489936411	0,927578247070313	58,2639999389648
0,480855320347473	0,928868286132813	58,3639984130859
0,481669092550874	0,930472229003906	58,4640007019043
0,482533796457574	0,9318056640625	58,5639991760254
0,483347568660975	0,933418640136719	58,6640014648438
0,484161369968206	0,935072937011719	58,7639999389648
0,485026044771075	0,936894104003906	58,8639984130859
0,485839846078306	0,937837158203125	58,9640007019043
0,486704491777346	0,939647216796875	59,0639991760254
0,487518322188407	0,941029296875	59,1640014648438
0,488382938783616	0,942582214355469	59,2639999389648
0,489196798298508	0,944066650390625	59,3639984130859
0,490061414893717	0,945760620117188	59,4640007019043
0,490926089696586	0,947125671386719	59,5639991760254
0,491739891003817	0,948559875488281	59,6640014648438
0,492553692311049	0,950098754882813	59,7639999389648
0,493418367113918	0,951514892578125	59,8639984130859
0,494232168421149	0,95286474609375	59,9640007019043
0,49504596972838	0,954515441894531	60,0639991760254
0,495859771035612	0,955879699707031	60,1640014648438
0,496673572342843	0,957244567871094	60,2639999389648
0,497487373650074	0,958985717773438	60,3639984130859
0,498301174957305	0,960315124511719	60,4640007019043
0,499114976264536	0,961815124511719	60,5639991760254
0,499928777571768	0,963281188964844	60,6640014648438
0,50074263708666	0,964598022460938	60,7639999389648
0,50155638018623	0,966111572265625	60,8639984130859
0,502370181493461	0,967686828613281	60,9640007019043
0,503234856296331	0,969104736328125	61,0639991760254
0,504048657603562	0,970439208984375	61,1640014648438
0,504862458910793	0,971859191894531	61,2639999389648
0,505676260218024	0,973400939941406	61,3639984130859
0,506540935020894	0,97499169921875	61,4640007019043
0,507354736328125	0,9765791015625	61,5639991760254
0,508219411130995	0,977853149414063	61,6640014648438
0,509033212438226	0,979391662597656	61,7639999389648
0,509897887241095	0,9808076171875	61,8639984130859
0,510711688548326	0,9823173828125	61,9640007019043
0,511576363351196	0,984082214355469	62,0639991760254
0,512440979946405	0,985513977050781	62,1640014648438
0,513254839461297	0,987002868652344	62,2639999389648
0,514119456056505	0,988561767578125	62,3639984130859
0,514984130859375	0,990013793945313	62,4640007019043
0,515797932166606	0,991846984863281	62,5639991760254
0,516662606969476	0,993123657226563	62,6640014648438
0,517476408276707	0,994416198730469	62,7639999389648
0,518290209583938	0,995923156738281	62,8639984130859
0,519104010891169	0,997774108886719	62,9640007019043
0,519917812198401	0,998753540039063	63,0639991760254
0,52078248700127	1,00007794189453	63,1640014648438
0,52159623010084	1,00163970947266	63,2639999389648
0,522410089615732	1,00290771484375	63,3639984130859
0,523223890922964	1,00450299072266	63,4640007019043
0,524037634022534	1,00608258056641	63,5639991760254
0,524851493537426	1,00756829833984	63,6640014648438
0,525716110132635	1,00889825439453	63,7639999389648
0,526529969647527	1,01012390136719	63,8639984130859
0,527394586242735	1,01139868164063	63,9640007019043
0,528208445757627	1,01317694091797	64,0640029907227
0,529073062352836	1,01442565917969	64,1640014648438
0,529886921867728	1,01605334472656	64,2639999389648
0,530751538462937	1,01769073486328	64,3639984130859
0,531565339770168	1,01926647949219	64,463996887207
0,532430014573038	1,02094305419922	64,5640029907227
0,533243815880269	1,02227526855469	64,6640014648438
0,534108432475477	1,02363732910156	64,7639999389648
0,53492229199037	1,02576098632813	64,8639984130859
0,535786908585578	1,0263203125	64,963996887207
0,53660076810047	1,02812829589844	65,0640029907227
0,537465384695679	1,02930493164063	65,1640014648438
0,538279244210571	1,03112231445313	65,2639999389648
0,53914386080578	1,03257482910156	65,3639984130859
0,539957720320672	1,03337182617188	65,463996887207
0,540771463420242	1,03544616699219	65,5640029907227
0,541585264727473	1,0366240234375	65,6640014648438
0,542399124242365	1,03810083007813	65,7639999389648
0,543212867341936	1,03939428710938	65,8639984130859
0,544026668649167	1,0407685546875	65,963996887207
0,544840528164059	1,04246789550781	66,0640029907227
0,545654271263629	1,0440087890625	66,1640014648438
0,54646807257086	1,04549743652344	66,2639999389648
0,547281932085752	1,04669958496094	66,3639984130859
0,548095675185323	1,04810766601563	66,463996887207
0,548960408195853	1,04927661132813	66,5640029907227
0,549774151295424	1,05089794921875	66,6640014648438
0,550587952602655	1,0523173828125	66,7639999389648
0,551452627405524	1,0539306640625	66,8639984130859
0,552266428712755	1,05531091308594	66,963996887207
0,553080288227648	1,05679992675781	67,0640029907227
0,553944904822856	1,05816052246094	67,1640014648438
0,554758706130087	1,05964538574219	67,2639999389648
0,555623380932957	1,0611728515625	67,3639984130859
0,556437182240188	1,06240686035156	67,463996887207
0,557301798835397	1,064212890625	67,5640029907227
0,558115658350289	1,06536901855469	67,6640014648438
0,558980274945498	1,06686853027344	67,7639999389648
0,559844949748367	1,06862963867188	67,8639984130859
0,560658751055598	1,0698564453125	67,963996887207
0,561523425858468	1,07141711425781	68,0640029907227
0,562388100661337	1,072654296875	68,1640014648438
0,563201901968569	1,07416943359375	68,2639999389648
0,564066576771438	1,0755322265625	68,3639984130859
0,564880378078669	1,07707995605469	68,463996887207
0,565694179385901	1,07869311523438	68,5640029907227
0,566507980693132	1,07981726074219	68,6640014648438
0,56737259728834	1,08119946289063	68,7639999389648
0,568186456803232	1,08268737792969	68,8639984130859
0,569000258110464	1,08433703613281	68,963996887207
0,569864932913333	1,08548034667969	69,0640029907227
0,570678734220564	1,08699060058594	69,1640014648438
0,571492477320135	1,08828015136719	69,2639999389648
0,572306336835027	1,08971215820313	69,3639984130859
0,573120138142258	1,09106079101563	69,463996887207
0,573984812945127	1,09251770019531	69,5640029907227
0,574798556044698	1,09398681640625	69,6640014648438
0,575612357351929	1,0953740234375	69,7639999389648
0,576477032154799	1,09664904785156	69,8639984130859
0,57729083346203	1,09814868164063	69,963996887207
0,578104692976922	1,09946264648438	70,0640029907227
0,57896930957213	1,10081970214844	70,1640014648438
0,579783169087023	1,10284423828125	70,2639999389648
0,580647785682231	1,10372106933594	70,3639984130859
0,581461586989462	1,10510046386719	70,463996887207
0,582326261792332	1,10649682617188	70,5640029907227
0,583140063099563	1,10800598144531	70,6640014648438
0,583953864406794	1,10927697753906	70,7639999389648
0,584818539209664	1,11069018554688	70,8639984130859
0,585632340516895	1,1120732421875	70,963996887207
0,586446083616465	1,11347814941406	71,0640029907227
0,587259943131357	1,11483972167969	71,1640014648438
0,588073744438589	1,11657629394531	71,2639999389648
0,588938419241458	1,11796252441406	71,3639984130859
0,589752220548689	1,11914001464844	71,463996887207
0,59056596364826	1,12035375976563	71,5640029907227
0,591379823163152	1,1217802734375	71,6640014648438
0,592193624470383	1,12316613769531	71,7639999389648
0,593007367569953	1,12433215332031	71,8639984130859
0,593821227084845	1,12565087890625	71,963996887207
0,594635028392076	1,12695666503906	72,0640029907227
0,595448771491647	1,1288447265625	72,1640014648438
0,596262631006539	1,12962121582031	72,2639999389648
0,59707643231377	1,13126098632813	72,3639984130859
0,59794110711664	1,1327978515625	72,463996887207
0,598754908423871	1,13404760742188	72,5640029907227
0,599568651523441	1,13594067382813	72,6640014648438
0,600433326326311	1,1367080078125	72,7639999389648
0,601247127633542	1,13832702636719	72,8639984130859
0,602060987148434	1,13953747558594	72,963996887207
0,602925603743643	1,14140734863281	73,0640029907227
0,603790278546512	1,14260900878906	73,1640014648438
0,604604079853743	1,14381701660156	73,2639999389648
0,605468754656613	1,145296875	73,3639984130859
0,606333429459482	1,14656237792969	73,463996887207
0,607198046054691	1,1480595703125	73,5640029907227
0,608011905569583	1,14946105957031	73,6640014648438
0,608876522164792	1,15105798339844	73,7639999389648
0,609690381679684	1,15242175292969	73,8639984130859
0,610554998274893	1,1535185546875	73,963996887207
0,611368857789785	1,15504650878906	74,0640029907227
0,612182600889355	1,15628515625	74,1640014648438
0,612996402196586	1,15773608398438	74,2639999389648
0,613861076999456	1,15915344238281	74,3639984130859
0,614674878306687	1,16038854980469	74,463996887207
0,615488679613918	1,16190002441406	74,5640029907227
0,616302480921149	1,1632314453125	74,6640014648438
0,617167155724019	1,16447924804688	74,7639999389648
0,61798095703125	1,16575866699219	74,8639984130859
0,618794758338481	1,16733337402344	74,963996887207
0,619608559645712	1,16837963867188	75,0640029907227
0,620473234448582	1,1696728515625	75,1640014648438
0,621287035755813	1,17084643554688	75,2639999389648
0,622100837063044	1,17263940429688	75,3639984130859
0,622965511865914	1,1738359375	75,463996887207
0,623779313173145	1,17510192871094	75,5640029907227
0,624643987976015	1,17651330566406	75,6640014648438
0,625457789283246	1,17801916503906	75,7639999389648
0,626322464086115	1,17933471679688	75,8639984130859
0,627136207185686	1,18051477050781	75,963996887207
0,628000940196216	1,1819638671875	76,0640029907227
0,628814683295786	1,18333435058594	76,1640014648438
0,629679358098656	1,18483386230469	76,2639999389648
0,630493159405887	1,18612353515625	76,3639984130859
0,631357834208757	1,18717041015625	76,463996887207
0,632171635515988	1,18878039550781	76,5640029907227
0,632985436823219	1,18995581054688	76,6640014648438
0,63379923813045	1,19155310058594	76,7639999389648
0,634613039437681	1,1929052734375	76,8639984130859
0,635426840744913	1,19441796875	76,963996887207
0,636240642052144	1,19566467285156	77,0640029907227
0,637054443359375	1,19676245117188	77,1640014648438
0,637868244666606	1,198146484375	77,2639999389648
0,638682045973837	1,19935852050781	77,3639984130859
0,639546720776707	1,20076867675781	77,463996887207
0,640360522083938	1,20203063964844	77,5640029907227
0,641174323391169	1,20325598144531	77,6640014648438
0,641988124698401	1,20498693847656	77,7639999389648
0,642801926005632	1,2060263671875	77,8639984130859
0,643615727312863	1,20742895507813	77,963996887207
0,644480402115732	1,20871667480469	78,0640029907227
0,645294203422964	1,21017077636719	78,1640014648438
0,646107946522534	1,21137512207031	78,2639999389648
0,646972679533064	1,21283630371094	78,3639984130859
0,647786422632635	1,21425939941406	78,463996887207
0,648651097435504	1,21551049804688	78,5640029907227
0,649515830446035	1,21694421386719	78,6640014648438
0,650329573545605	1,21832800292969	78,7639999389648
0,651194248348475	1,21950476074219	78,8639984130859
0,652058923151344	1,22084948730469	78,963996887207
0,652923597954214	1,22261120605469	79,0640029907227
0,653788272757083	1,22399182128906	79,1640014648438
0,654602074064314	1,22516174316406	79,2639999389648
0,655466748867184	1,22645812988281	79,3639984130859
0,656280491966754	1,22810217285156	79,463996887207
0,657145224977285	1,22901452636719	79,5640029907227
0,657958968076855	1,23007177734375	79,6640014648438
0,658772769384086	1,23156298828125	79,7639999389648
0,659637444186956	1,23301892089844	79,8639984130859
0,660451245494187	1,234669921875	79,963996887207
0,661265046801418	1,23560485839844	80,0640029907227
0,662078848108649	1,23699768066406	80,1640014648438
0,66289264941588	1,23782360839844	80,2639999389648
0,66375732421875	1,23943896484375	80,3639984130859
0,664571125525981	1,24085961914063	80,463996887207
0,665384926833212	1,24220349121094	80,5640029907227
0,666198728140444	1,243431640625	80,6640014648438
0,667063402943313	1,24476208496094	80,7639999389648
0,667877204250544	1,2461005859375	80,8639984130859
0,668691005557776	1,24739172363281	80,963996887207
0,669555680360645	1,24864343261719	81,0640029907227
0,670369423460215	1,250154296875	81,1640014648438
0,671183282975107	1,25106884765625	81,2639999389648
0,672047899570316	1,25278308105469	81,3639984130859
0,672861759085208	1,25392919921875	81,463996887207
0,673726375680417	1,25510180664063	81,5640029907227
0,674540235195309	1,25662377929688	81,6640014648438
0,675404851790518	1,25806420898438	81,7639999389648
0,676269526593387	1,25876794433594	81,8639984130859
0,677083327900618	1,26024401855469	81,963996887207
0,677948002703488	1,26141479492188	82,0640029907227
0,678761804010719	1,2628212890625	82,1640014648438
0,67957560531795	1,26424108886719	82,2639999389648
0,680389406625181	1,26565100097656	82,3639984130859
0,681203207932413	1,26693188476563	82,463996887207
0,682067882735282	1,26795544433594	82,5640029907227
0,682881625834852	1,26918127441406	82,6640014648438
0,683695485349745	1,27013818359375	82,7639999389648
0,684509286656976	1,27174462890625	82,8639984130859
0,685323087964207	1,27310986328125	82,963996887207
0,686136889271438	1,27422155761719	83,0640029907227
0,686950690578669	1,27556884765625	83,1640014648438
0,687815365381539	1,27657446289063	83,2639999389648
0,68862916668877	1,27808630371094	83,3639984130859
0,68944290978834	1,27929870605469	83,463996887207
0,690307642798871	1,28087414550781	83,5640029907227
0,691121385898441	1,28179418945313	83,6640014648438
0,691935245413333	1,28281823730469	83,7639999389648
0,692799862008542	1,28449951171875	83,8639984130859
0,693613721523434	1,28619873046875	83,963996887207
0,694427464623004	1,28703576660156	84,0640029907227
0,695292197633535	1,28806127929688	84,1640014648438
0,696105940733105	1,28943798828125	84,2639999389648
0,696970615535975	1,29080334472656	84,3639984130859
0,697835290338844	1,29217114257813	84,463996887207
0,698649091646075	1,29323864746094	84,5640029907227
0,699513708241284	1,29468469238281	84,6640014648438
0,700378441251814	1,29620104980469	84,7639999389648
0,701192184351385	1,29734594726563	84,8639984130859
0,702056859154254	1,29851184082031	84,963996887207
0,702870660461485	1,29986547851563	85,0640029907227
0,703735335264355	1,30122668457031	85,1640014648438
0,704549136571586	1,30234008789063	85,2639999389648
0,705362996086478	1,30373205566406	85,3639984130859
0,706176739186049	1,30486401367188	85,463996887207
0,70699054049328	1,30607946777344	85,5640029907227
0,707855215296149	1,3072392578125	85,6640014648438
0,70866901660338	1,30858068847656	85,7639999389648
0,709482876118273	1,30986328125	85,8639984130859
0,710296619217843	1,31091564941406	85,963996887207
0,711110420525074	1,3122255859375	86,0640029907227
0,711924280039966	1,31366662597656	86,1640014648438
0,712788896635175	1,31467553710938	86,2639999389648
0,713602697942406	1,31585437011719	86,3639984130859
0,714416499249637	1,31715612792969	86,463996887207
0,715281174052507	1,31861364746094	86,5640029907227
0,716094975359738	1,32027990722656	86,6640014648438
0,716959650162607	1,32086999511719	86,7639999389648
0,717773451469839	1,32234045410156	86,8639984130859
0,718638126272708	1,32356726074219	86,963996887207
0,719451927579939	1,3247294921875	87,0640029907227
0,720316602382809	1,32611743164063	87,1640014648438
0,721130345482379	1,32786950683594	87,2639999389648
0,72199507849291	1,32839660644531	87,3639984130859
0,722859695088118	1,33007836914063	87,463996887207
0,72367349639535	1,3308671875	87,5640029907227
0,724487297702581	1,3321611328125	87,6640014648438
0,72535197250545	1,33342517089844	87,7639999389648
0,726165773812681	1,33471166992188	87,8639984130859
0,726979575119913	1,335765625	87,963996887207
0,727793376427144	1,33707202148438	88,0640029907227
0,728607177734375	1,3382216796875	88,1640014648438
0,729420979041606	1,3393359375	88,2639999389648
0,730234780348837	1,34060009765625	88,3639984130859
0,731048581656069	1,341390625	88,463996887207
0,7318623829633	1,34277990722656	88,5640029907227
0,732676184270531	1,344376953125	88,6640014648438
0,733489985577762	1,34558874511719	88,7639999389648
0,734303786884993	1,34640698242188	88,8639984130859
0,735117588192225	1,34778784179688	88,963996887207
0,735982262995094	1,34877722167969	89,0640029907227
0,736796064302325	1,34988610839844	89,1640014648438
0,737609865609556	1,35112915039063	89,2639999389648
0,738423666916788	1,35236486816406	89,3639984130859
0,739237468224019	1,35354650878906	89,463996887207
0,740102084819227	1,3546513671875	89,5640029907227
0,74091594433412	1,35594799804688	89,6640014648438
0,741780560929328	1,35722448730469	89,7639999389648
0,74259442044422	1,35850134277344	89,8639984130859
0,743459037039429	1,35951391601563	89,963996887207
0,744272896554321	1,36114013671875	90,0640029907227
0,74513751314953	1,36225756835938	90,1640014648438
0,746002187952399	1,36354418945313	90,2639999389648
0,74681598925963	1,36455505371094	90,3639984130859
0,7476806640625	1,3656328125	90,463996887207
0,74854533886537	1,36721032714844	90,5640029907227
0,749359140172601	1,36827807617188	90,6640014648438
0,750172941479832	1,36965368652344	90,7639999389648
0,751037616282701	1,37122570800781	90,8639984130859
0,751851359382272	1,371923828125	90,963996887207
0,752665218897164	1,37339929199219	91,0640029907227
0,753479020204395	1,37447668457031	91,1640014648438
0,754343695007265	1,37559606933594	91,2639999389648
0,755157496314496	1,37710681152344	91,3639984130859
0,755971239414066	1,3778876953125	91,463996887207
0,756785098928958	1,37918115234375	91,5640029907227
0,757649715524167	1,38016711425781	91,6640014648438
0,758463575039059	1,38173217773438	91,7639999389648
0,759277318138629	1,38246228027344	91,8639984130859
0,76014205114916	1,38407373046875	91,963996887207
0,76095579424873	1,38510095214844	92,0640029907227
0,7618204690516	1,38624194335938	92,1640014648438
0,762634270358831	1,38743530273438	92,2639999389648
0,763448071666062	1,38872509765625	92,3639984130859
0,764312746468931	1,39010754394531	92,463996887207
0,765177421271801	1,39118688964844	92,5640029907227
0,765991222579032	1,39223852539063	92,6640014648438
0,766855897381902	1,39329650878906	92,7639999389648
0,76772051397711	1,39450671386719	92,8639984130859
0,768534373492002	1,39589868164063	92,963996887207
0,769398990087211	1,39711462402344	93,0640029907227
0,770212849602103	1,39820654296875	93,1640014648438
0,771077466197312	1,39951025390625	93,2639999389648
0,771891267504543	1,40047717285156	93,3639984130859
0,772705068811774	1,40184558105469	93,463996887207
0,773518870119005	1,40289587402344	93,5640029907227
0,774332729633898	1,40381713867188	93,6640014648438
0,775146472733468	1,40481860351563	93,7639999389648
0,775960274040699	1,406080078125	93,8639984130859
0,776774133555591	1,40759033203125	93,963996887207
0,777587876655161	1,40836657714844	94,0640029907227
0,778401677962393	1,40947253417969	94,1640014648438
0,779266352765262	1,41089965820313	94,2639999389648
0,780080154072493	1,41162475585938	94,3639984130859
0,780893955379725	1,41252856445313	94,463996887207
0,781707756686956	1,41464611816406	94,5640029907227
0,782521557994187	1,4151923828125	94,6640014648438
0,783386232797056	1,41619311523438	94,7639999389648
0,784200034104288	1,4176083984375	94,8639984130859
0,785013835411519	1,4182265625	94,963996887207
0,78582763671875	1,41971484375	95,0640029907227
0,78669231152162	1,42102404785156	95,1640014648438
0,787506112828851	1,4222373046875	95,2639999389648
0,78837078763172	1,42295764160156	95,3639984130859
0,789184588938951	1,42410412597656	95,463996887207
0,790049263741821	1,42550622558594	95,5640029907227
0,79091388033703	1,42701293945313	95,6640014648438
0,791727739851922	1,42774560546875	95,7639999389648
0,79259235644713	1,42904211425781	95,8639984130859
0,79345703125	1,43012609863281	95,963996887207
0,794270832557231	1,43150646972656	96,0640029907227
0,795135507360101	1,43262744140625	96,1640014648438
0,795949308667332	1,43388879394531	96,2639999389648
0,796813983470201	1,43488037109375	96,3639984130859
0,797627726569772	1,43591003417969	96,463996887207
0,798492459580302	1,43718579101563	96,5640029907227
0,799306202679873	1,43815307617188	96,6640014648438
0,800120062194765	1,43914343261719	96,7639999389648
0,800933863501996	1,44045361328125	96,8639984130859
0,801798538304865	1,44156127929688	96,963996887207
0,802612281404436	1,44251916503906	97,0640029907227
0,803426082711667	1,44394506835938	97,1640014648438
0,804239942226559	1,44490112304688	97,2639999389648
0,805053685326129	1,44611706542969	97,3639984130859
0,80586748663336	1,44698303222656	97,463996887207
0,80673216143623	1,44842626953125	97,5640029907227
0,807545962743461	1,44943591308594	97,6640014648438
0,808359822258353	1,45019885253906	97,7639999389648
0,809224438853562	1,45169946289063	97,8639984130859
0,810038240160793	1,45267236328125	97,963996887207
0,810902914963663	1,4538251953125	98,0640029907227
0,811716716270894	1,45510949707031	98,1640014648438
0,812581332866102	1,45609814453125	98,2639999389648
0,813395192380995	1,45711181640625	98,3639984130859
0,814259808976203	1,45846740722656	98,463996887207
0,815124483779073	1,45947119140625	98,5640029907227
0,815938285086304	1,4603056640625	98,6640014648438
0,816802959889174	1,46167590332031	98,7639999389648
0,817616761196405	1,462720703125	98,8639984130859
0,818430620711297	1,46382861328125	98,963996887207
0,819244363810867	1,46478369140625	99,0640029907227
0,820058165118098	1,46627478027344	99,1640014648438
0,82087202463299	1,4669677734375	99,2639999389648
0,821685767732561	1,46815576171875	99,3639984130859
0,822550500743091	1,46927648925781	99,463996887207
0,823364243842661	1,47027526855469	99,5640029907227
0,824127171654254	1,47136376953125	99,6640014648438
0,824940972961485	1,47231396484375	99,7639999389648
0,825805647764355	1,47338745117188	99,8639984130859
0,826619449071586	1,47443872070313	99,963996887207
0,827433308586478	1,4753642578125	100,064002990723
0,828247051686049	1,47659704589844	100,164001464844
0,82906085299328	1,47775634765625	100,263999938965
0,829925527796149	1,47879711914063	100,363998413086
0,83073932910338	1,47992956542969	100,463996887207
0,831553188618273	1,480771484375	100,564002990723
0,832417805213481	1,48210998535156	100,664001464844
0,833231606520712	1,48335461425781	100,763999938965
0,834096281323582	1,48413195800781	100,863998413086
0,834960956126451	1,48531860351563	100,963996887207
0,835774699226022	1,48662731933594	101,064002990723
0,836639432236552	1,48775646972656	101,164001464844
0,837504107039422	1,48872668457031	101,263999938965
0,83836872363463	1,48996020507813	101,363998413086
0,8392333984375	1,49104113769531	101,463996887207
0,84009807324037	1,49215466308594	101,564002990723
0,840911874547601	1,49296264648438	101,664001464844
0,84177654935047	1,49418176269531	101,763999938965
0,842590350657701	1,49514038085938	101,863998413086
0,843455025460571	1,49647009277344	101,963996887207
0,844268826767802	1,4976201171875	102,064002990723
0,845082569867373	1,4985517578125	102,164001464844
0,845947244670242	1,49939318847656	102,263999938965
0,846761045977473	1,50049499511719	102,363998413086
0,847574905492365	1,501345703125	102,463996887207
0,848388648591936	1,50269934082031	102,564002990723
0,849202449899167	1,50342590332031	102,664001464844
0,850067124702036	1,50460986328125	102,763999938965
0,850880926009268	1,50560070800781	102,863998413086
0,85169478552416	1,50649389648438	102,963996887207
0,85250852862373	1,50767858886719	103,064002990723
0,8533732034266	1,50873474121094	103,164001464844
0,854187004733831	1,50965686035156	103,263999938965
0,8550516795367	1,51072619628906	103,363998413086
0,855865480843931	1,51175244140625	103,463996887207
0,856730155646801	1,51275891113281	103,564002990723
0,857543956954032	1,51377294921875	103,664001464844
0,858357700053602	1,51463500976563	103,763999938965
0,859222433064133	1,51580883789063	103,863998413086
0,860036176163703	1,51677697753906	103,963996887207
0,860900850966573	1,51788049316406	104,064002990723
0,861714652273804	1,51896484375	104,164001464844
0,862579327076674	1,52000524902344	104,263999938965
0,863393128383905	1,52084167480469	104,363998413086
0,864206987898797	1,521740234375	104,463996887207
0,865020730998367	1,52286279296875	104,564002990723
0,865834532305598	1,52401611328125	104,664001464844
0,86664839182049	1,52463330078125	104,763999938965
0,867462134920061	1,52575158691406	104,863998413086
0,868275936227292	1,52677722167969	104,963996887207
0,869089795742184	1,52753295898438	105,064002990723
0,869903538841754	1,52874584960938	105,164001464844
0,870717340148985	1,52942980957031	105,263999938965
0,871531199663877	1,53054846191406	105,363998413086
0,872344942763448	1,53138073730469	105,463996887207
0,873158744070679	1,53263354492188	105,564002990723
0,874023418873549	1,53341723632813	105,664001464844
0,87483722018078	1,53449572753906	105,763999938965
0,875651079695672	1,53559716796875	105,863998413086
0,87651569629088	1,53650415039063	105,963996887207
0,877329555805773	1,53723791503906	106,064002990723
0,878194172400981	1,53863269042969	106,164001464844
0,879007973708212	1,53948266601563	106,263999938965
0,879872648511082	1,54059460449219	106,363998413086
0,880686449818313	1,54148791503906	106,463996887207
0,881551066413522	1,54232543945313	106,564002990723
0,882415799424052	1,54339221191406	106,664001464844
0,883229542523623	1,54464025878906	106,763999938965
0,884094217326492	1,54542468261719	106,863998413086
0,884958950337023	1,54650085449219	106,963996887207
0,885823566932231	1,54745373535156	107,064002990723
0,886637368239462	1,54844067382813	107,164001464844
0,887502043042332	1,5495771484375	107,263999938965
0,888315844349563	1,55033776855469	107,363998413086
0,889180460944772	1,55150708007813	107,463996887207
0,889994320459664	1,55256982421875	107,564002990723
0,890808121766895	1,553359375	107,664001464844
0,891672796569765	1,55445446777344	107,763999938965
0,892486597876996	1,55528686523438	107,863998413086
0,893300340976566	1,55624096679688	107,963996887207
0,894114200491458	1,55701745605469	108,064002990723
0,894978817086667	1,55795178222656	108,164001464844
0,895792676601559	1,55892663574219	108,263999938965
0,896606419701129	1,55963305664063	108,363998413086
0,89747115271166	1,560572265625	108,463996887207
0,89828489581123	1,5614990234375	108,564002990723
0,899098697118461	1,56250720214844	108,664001464844
0,899912556633353	1,56345141601563	108,763999938965
0,900777173228562	1,56439794921875	108,863998413086
0,901590974535793	1,56527697753906	108,963996887207
0,902455649338663	1,5662373046875	109,064002990723
0,903269450645894	1,56716442871094	109,164001464844
0,904134067241102	1,56804748535156	109,263999938965
0,904947926755995	1,56899816894531	109,363998413086
0,905812543351203	1,57006042480469	109,463996887207
0,906626402866095	1,57091162109375	109,564002990723
0,907491019461304	1,571845703125	109,664001464844
0,908355694264174	1,57301379394531	109,763999938965
0,909169495571405	1,57383581542969	109,863998413086
0,910034170374274	1,57472705078125	109,963996887207
0,910847971681505	1,57568872070313	110,064002990723
0,911661831196398	1,576578125	110,164001464844
0,912475574295968	1,57730688476563	110,263999938965
0,913289375603199	1,57823120117188	110,363998413086
0,914103235118091	1,57911767578125	110,463996887207
0,914916978217661	1,579880859375	110,564002990723
0,915781653020531	1,58079504394531	110,664001464844
0,916595454327762	1,58150439453125	110,763999938965
0,917409255634993	1,58243103027344	110,863998413086
0,918223056942225	1,58337780761719	110,963996887207
0,919036858249456	1,5841884765625	111,064002990723
0,919850659556687	1,58516003417969	111,164001464844
0,920664460863918	1,58582348632813	111,263999938965
0,921478262171149	1,58666333007813	111,363998413086
0,922342936974019	1,5876279296875	111,463996887207
0,92315673828125	1,5885751953125	111,564002990723
0,923970539588481	1,58934069824219	111,664001464844
0,924835214391351	1,59013317871094	111,763999938965
0,925649015698582	1,59102526855469	111,863998413086
0,926513690501451	1,59175964355469	111,963996887207
0,927327433601022	1,592802734375	112,064002990723
0,928192166611552	1,59357104492188	112,164001464844
0,929056841414422	1,59455029296875	112,263999938965
0,929870584513992	1,59535778808594	112,363998413086
0,930735317524523	1,59619970703125	112,463996887207
0,931549060624093	1,59714794921875	112,564002990723
0,932413735426962	1,59813732910156	112,664001464844
0,933278410229832	1,59867065429688	112,763999938965
0,934092211537063	1,59967639160156	112,863998413086
0,934956828132272	1,60037451171875	112,963996887207
0,935770687647164	1,60123937988281	113,064002990723
0,936584488954395	1,60215673828125	113,164001464844
0,937398232053965	1,6030048828125	113,263999938965
0,938262965064496	1,60385852050781	113,363998413086
0,939076708164066	1,60456726074219	113,463996887207
0,939890567678958	1,60533203125	113,564002990723
0,940704368986189	1,60633801269531	113,664001464844
0,941569043789059	1,60684692382813	113,763999938965
0,942382786888629	1,60792175292969	113,863998413086
0,94319658819586	1,60866662597656	113,963996887207
0,944010447710752	1,6094658203125	114,064002990723
0,944875064305961	1,61037817382813	114,164001464844
0,945688923820853	1,61098107910156	114,263999938965
0,946553540416062	1,61175085449219	114,363998413086
0,947367341723293	1,61267358398438	114,463996887207
0,948232016526163	1,6135966796875	114,564002990723
0,949045817833394	1,61428991699219	114,664001464844
0,949910434428602	1,6151357421875	114,763999938965
0,950775167439133	1,61600793457031	114,863998413086
0,951588910538703	1,61673840332031	114,963996887207
0,952453585341573	1,61764733886719	115,064002990723
0,953267386648804	1,6183515625	115,164001464844
0,954132061451674	1,61918823242188	115,263999938965
0,954945862758905	1,61984106445313	115,363998413086
0,955810537561774	1,62063110351563	115,463996887207
0,956624338869005	1,62138232421875	115,564002990723
0,957438198383898	1,62209326171875	115,664001464844
0,958251941483468	1,62286865234375	115,763999938965
0,959065742790699	1,62348583984375	115,863998413086
0,959879602305591	1,62435815429688	115,963996887207
0,960693345405161	1,62495556640625	116,064002990723
0,961558020208031	1,6257470703125	116,164001464844
0,962321006227285	1,62648193359375	116,263999938965
0,963185622822493	1,62707189941406	116,363998413086
0,963999424129725	1,62773986816406	116,463996887207
0,964813225436956	1,62841833496094	116,564002990723
0,965627026744187	1,62907983398438	116,664001464844
0,966440828051418	1,62992578125	116,763999938965
0,967254629358649	1,63052233886719	116,863998413086
0,96806843066588	1,63128527832031	116,963996887207
0,96893310546875	1,63190014648438	117,064002990723
0,969746906775981	1,63278332519531	117,164001464844
0,970560708083212	1,63326049804688	117,263999938965
0,971425382886082	1,63391357421875	117,363998413086
0,972239184193313	1,63477307128906	117,463996887207
0,973103800788522	1,63542370605469	117,564002990723
0,973917660303414	1,63605920410156	117,664001464844
0,974782276898623	1,63692541503906	117,763999938965
0,975646951701492	1,63770715332031	117,863998413086
0,976511684712023	1,63854138183594	117,963996887207
0,97737624309957	1,63914270019531	118,064002990723
0,978190102614462	1,64001782226563	118,164001464844
0,979054719209671	1,6407421875	118,263999938965
0,979919452220201	1,6414130859375	118,363998413086
0,98078406881541	1,64208374023438	118,463996887207
0,981597928330302	1,64291174316406	118,564002990723
0,982462544925511	1,64362036132813	118,664001464844
0,983276404440403	1,6444052734375	118,763999938965
0,984090147539973	1,6449228515625	118,863998413086
0,984954880550504	1,64558508300781	118,963996887207
0,985768623650074	1,64635913085938	119,064002990723
0,986582483164966	1,64704821777344	119,164001464844
0,987396226264536	1,64771325683594	119,263999938965
0,988260959275067	1,64822241210938	119,363998413086
0,989074702374637	1,64892724609375	119,463996887207
0,989888445474207	1,64954223632813	119,564002990723
0,9907023049891	1,65014025878906	119,664001464844
0,991566921584308	1,65087670898438	119,763999938965
0,9923807810992	1,65145654296875	119,863998413086
0,993245397694409	1,65224536132813	119,963996887207
0,994059257209301	1,65280346679688	120,064002990723
0,994873000308871	1,65338305664063	120,164001464844
0,995737733319402	1,65415319824219	120,263999938965
0,996551476418972	1,65471728515625	120,363998413086
0,997365335933864	1,655380859375	120,463996887207
0,998229952529073	1,65600134277344	120,564002990723
0,999094685539603	1,65664990234375	120,664001464844
0,999908428639174	1,65712451171875	120,763999938965
1,00072228815407	1,65784094238281	120,863998413086
1,00158690474927	1,65854174804688	120,963996887207
1,00240076426417	1,65912512207031	121,064002990723
1,00321450736374	1,65996618652344	121,164001464844
1,00407924037427	1,66052722167969	121,263999938965
1,00489298347384	1,66080615234375	121,363998413086
1,00570684298873	1,66149829101563	121,463996887207
1,0065205860883	1,66228039550781	121,564002990723
1,00733432918787	1,66250109863281	121,664001464844
1,00814818870276	1,66328466796875	121,763999938965
1,00896204821765	1,66382763671875	121,863998413086
1,00977579131722	1,66425830078125	121,963996887207
1,01058965083212	1,66502954101563	122,064002990723
1,01140339393169	1,66549353027344	122,164001464844
1,0122680105269	1,66615380859375	122,263999938965
1,01308187004179	1,66593542480469	122,363998413086
1,01389561314136	1,66622619628906	122,463996887207
1,01470947265625	1,66692822265625	122,564002990723
1,01552333217114	1,66760986328125	122,664001464844
1,01638794876635	1,66820568847656	122,763999938965
1,01720180828124	1,66869970703125	122,863998413086
1,01806642487645	1,66968664550781	122,963996887207
1,01888028439134	1,67006909179688	123,064002990723
1,01974490098655	1,67057849121094	123,164001464844
1,02055876050144	1,67128991699219	123,263999938965
1,02142337709665	1,67196899414063	123,363998413086
1,02228799369186	1,67250915527344	123,463996887207
1,02315272670239	1,67292492675781	123,564002990723
1,0240173432976	1,67370007324219	123,664001464844
1,02483120281249	1,67429162597656	123,763999938965
1,0256958194077	1,674908203125	123,863998413086
1,02656043600291	1,67549230957031	123,963996887207
1,0273742955178	1,67596850585938	124,064002990723
1,02823891211301	1,67652905273438	124,164001464844
1,0290527716279	1,67718676757813	124,263999938965
1,0298666311428	1,67795373535156	124,363998413086
1,03068025782704	1,67831005859375	124,463996887207
1,03149411734194	1,67879675292969	124,564002990723
1,03235873393714	1,67937670898438	124,664001464844
1,03317259345204	1,68001098632813	124,763999938965
1,03398645296693	1,68041418457031	124,863998413086
1,0348001960665	1,68089318847656	124,963996887207
1,03566492907703	1,68152819824219	125,064002990723
1,0364786721766	1,6820546875	125,164001464844
1,03729253169149	1,68276220703125	125,263999938965
1,0381571482867	1,68307507324219	125,363998413086
1,03897089138627	1,68355151367188	125,463996887207
1,03978475090116	1,6841669921875	125,564002990723
1,04064936749637	1,68455212402344	125,664001464844
1,04146322701126	1,68498596191406	125,763999938965
1,04232784360647	1,68566259765625	125,863998413086
1,04314170312136	1,68606420898438	125,963996887207
1,04395544622093	1,68650854492188	126,064002990723
1,04482017923146	1,68719445800781	126,164001464844
1,04568479582667	1,68770007324219	126,263999938965
1,04649865534157	1,68816369628906	126,363998413086
1,04736327193677	1,68872155761719	126,463996887207
1,04817713145167	1,68924694824219	126,564002990723
1,04904174804688	1,68962280273438	126,664001464844
1,04985560756177	1,6901533203125	126,763999938965
1,05066935066134	1,69053466796875	126,863998413086
1,05148321017623	1,69118579101563	126,963996887207
1,0522969532758	1,69127819824219	127,064002990723
1,05311069637537	1,69201623535156	127,164001464844
1,05392455589026	1,69253234863281	127,263999938965
1,05473841540515	1,69282983398438	127,363998413086
1,05555215850472	1,69346948242188	127,463996887207
1,05636601801962	1,69371838378906	127,564002990723
1,05717976111919	1,69405224609375	127,664001464844
1,05799350421876	1,69441979980469	127,763999938965
1,05880736373365	1,69497717285156	127,863998413086
1,05962122324854	1,69540222167969	127,963996887207
1,06043496634811	1,6958916015625	128,063995361328
1,06129969935864	1,6963251953125	128,164001464844
1,06211344245821	1,69673620605469	128,264007568359
1,0629273019731	1,6973251953125	128,363998413086
1,06379191856831	1,69760388183594	128,464004516602
1,06465665157884	1,69825378417969	128,563995361328
1,06547039467841	1,69848522949219	128,664001464844
1,06633512768894	1,69910510253906	128,764007568359
1,06719974428415	1,69935473632813	128,863998413086
1,06801360379905	1,69987512207031	128,964004516602
1,06887822039425	1,70052221679688	129,063995361328
1,06974283698946	1,70103649902344	129,164001464844
1,07060756999999	1,70137719726563	129,264007568359
1,0714721865952	1,70151928710938	129,363998413086
1,07228604611009	1,70219189453125	129,464004516602
1,0731506627053	1,7027060546875	129,563995361328
1,07396452222019	1,70295654296875	129,664001464844
1,07477814890444	1,70373718261719	129,764007568359
1,0756429983303	1,70406384277344	129,863998413086
1,07645662501454	1,70443322753906	129,964004516602
1,07727048452944	1,70482495117188	130,063995361328
1,07813510112464	1,70527380371094	130,164001464844
1,07894896063954	1,70558581542969	130,264007568359
1,07976282015443	1,70589514160156	130,363998413086
1,080576563254	1,70652160644531	130,464004516602
1,08144129626453	1,70687756347656	130,563995361328
1,0822550393641	1,70703356933594	130,664001464844
1,08306889887899	1,70763427734375	130,764007568359
1,0839335154742	1,70793017578125	130,863998413086
1,08474725857377	1,70835485839844	130,964004516602
1,0856119915843	1,70867358398438	131,063995361328
1,08642573468387	1,70899243164063	131,164001464844
1,08729035127908	1,70935754394531	131,264007568359
1,08810421079397	1,7097001953125	131,363998413086
1,08896882738918	1,71018676757813	131,464004516602
1,08983356039971	1,71046069335938	131,563995361328
1,09064730349928	1,71072729492188	131,664001464844
1,09151203650981	1,71115026855469	131,764007568359
1,09237665310502	1,71131970214844	131,863998413086
1,09319051261991	1,7118076171875	131,964004516602
1,09405512921512	1,71221154785156	132,063995361328
1,09486898873001	1,7125791015625	132,164001464844
1,09573360532522	1,71282409667969	132,264007568359
1,09654746484011	1,71331860351563	132,363998413086
1,09736120793968	1,71362194824219	132,464004516602
1,09817506745458	1,71375256347656	132,563995361328
1,09898892696947	1,7142685546875	132,664001464844
1,09980267006904	1,71438159179688	132,764007568359
1,10061641316861	1,71480798339844	132,863998413086
1,1014302726835	1,71514807128906	132,964004516602
1,10224401578307	1,71539611816406	133,063995361328
1,10305787529796	1,715654296875	133,164001464844
1,10392249189317	1,715974609375	133,264007568359
1,10473635140806	1,71623059082031	133,363998413086
1,10555021092296	1,71639819335938	133,464004516602
1,1063638376072	1,71674609375	133,563995361328
1,1071776971221	1,71717724609375	133,664001464844
1,10804231371731	1,71745275878906	133,764007568359
1,1088561732322	1,71761560058594	133,863998413086
1,10967003274709	1,71813012695313	133,964004516602
1,1105346493423	1,71828405761719	134,063995361328
1,11134850885719	1,71862927246094	134,164001464844
1,1122131254524	1,71894409179688	134,264007568359
1,11302698496729	1,71922448730469	134,363998413086
1,1138916015625	1,71943322753906	134,464004516602
1,11475621815771	1,71980786132813	134,563995361328
1,11562095116824	1,72011437988281	134,664001464844
1,11648556776345	1,7205263671875	134,764007568359
1,11735018435866	1,72097595214844	134,863998413086
1,11816404387355	1,72090856933594	134,964004516602
1,11902866046876	1,72137963867188	135,063995361328
1,11989339347929	1,72165551757813	135,164001464844
1,12070713657886	1,72219506835938	135,264007568359
1,12157186958939	1,722134765625	135,363998413086
1,12238561268896	1,72253564453125	135,464004516602
1,12319947220385	1,72318835449219	135,563995361328
1,12401333171874	1,72298718261719	135,664001464844
1,12487794831395	1,72310961914063	135,764007568359
1,12569180782884	1,72334411621094	135,863998413086
1,12650555092841	1,72348120117188	135,964004516602
1,12731929402798	1,7238193359375	136,063995361328
1,12813315354288	1,72403063964844	136,164001464844
1,12899777013808	1,72413684082031	136,264007568359
1,12981162965298	1,72393786621094	136,363998413086
1,13062537275255	1,72443518066406	136,464004516602
1,13143923226744	1,72502600097656	136,563995361328
1,13230384886265	1,72483947753906	136,664001464844
1,13311770837754	1,72532409667969	136,764007568359
1,13398232497275	1,72545971679688	136,863998413086
1,13479618448764	1,72550927734375	136,964004516602
1,13560992758721	1,72551196289063	137,063995361328
1,13647466059774	1,72615942382813	137,164001464844
1,13728840369731	1,72597009277344	137,264007568359
1,13815302029252	1,72621496582031	137,363998413086
1,13896687980741	1,72650158691406	137,464004516602
1,13983149640262	1,72666394042969	137,563995361328
1,14064535591751	1,72693432617188	137,664001464844
1,14145909901708	1,72693359375	137,764007568359
1,14232383202761	1,72718786621094	137,863998413086
1,14313757512718	1,72748742675781	137,964004516602
1,14395143464208	1,7275751953125	138,063995361328
1,14476529415697	1,72748596191406	138,164001464844
1,14557903725654	1,72764221191406	138,264007568359
1,14639278035611	1,72771228027344	138,363998413086
1,147206639871	1,72788427734375	138,464004516602
1,14802038297057	1,727796875	138,563995361328
1,14883424248546	1,72795141601563	138,664001464844
1,14964810200036	1,72826550292969	138,764007568359
1,15046184509993	1,72840478515625	138,863998413086
1,1512755881995	1,72815795898438	138,964004516602
1,1521402047947	1,72854272460938	139,063995361328
1,1529540643096	1,72843994140625	139,164001464844
1,15376792382449	1,72874633789063	139,264007568359
1,15458166692406	1,72841516113281	139,363998413086
1,15544639993459	1,72891442871094	139,464004516602
1,15626014303416	1,7290478515625	139,563995361328
1,15712487604469	1,72916906738281	139,664001464844
1,15793861914426	1,72926000976563	139,764007568359
1,15880335215479	1,7293115234375	139,863998413086
1,15966796875	1,72915881347656	139,964004516602
1,16053258534521	1,72962487792969	140,063995361328
1,16139731835574	1,729794921875	140,164001464844
1,16226193495095	1,72989331054688	140,264007568359
1,16312655154616	1,72988244628906	140,363998413086
1,16399128455669	1,72977868652344	140,464004516602
1,16480502765626	1,73042687988281	140,563995361328
1,16566976066679	1,73000366210938	140,664001464844
1,16648350376636	1,72971716308594	140,764007568359
1,16734823677689	1,72992150878906	140,863998413086
1,16816197987646	1,72990295410156	140,964004516602
1,16897583939135	1,72984240722656	141,063995361328
1,16984045598656	1,72978002929688	141,164001464844
1,17065431550145	1,72996313476563	141,264007568359
1,17146817501634	1,72989306640625	141,363998413086
1,17228191811591	1,72991162109375	141,464004516602
1,17314665112644	1,7300341796875	141,563995361328
1,17396027781069	1,72987915039063	141,664001464844
1,17477413732558	1,72980078125	141,764007568359
1,17558799684048	1,72987414550781	141,863998413086
1,17645261343569	1,72998352050781	141,964004516602
1,17726647295058	1,72999768066406	142,063995361328
1,17808021605015	1,72992663574219	142,164001464844
1,17894494906068	1,72993859863281	142,264007568359
1,17975869216025	1,729935546875	142,363998413086
1,18057255167514	1,72965832519531	142,464004516602
1,18143716827035	1,7297021484375	142,563995361328
1,18225102778524	1,72970849609375	142,664001464844
1,18311564438045	1,72967248535156	142,764007568359
1,18392938748002	1,72965319824219	142,863998413086
1,18479412049055	1,72964318847656	142,964004516602
1,18565885350108	1,72948767089844	143,063995361328
1,18647248018533	1,72943505859375	143,164001464844
1,18733732961118	1,72943188476563	143,264007568359
1,18815095629543	1,72936267089844	143,363998413086
1,18896481581032	1,72905346679688	143,464004516602
1,18982943240553	1,72903979492188	143,563995361328
1,19064329192042	1,72886462402344	143,664001464844
1,19145715143532	1,72902807617188	143,764007568359
1,19227089453489	1,72874060058594	143,863998413086
1,19308475404978	1,72850952148438	143,964004516602
1,19389861356467	1,72842211914063	144,063995361328
1,19471224024892	1,7282734375	144,164001464844
1,19552609976381	1,72798950195313	144,264007568359
1,1963399592787	1,72787866210938	144,363998413086
1,19715370237827	1,72775390625	144,464004516602
1,1980184353888	1,7273212890625	144,563995361328
1,19883217848837	1,72733251953125	144,664001464844
1,19964603800327	1,72745935058594	144,764007568359
1,20045978110284	1,72712756347656	144,863998413086
1,20132451411337	1,72696362304688	144,964004516602
1,20213825721294	1,72683715820313	145,063995361328
1,20300287380815	1,72653149414063	145,164001464844
1,20381673332304	1,726375	145,264007568359
1,20468134991825	1,72620043945313	145,363998413086
1,20554596651345	1,72603881835938	145,464004516602
1,20635982602835	1,72598889160156	145,563995361328
1,20722444262356	1,72568542480469	145,664001464844
1,20808917563409	1,72567297363281	145,764007568359
1,20895390864462	1,72545788574219	145,863998413086
1,20981852523983	1,7253046875	145,964004516602
1,21068325825036	1,72515563964844	146,063995361328
1,21149700134993	1,72501062011719	146,164001464844
1,21236173436046	1,72480993652344	146,264007568359
1,2131753610447	1,72453002929688	146,363998413086
1,2139892205596	1,72419482421875	146,464004516602
1,21485383715481	1,72389807128906	146,563995361328
1,2156676966697	1,72364343261719	146,664001464844
1,21648155618459	1,72335888671875	146,764007568359
1,21729529928416	1,72305529785156	146,863998413086
1,21810915879905	1,72281567382813	146,964004516602
1,21897377539426	1,72236547851563	147,063995361328
1,21978763490915	1,72211157226563	147,164001464844
1,22060149442405	1,72182897949219	147,264007568359
1,22141512110829	1,72162451171875	147,363998413086
1,22227985411882	1,72122277832031	147,464004516602
1,22309359721839	1,72079052734375	147,563995361328
1,22390745673329	1,72062231445313	147,664001464844
1,2247720733285	1,72041528320313	147,764007568359
1,22558593284339	1,71999035644531	147,863998413086
1,2264505494386	1,71963269042969	147,964004516602
1,22726440895349	1,71925939941406	148,063995361328
1,2281290255487	1,71901892089844	148,164001464844
1,22899375855923	1,71866516113281	148,264007568359
1,2298075016588	1,71824890136719	148,363998413086
1,23067223466933	1,71806909179688	148,464004516602
1,23153685126454	1,71787219238281	148,563995361328
1,23235071077943	1,71724963378906	148,664001464844
1,23321532737464	1,71686206054688	148,764007568359
1,23402918688953	1,71650366210938	148,863998413086
1,2348429299891	1,71605432128906	148,964004516602
1,23565678950399	1,71570239257813	149,063995361328
1,23647053260356	1,715337890625	149,164001464844
1,23728427570313	1,71477319335938	149,264007568359
1,23814900871366	1,714328125	149,363998413086
1,23896275181323	1,71411511230469	149,464004516602
1,23977661132813	1,71368139648438	149,563995361328
1,24059047084302	1,71318786621094	149,664001464844
1,24140421394259	1,71269860839844	149,764007568359
1,24221807345748	1,71224682617188	149,863998413086
1,24303181655705	1,71168505859375	149,964004516602
1,24389643315226	1,71124841308594	150,063995361328
1,24471029266715	1,71086706542969	150,164001464844
1,24552403576672	1,71051647949219	150,264007568359
1,24633789528161	1,71007397460938	150,363998413086
1,24715175479651	1,70946594238281	150,464004516602
1,24801637139171	1,70891955566406	150,563995361328
1,24883023090661	1,70846569824219	150,664001464844
1,24969484750181	1,70819738769531	150,764007568359
1,25050870701671	1,70768908691406	150,863998413086
1,25132233370095	1,70741918945313	150,964004516602
1,25218718312681	1,70675073242188	151,063995361328
1,25300080981106	1,70629699707031	151,164001464844
1,25386554282159	1,706048828125	151,264007568359
1,25473027583212	1,705587890625	151,363998413086
1,25559489242733	1,70506604003906	151,464004516602
1,25645962543786	1,70471545410156	151,563995361328
1,25727336853743	1,70411962890625	151,664001464844
1,25813810154796	1,70379223632813	151,764007568359
1,25900271814317	1,70332824707031	151,863998413086
1,25981657765806	1,7027724609375	151,964004516602
1,26063020434231	1,70224035644531	152,063995361328
1,26149493735284	1,70176232910156	152,164001464844
1,26230868045241	1,70118530273438	152,264007568359
1,2631225399673	1,70073645019531	152,363998413086
1,26398715656251	1,70012365722656	152,464004516602
1,2648010160774	1,69984411621094	152,563995361328
1,26561487559229	1,699208984375	152,664001464844
1,2664794921875	1,69866088867188	152,764007568359
1,26729335170239	1,6979375	152,863998413086
1,26810709480196	1,697474609375	152,964004516602
1,26892095431685	1,69695947265625	153,063995361328
1,26978557091206	1,69634460449219	153,164001464844
1,27059931401163	1,69570935058594	153,264007568359
1,27141317352653	1,69518054199219	153,363998413086
1,27227779012173	1,69489782714844	153,464004516602
1,27309164963663	1,69400939941406	153,563995361328
1,27395626623183	1,69355041503906	153,664001464844
1,27477012574673	1,69287097167969	153,764007568359
1,27563474234194	1,69217907714844	153,863998413086
1,27644860185683	1,69154711914063	153,964004516602
1,27731321845204	1,69112036132813	154,063995361328
1,27812707796693	1,69052941894531	154,164001464844
1,27899169456214	1,68975207519531	154,264007568359
1,27980555407703	1,68919616699219	154,363998413086
1,28067017067224	1,68836987304688	154,464004516602
1,28148403018713	1,68785595703125	154,563995361328
1,2822977732867	1,68719445800781	154,664001464844
1,28316250629723	1,68655834960938	154,764007568359
1,2839762493968	1,68582739257813	154,863998413086
1,28478999249637	1,68512036132813	154,964004516602
1,28560385201126	1,684404296875	155,063995361328
1,28641759511083	1,68393188476563	155,164001464844
1,28723145462573	1,68304467773438	155,264007568359
1,28804531414062	1,68202661132813	155,363998413086
1,28885905724019	1,68135583496094	155,464004516602
1,28967280033976	1,680638671875	155,563995361328
1,29048665985465	1,67981616210938	155,664001464844
1,29130040295422	1,67880151367188	155,764007568359
1,29216513596475	1,67807495117188	155,863998413086
1,29297887906432	1,67685864257813	155,964004516602
1,29384361207485	1,67571020507813	156,063995361328
1,29465735517442	1,67466516113281	156,164001464844
1,29547121468931	1,67321984863281	156,264007568359
1,29633583128452	1,6716318359375	156,363998413086
1,29720056429505	1,669875	156,464004516602
1,29801430739462	1,66637548828125	156,563995361328
1,29887904040515	1,65375305175781	156,664001464844
1,29984528757632	1,56955895996094	156,764007568359
1,30243937019259	0,104625770568848	156,833999633789
