File Path: D:\Ensayos Víctor\Fase III\Virgen\horizontal\Test Run 10 16-05-2019 12 35 32\DAQ- Crosshead; … - (Timed).txt   
Test: ENSAYOS TRACCION PLA 3
Test Run: Test Run 10
Date: 16/05/2019 12:32:11


Crosshead 	Load 	Time 
mm	kN	sec
0,000203450511548908	0,0631733322143555	0,112999998033047
0,000610351548857579	0,0633299598693848	0,212999999523163
0,00127156579310395	0,0633192443847656	0,312999993562698
0,00178019206487079	0,0633415985107422	0,412999987602234
0,0021870930595469	0,0631814308166504	0,513000011444092
0,00259399416790984	0,0636853485107422	0,612999975681305
0,00305175785797474	0,0640073394775391	0,712999999523163
0,00350952154803963	0,0642103576660156	0,813000023365021
0,00411987321058405	0,0649298324584961	0,912999987602234
0,00488281239086064	0,0657956085205078	1,01300001144409
0,00569661460758653	0,0662640075683594	1,11300003528595
0,00645955424261047	0,0670400695800781	1,21300005912781
0,007273356004589	0,0672508544921875	1,31299996376038
0,00808715776656754	0,0678373489379883	1,41299998760223
0,00890095998329343	0,0681717910766602	1,51300001144409
0,00971476310951402	0,0687990646362305	1,61300003528595
0,0105794269984472	0,0688475646972656	1,71300005912781
0,0113932292151731	0,0692356262207031	1,81299996376038
0,0122070314318989	0,0693774566650391	1,91299998760223
0,0130208327391301	0,0695827560424805	2,01300001144409
0,0138346358653507	0,0701510391235352	2,11299991607666
0,0146992997542839	0,0700491485595703	2,21300005912781
0,0155131019710097	0,0702569580078125	2,31299996376038
0,0163269050972303	0,0702866744995117	2,41300010681152
0,0171915689861635	0,0708988571166992	2,51300001144409
0,0180053702933947	0,0705563659667969	2,61299991607666
0,0188191734196153	0,0711362228393555	2,71300005912781
0,0196838373085484	0,0709295654296875	2,81299996376038
0,020497640434769	0,0711061019897461	2,91300010681152
0,0213623043237021	0,0713486785888672	3,01300001144409
0,0221761074499227	0,0715216827392578	3,11299991607666
0,0230407713388558	0,071556526184082	3,21300005912781
0,0238545744650764	0,072363166809082	3,31299996376038
0,0246683757723076	0,0724339294433594	3,41300010681152
0,0255330414802302	0,0727037734985352	3,51300001144409
0,026346840968472	0,0729675674438477	3,61299991607666
0,0271606440946925	0,0727572250366211	3,71300005912781
0,0280253079836257	0,0736284790039063	3,81299996376038
0,0288391111098463	0,0741892700195313	3,91300010681152
0,0296529142360669	0,0745825347900391	4,01300001144409
0,0304667155432981	0,0750409927368164	4,11299991607666
0,0312805168505292	0,0758991241455078	4,21299982070923
0,0320943181577604	0,0765521926879883	4,31300020217896
0,0329081231029704	0,0774780502319336	4,41300010681152
0,0337219244102016	0,0780483474731445	4,51300001144409
0,0345357257174328	0,0786353607177734	4,61299991607666
0,0353495306626428	0,0793894271850586	4,71299982070923
0,0361633283318952	0,0801379241943359	4,81300020217896
0,0369771296391264	0,0809269409179688	4,91300010681152
0,0377909345843364	0,0816252517700195	5,01300001144409
0,0386555984732695	0,0823478012084961	5,11299991607666
0,0394694034184795	0,0831276702880859	5,21299982070923
0,0402832047257107	0,0838782730102539	5,31300020217896
0,0411478686146438	0,0845865783691406	5,41300010681152
0,041961669921875	0,0853076553344727	5,51300001144409
0,0428263374487869	0,0857322540283203	5,61299991607666
0,0436401351180393	0,0866155624389648	5,71299982070923
0,0445048026449513	0,0868900833129883	5,81300020217896
0,0453694665338844	0,0874681243896484	5,91300010681152
0,0461832678411156	0,0881372680664063	6,01300001144409
0,0470479317300487	0,0891584320068359	6,11299991607666
0,0479125992569607	0,0906991119384766	6,21299982070923
0,0487772631458938	0,0918388137817383	6,31300020217896
0,049591064453125	0,093328239440918	6,41300010681152
0,0504557319800369	0,094207633972168	6,51300001144409
0,0512695296492893	0,0954183883666992	6,61299991607666
0,0520833309565205	0,0966014709472656	6,71299982070923
0,0529479984834325	0,0981189346313477	6,81300020217896
0,0537617997906636	0,0992280960083008	6,91300010681152
0,0545756047358736	0,100713653564453	7,01300001144409
0,0553894060431048	0,101788299560547	7,11299991607666
0,0562032037123572	0,103271896362305	7,21299982070923
0,0570170086575672	0,104650985717773	7,31300020217896
0,0578308099647984	0,105904449462891	7,41300010681152
0,0586954774917103	0,107192405700684	7,51300001144409
0,0595092787989415	0,108377449035645	7,61299991607666
0,0603230764681939	0,109431221008301	7,71299982070923
0,0611877476330847	0,110944038391113	7,81300020217896
0,0620015416643582	0,11207893371582	7,91300010681152
0,0628153429715894	0,113245658874512	8,01299953460693
0,0636291515547782	0,114701950073242	8,11299991607666
0,0644938118057325	0,116174057006836	8,21300029754639
0,0653076203889214	0,116910247802734	8,3129997253418
0,0661722806398757	0,118044006347656	8,41300010681152
0,0669860819471069	0,118854354858398	8,51299953460693
0,0677998905302957	0,11978507232666	8,61299991607666
0,06866455078125	0,121433891296387	8,71300029754639
0,0695292110322043	0,122204284667969	8,8129997253418
0,0703430196153931	0,123488723754883	8,91300010681152
0,0712076798663475	0,124361198425293	9,01299953460693
0,0720214811735787	0,125555572509766	9,11299991607666
0,0728352897567675	0,126673988342285	9,21300029754639
0,073649083788041	0,127812103271484	9,3129997253418
0,0745137585909106	0,128860107421875	9,41300010681152
0,0753275526221842	0,129792022705078	9,51299953460693
0,0761413539294153	0,131318450927734	9,61299991607666
0,0769551625126041	0,131981063842773	9,71300029754639
0,0777689565438777	0,133028930664063	9,8129997253418
0,0785827651270665	0,134150924682617	9,91300010681152
0,0793965664342977	0,135302520751953	10,0129995346069
0,0802103677415289	0,136445190429688	10,1129999160767
0,0810241690487601	0,137480545043945	10,2130002975464
0,0818379776319489	0,138687652587891	10,3129997253418
0,0826517716632225	0,140011352539063	10,4130001068115
0,0835164391901344	0,141263900756836	10,5129995346069
0,0843302404973656	0,142610275268555	10,6129999160767
0,0851440418045968	0,143933197021484	10,7130002975464
0,0860087020555511	0,1452236328125	10,8129997253418
0,0868225106387399	0,146518341064453	10,9130001068115
0,0876871708896942	0,147554046630859	11,0129995346069
0,0885518384166062	0,149004760742188	11,1129999160767
0,0893656397238374	0,149871368408203	11,2130002975464
0,0902303072507493	0,151221664428711	11,3129997253418
0,0910949675017037	0,152106979370117	11,4130001068115
0,0919087760848925	0,153048904418945	11,5129995346069
0,0927734363358468	0,154148300170898	11,6129999160767
0,0936380965868011	0,154920349121094	11,7130002975464
0,0944519051699899	0,156315200805664	11,8129997253418
0,0953165654209442	0,157784088134766	11,9130001068115
0,096130374004133	0,158363998413086	12,0129995346069
0,0969950342550874	0,159247406005859	12,1129999160767
0,0978088355623186	0,16069758605957	12,2130002975464
0,0986226441455074	0,161418823242188	12,3129997253418
0,0994873043964617	0,162626739501953	12,4130001068115
0,100301105703693	0,163682510375977	12,5129995346069
0,101114907010924	0,165185256958008	12,6129999160767
0,101928708318155	0,166149642944336	12,7130002975464
0,102742516901344	0,167926834106445	12,8129997253418
0,103556310932618	0,169835006713867	12,9130001068115
0,104370119515806	0,170956253051758	13,0129995346069
0,105234779766761	0,172749435424805	13,1129999160767
0,106048581073992	0,17424104309082	13,2130002975464
0,106862389657181	0,175557189941406	13,3129997253418
0,107676183688454	0,177217926025391	13,4130001068115
0,108540858491324	0,178731155395508	13,5129995346069
0,109354652522597	0,18055387878418	13,6129999160767
0,110168453829829	0,181950973510742	13,7130002975464
0,111033121356741	0,183522262573242	13,8129997253418
0,111846922663972	0,185047729492188	13,9130001068115
0,112711582914926	0,186697555541992	14,0129995346069
0,113525391498115	0,188416519165039	14,1129999160767
0,114390051749069	0,190072250366211	14,2130002975464
0,115203860332258	0,191708023071289	14,3129997253418
0,116017661639489	0,193353637695313	14,4130001068115
0,116882321890444	0,195033493041992	14,5129995346069
0,117746989417356	0,196590759277344	14,6129999160767
0,118560790724587	0,198047470092773	14,7130002975464
0,119425450975541	0,199692642211914	14,8129997253418
0,12023925955873	0,201183044433594	14,9130001068115
0,121053060865961	0,202886337280273	15,0129995346069
0,121866862173192	0,204513854980469	15,1129999160767
0,122680663480423	0,206054061889648	15,2130002975464
0,123494464787655	0,207676147460938	15,3129997253418
0,124308266094886	0,209323303222656	15,4130001068115
0,125122067402117	0,210875732421875	15,5129995346069
0,125986742204987	0,21258349609375	15,6129999160767
0,126800543512218	0,214409378051758	15,7130002975464
0,127614330267534	0,215725646972656	15,8129997253418
0,12842814612668	0,217608627319336	15,9130001068115
0,129241947433911	0,21918798828125	16,0130004882813
0,130055734189227	0,220883972167969	16,113000869751
0,130920408992097	0,222315353393555	16,2129993438721
0,131734210299328	0,224051971435547	16,3129997253418
0,132548026158474	0,225713424682617	16,4130001068115
0,133412671857513	0,227268905639648	16,5130004882813
0,13422648771666	0,229609939575195	16,613000869751
0,135091147967614	0,230498779296875	16,7129993438721
0,135904949274845	0,232251388549805	16,8129997253418
0,136718750582077	0,233919250488281	16,9130001068115
0,137583425384946	0,235575103759766	17,0130004882813
0,138397212140262	0,237386917114258	17,113000869751
0,139261886943132	0,239256637573242	17,2129993438721
0,140126547194086	0,2408134765625	17,3129997253418
0,140940348501317	0,242550323486328	17,4130001068115
0,141805008752272	0,244361633300781	17,5130004882813
0,142618824611418	0,246153533935547	17,613000869751
0,143483470310457	0,247617034912109	17,7129993438721
0,144297286169603	0,249460464477539	17,8129997253418
0,145111087476835	0,250960556030273	17,9130001068115
0,145975747727789	0,253207290649414	18,0130004882813
0,14678954903502	0,254694442749023	18,113000869751
0,147603350342251	0,256127410888672	18,2129993438721
0,148468010593206	0,258322540283203	18,3129997253418
0,149281811900437	0,259456695556641	18,4130001068115
0,150095627759583	0,261265380859375	18,5130004882813
0,150909429066814	0,262724792480469	18,613000869751
0,15172321582213	0,26453955078125	18,7129993438721
0,152587890625	0,266004577636719	18,8129997253418
0,153401691932231	0,268316741943359	18,9130001068115
0,154266352183186	0,270019836425781	19,0130004882813
0,155080153490417	0,271472015380859	19,113000869751
0,155944828293286	0,273148162841797	19,2129993438721
0,156758615048602	0,275028747558594	19,3129997253418
0,157623289851472	0,276831909179688	19,4130001068115
0,158437091158703	0,278277954101563	19,5130004882813
0,159301751409657	0,279906890869141	19,613000869751
0,160115552716888	0,281896392822266	19,7129993438721
0,160929368576035	0,2834892578125	19,8129997253418
0,161794028826989	0,285217346191406	19,9130001068115
0,162658689077944	0,287175018310547	20,0130004882813
0,163523363880813	0,288857879638672	20,113000869751
0,164337165188044	0,290525573730469	20,2129993438721
0,165201825438999	0,292258361816406	20,3129997253418
0,16601562674623	0,294117767333984	20,4130001068115
0,166829428053461	0,295785430908203	20,5130004882813
0,167643229360692	0,297400512695313	20,613000869751
0,168457030667923	0,299076812744141	20,7129993438721
0,169270831975155	0,300937316894531	20,8129997253418
0,170084633282386	0,302296020507813	20,9130001068115
0,170898434589617	0,303728637695313	21,0130004882813
0,171712235896848	0,305717407226563	21,113000869751
0,172526051755995	0,30730126953125	21,2129993438721
0,173339838511311	0,309046234130859	21,3129997253418
0,174153639818542	0,310660766601563	21,4130001068115
0,174967455677688	0,312463012695313	21,5130004882813
0,175832101376727	0,314302368164063	21,613000869751
0,176645917235874	0,316090606689453	21,7129993438721
0,177459718543105	0,317709075927734	21,8129997253418
0,178273519850336	0,319648254394531	21,9130001068115
0,179087321157567	0,321134002685547	22,0130004882813
0,179951981408522	0,323021392822266	22,113000869751
0,180765797267668	0,3246669921875	22,2129993438721
0,181630442966707	0,326229705810547	22,3129997253418
0,182444258825853	0,328197082519531	22,4130001068115
0,183308919076808	0,3298525390625	22,5130004882813
0,184122720384039	0,331679168701172	22,613000869751
0,184987380634993	0,333663787841797	22,7129993438721
0,185852055437863	0,335265625	22,8129997253418
0,186716715688817	0,337141754150391	22,9130001068115
0,187530516996048	0,338633361816406	23,0130004882813
0,188395191798918	0,340713775634766	23,113000869751
0,189259837497957	0,342384613037109	23,2129993438721
0,190073653357103	0,344225128173828	23,3129997253418
0,190938313608058	0,345796539306641	23,4130001068115
0,191752114915289	0,347519348144531	23,5130004882813
0,192616775166243	0,349374145507813	23,613000869751
0,19343059102539	0,350991943359375	23,7129993438721
0,194244377780706	0,352805297851563	23,8129997253418
0,195058179087937	0,354519378662109	23,9130001068115
0,195871994947083	0,356296630859375	24,0130004882813
0,196685796254314	0,357950561523438	24,113000869751
0,197550456505269	0,359525573730469	24,2129993438721
0,1983642578125	0,361366516113281	24,3129997253418
0,199178059119731	0,363134887695313	24,4130001068115
0,200042719370686	0,364990447998047	24,5130004882813
0,200856520677917	0,366552093505859	24,613000869751
0,201721195480786	0,368291198730469	24,7129993438721
0,202534982236102	0,370017395019531	24,8129997253418
0,203348798095249	0,371835388183594	24,9130001068115
0,204213458346203	0,373702575683594	25,0130004882813
0,205027274205349	0,375605743408203	25,113000869751
0,205841060960665	0,377037567138672	25,2129993438721
0,206705735763535	0,378627349853516	25,3129997253418
0,207519537070766	0,380544036865234	25,4130001068115
0,20838419732172	0,382456695556641	25,5130004882813
0,209197998628952	0,38391552734375	25,613000869751
0,210062673431821	0,385770477294922	25,7129993438721
0,210876460187137	0,387443267822266	25,8129997253418
0,211741134990007	0,389024993896484	25,9130001068115
0,212554936297238	0,390782196044922	26,0130004882813
0,213368723052554	0,392628814697266	26,113000869751
0,2141825389117	0,3943212890625	26,2129993438721
0,214996340218931	0,396103790283203	26,3129997253418
0,215810141526163	0,39789208984375	26,4130001068115
0,216623942833394	0,399462677001953	26,5130004882813
0,217488603084348	0,401228698730469	26,613000869751
0,218302418943495	0,402959228515625	26,7129993438721
0,219116205698811	0,404707763671875	26,8129997253418
0,219930007006042	0,406418090820313	26,9130001068115
0,220743822865188	0,407792510986328	27,0130004882813
0,221557624172419	0,4098349609375	27,113000869751
0,222371410927735	0,411539093017578	27,2129993438721
0,223236085730605	0,413212554931641	27,3129997253418
0,224049887037836	0,414917938232422	27,4130001068115
0,224863688345067	0,416687316894531	27,5130004882813
0,225728348596022	0,418483947753906	27,613000869751
0,226542164455168	0,420203216552734	27,7129993438721
0,227406810154207	0,421919250488281	27,8129997253418
0,228220626013353	0,423808990478516	27,9130001068115
0,229034427320585	0,425424560546875	28,0130004882813
0,229899087571539	0,427050689697266	28,113000869751
0,23071288887877	0,428960327148438	28,2129993438721
0,23157756368164	0,430767791748047	28,3129997253418
0,232442209380679	0,432605743408203	28,4130001068115
0,233306884183548	0,434476501464844	28,5130004882813
0,23412068549078	0,436035064697266	28,613000869751
0,234985345741734	0,438005615234375	28,7129993438721
0,235850020544603	0,4398193359375	28,8129997253418
0,236714680795558	0,441469665527344	28,9130001068115
0,237528482102789	0,443362457275391	29,0130004882813
0,238393142353743	0,445024963378906	29,113000869751
0,23920695821289	0,446687866210938	29,2129993438721
0,240020744968206	0,448432952880859	29,3129997253418
0,240885419771075	0,450240570068359	29,4130001068115
0,241699221078306	0,451685943603516	29,5130004882813
0,242513022385538	0,453612457275391	29,613000869751
0,243326823692769	0,455593841552734	29,7129993438721
0,244140625	0,457188751220703	29,8129997253418
0,244954426307231	0,458766357421875	29,9130001068115
0,245819101110101	0,460559814453125	30,0130004882813
0,246632902417332	0,462237731933594	30,113000869751
0,247446703724563	0,463902191162109	30,2129993438721
0,248260505031794	0,465791870117188	30,3129997253418
0,249125179834664	0,467406097412109	30,4130001068115
0,249938952038065	0,469179168701172	30,5130004882813
0,250752782449126	0,470988647460938	30,613000869751
0,251617428148165	0,472516540527344	30,7129993438721
0,252431229455397	0,474296081542969	30,8129997253418
0,253245030762628	0,476066009521484	30,9130001068115
0,254109705565497	0,477690490722656	31,0130004882813
0,254923506872728	0,479736694335938	31,113000869751
0,255788181675598	0,481370056152344	31,2129993438721
0,256601953878999	0,483153717041016	31,3129997253418
0,25741578429006	0,484565277099609	31,4130001068115
0,2582804299891	0,486666778564453	31,5130004882813
0,259094231296331	0,488552551269531	31,613000869751
0,259908061707392	0,490132202148438	31,7129993438721
0,260721833910793	0,49154833984375	31,8129997253418
0,261535635218024	0,493365875244141	31,9130001068115
0,262349465629086	0,495029479980469	32,0130004882813
0,263163237832487	0,496706298828125	32,1129989624023
0,263977039139718	0,498460357666016	32,2130012512207
0,264790869550779	0,500113250732422	32,3129997253418
0,26560464175418	0,501830261230469	32,4129981994629
0,266418443061411	0,503434509277344	32,5130004882813
0,267283117864281	0,505282836914063	32,6129989624023
0,268096919171512	0,507004791259766	32,7130012512207
0,268910749582574	0,508724761962891	32,8129997253418
0,269724521785975	0,510336700439453	32,9129981994629
0,270589196588844	0,511924102783203	33,0130004882813
0,271402997896075	0,513810119628906	33,1129989624023
0,272216799203306	0,515679260253906	33,2130012512207
0,273081444902346	0,517079223632813	33,3129997253418
0,273895275313407	0,519404479980469	33,4129981994629
0,274759921012446	0,521061279296875	33,5130004882813
0,275573722319677	0,522431335449219	33,6129989624023
0,276438397122547	0,524573608398438	33,7130012512207
0,277303071925417	0,526238403320313	33,8129997253418
0,278167717624456	0,527716552734375	33,9129981994629
0,279032392427325	0,529755493164063	34,0130004882813
0,279897067230195	0,531074951171875	34,1129989624023
0,280710839433596	0,533458740234375	34,2130012512207
0,281575543340296	0,534943664550781	34,3129997253418
0,282389315543696	0,536516723632813	34,4129981994629
0,283253990346566	0,53794970703125	34,5130004882813
0,284067791653797	0,540053161621094	34,6129989624023
0,284881592961028	0,541903137207031	34,7130012512207
0,285695394268259	0,543436218261719	34,8129997253418
0,286560069071129	0,545262023925781	34,9129981994629
0,28737387037836	0,547000244140625	35,0130004882813
0,288187642581761	0,548606323242188	35,1129989624023
0,289001472992823	0,550320983886719	35,2130012512207
0,289815274300054	0,551961608886719	35,3129997253418
0,290629046503454	0,553909423828125	35,4129981994629
0,291493750410154	0,555339294433594	35,5130004882813
0,292307522613555	0,557386535644531	35,6129989624023
0,293121323920786	0,559282897949219	35,7130012512207
0,293985998723656	0,560644897460938	35,8129997253418
0,294799800030887	0,562414611816406	35,9129981994629
0,295613630441949	0,5642861328125	36,0130004882813
0,296478276140988	0,566033386230469	36,1129989624023
0,297292077448219	0,567438110351563	36,2130012512207
0,298156752251089	0,569444580078125	36,3129997253418
0,29897055355832	0,571106994628906	36,4129981994629
0,299835199257359	0,572740905761719	36,5130004882813
0,300649029668421	0,574467956542969	36,6129989624023
0,30151367536746	0,576348571777344	36,7130012512207
0,302327476674691	0,577793518066406	36,8129997253418
0,30319215147756	0,579992309570313	36,9129981994629
0,304005952784792	0,581475830078125	37,0130004882813
0,304819724988192	0,583207214355469	37,1129989624023
0,305684428894892	0,585105407714844	37,2130012512207
0,306498201098293	0,587149780273438	37,3129997253418
0,307312002405524	0,588692565917969	37,4129981994629
0,308125832816586	0,5901318359375	37,5130004882813
0,308939605019987	0,591887817382813	37,6129989624023
0,309753406327218	0,593388122558594	37,7130012512207
0,310567236738279	0,594813293457031	37,8129997253418
0,31138100894168	0,596643371582031	37,9129981994629
0,312194810248911	0,5985146484375	38,0130004882813
0,313008640659973	0,600330017089844	38,1129989624023
0,313822412863374	0,60177392578125	38,2130012512207
0,314636243274435	0,603516357421875	38,3129997253418
0,315500888973475	0,605327331542969	38,4129981994629
0,316314690280706	0,606684204101563	38,5130004882813
0,317128520691767	0,608428161621094	38,6129989624023
0,317942292895168	0,610175476074219	38,7130012512207
0,318806967698038	0,611958740234375	38,8129997253418
0,319671642500907	0,613530212402344	38,9129981994629
0,320485443808138	0,615776489257813	39,0130004882813
0,321350089507177	0,617211059570313	39,1129989624023
0,322163919918239	0,618581420898438	39,2130012512207
0,323028565617278	0,620554382324219	39,3129997253418
0,323893211316317	0,622420654296875	39,4129981994629
0,324707041727379	0,624487487792969	39,5130004882813
0,325571687426418	0,626084106445313	39,6129989624023
0,326436362229288	0,627920349121094	39,7130012512207
0,327301037032157	0,629341979980469	39,8129997253418
0,328114838339388	0,631168518066406	39,9129981994629
0,328979484038427	0,633050476074219	40,0130004882813
0,329793314449489	0,634357116699219	40,1129989624023
0,33060708665289	0,636275146484375	40,2130012512207
0,331420887960121	0,63818798828125	40,3129997253418
0,332285562762991	0,639929382324219	40,4129981994629
0,333099364070222	0,641455078125	40,5130004882813
0,333913165377453	0,643405639648438	40,6129989624023
0,334726966684684	0,644696655273438	40,7130012512207
0,335540767991915	0,646880065917969	40,8129997253418
0,336354569299147	0,648200866699219	40,9129981994629
0,337219244102016	0,64972412109375	41,0130004882813
0,338033045409247	0,65153759765625	41,1129989624023
0,338846846716478	0,6534228515625	41,2130012512207
0,33966064802371	0,654966857910156	41,3129997253418
0,340525293722749	0,656427795410156	41,4129981994629
0,34133912413381	0,658360290527344	41,5130004882813
0,342152925441042	0,66003759765625	41,6129989624023
0,343017571140081	0,66180712890625	41,7130012512207
0,343831401551142	0,663400756835938	41,8129997253418
0,344696047250181	0,665521545410156	41,9129981994629
0,345509848557413	0,666902648925781	42,0130004882813
0,346374523360282	0,668428161621094	42,1129989624023
0,347188324667513	0,670276428222656	42,2130012512207
0,348052970366552	0,672089294433594	42,3129997253418
0,348917645169422	0,673648864746094	42,4129981994629
0,349731446476653	0,675729858398438	42,5130004882813
0,350596092175692	0,677016296386719	42,6129989624023
0,351409922586754	0,679156921386719	42,7130012512207
0,352274568285793	0,680586669921875	42,8129997253418
0,353088369593024	0,682332275390625	42,9129981994629
0,353902200004086	0,683823791503906	43,0130004882813
0,354715972207487	0,685670837402344	43,1129989624023
0,355529773514718	0,687384887695313	43,2130012512207
0,356394448317587	0,689073791503906	43,3129997253418
0,357208249624819	0,690667602539063	43,4129981994629
0,35802205093205	0,692234558105469	43,5130004882813
0,358835852239281	0,694030639648438	43,6129989624023
0,359649653546512	0,695578796386719	43,7130012512207
0,360463483957574	0,69710888671875	43,8129997253418
0,361277256160975	0,699169921875	43,9129981994629
0,362091057468206	0,700678527832031	44,0130004882813
0,362904887879267	0,702419555664063	44,1129989624023
0,363769533578306	0,703973693847656	44,2130012512207
0,364583334885538	0,705816223144531	44,3129997253418
0,365397136192769	0,707157897949219	44,4129981994629
0,366261810995638	0,709048889160156	44,5130004882813
0,367075583199039	0,710956481933594	44,6129989624023
0,367940287105739	0,71226220703125	44,7130012512207
0,36875405930914	0,714184814453125	44,8129997253418
0,369618734112009	0,716330688476563	44,9129981994629
0,370483408914879	0,717320495605469	45,0130004882813
0,37129721022211	0,719398315429688	45,1129989624023
0,372161855921149	0,720885986328125	45,2130012512207
0,372975686332211	0,723179321289063	45,3129997253418
0,37384033203125	0,724436950683594	45,4129981994629
0,374704977730289	0,726280090332031	45,5130004882813
0,375518808141351	0,728060180664063	45,6129989624023
0,37638345384039	0,729707641601563	45,7130012512207
0,377197255147621	0,731479431152344	45,8129997253418
0,378011085558683	0,73324853515625	45,9129981994629
0,378824857762083	0,734737609863281	46,0130004882813
0,379689532564953	0,736123291015625	46,1129989624023
0,380503333872184	0,738060241699219	46,2130012512207
0,381317135179415	0,739569702148438	46,3129997253418
0,382130936486647	0,741456665039063	46,4129981994629
0,382944737793878	0,742664367675781	46,5130004882813
0,383758539101109	0,744674926757813	46,6129989624023
0,384623213903978	0,746024658203125	46,7130012512207
0,38543701521121	0,747867065429688	46,8129997253418
0,386301660910249	0,749598083496094	46,9129981994629
0,38711549132131	0,751191040039063	47,0130004882813
0,387929292628542	0,752970336914063	47,1129989624023
0,388793938327581	0,754748840332031	47,2130012512207
0,38965861313045	0,756469299316406	47,3129997253418
0,390472414437681	0,758107055664063	47,4129981994629
0,391337060136721	0,759873413085938	47,5130004882813
0,392150890547782	0,761617553710938	47,6129989624023
0,393015536246821	0,763222229003906	47,7130012512207
0,393829337554052	0,764541320800781	47,8129997253418
0,394694012356922	0,766480346679688	47,9129981994629
0,395507813664153	0,768317199707031	48,0130004882813
0,396321614971384	0,769927124023438	48,1129989624023
0,397186289774254	0,771532043457031	48,2130012512207
0,398000091081485	0,773243103027344	48,3129997253418
0,398813863284886	0,77446484375	48,4129981994629
0,399627693695948	0,776361633300781	48,5130004882813
0,400441495003179	0,777962768554688	48,6129989624023
0,401255267206579	0,779812316894531	48,7130012512207
0,402069097617641	0,781307922363281	48,8129997253418
0,402882898924872	0,782570983886719	48,9129981994629
0,403696700232103	0,784425170898438	49,0130004882813
0,404510501539335	0,785849365234375	49,1129989624023
0,405324302846566	0,787823059082031	49,2130012512207
0,406138104153797	0,789442260742188	49,3129997253418
0,406951905461028	0,791123962402344	49,4129981994629
0,407765706768259	0,792587951660156	49,5130004882813
0,408630381571129	0,794234191894531	49,6129989624023
0,40944418287836	0,795828857421875	49,7130012512207
0,410257955081761	0,797522338867188	49,8129997253418
0,411122658988461	0,79931494140625	49,9129981994629
0,411936431191862	0,800891723632813	50,0130004882813
0,412750232499093	0,802426391601563	50,1129989624023
0,413614907301962	0,804281372070313	50,2130012512207
0,414428708609194	0,806203918457031	50,3129997253418
0,415293354308233	0,807699768066406	50,4129981994629
0,416158058214933	0,809199279785156	50,5130004882813
0,416971830418333	0,811057373046875	50,6129989624023
0,417836505221203	0,81270068359375	50,7130012512207
0,418701180024073	0,814385131835938	50,8129997253418
0,419565825723112	0,816122436523438	50,9129981994629
0,420379627030343	0,817809814453125	51,0130004882813
0,421244301833212	0,819564453125	51,1129989624023
0,422058103140444	0,821095520019531	51,2130012512207
0,422922748839483	0,822795043945313	51,3129997253418
0,423736579250544	0,824560119628906	51,4129981994629
0,424550380557776	0,825915893554688	51,5130004882813
0,425415026256815	0,827513977050781	51,6129989624023
0,426228856667876	0,829445617675781	51,7130012512207
0,427042628871277	0,830858093261719	51,8129997253418
0,427856459282339	0,832628234863281	51,9129981994629
0,428721104981378	0,834384582519531	52,0130004882813
0,429534906288609	0,835782470703125	52,1129989624023
0,430348736699671	0,837320861816406	52,2130012512207
0,43121338239871	0,839084594726563	52,3129997253418
0,432027183705941	0,840782775878906	52,4129981994629
0,43289185850881	0,842358947753906	52,5130004882813
0,433705659816042	0,843942504882813	52,6129989624023
0,434519432019442	0,845924926757813	52,7130012512207
0,435384135926142	0,84723046875	52,8129997253418
0,436197908129543	0,84878466796875	52,9129981994629
0,437062582932413	0,850477783203125	53,0130004882813
0,437876384239644	0,851995422363281	53,1129989624023
0,438741059042513	0,853916137695313	53,2130012512207
0,439554831245914	0,855400207519531	53,3129997253418
0,440368661656976	0,856976745605469	53,4129981994629
0,441233307356015	0,858854614257813	53,5130004882813
0,442047108663246	0,860320129394531	53,6129989624023
0,442911783466116	0,861825134277344	53,7130012512207
0,443725584773347	0,863648742675781	53,8129997253418
0,444539386080578	0,86540966796875	53,9129981994629
0,445404060883448	0,867111694335938	54,0130004882813
0,446217862190679	0,868843383789063	54,1129989624023
0,447031634394079	0,870104614257813	54,2130012512207
0,447845464805141	0,871643615722656	54,3129997253418
0,448608392616734	0,873100524902344	54,4129981994629
0,449473067419603	0,8748125	54,5130004882813
0,450286868726835	0,876425231933594	54,6129989624023
0,451100670034066	0,877920532226563	54,7130012512207
0,451914471341297	0,8795751953125	54,8129997253418
0,452728272648528	0,881044006347656	54,9129981994629
0,453542073955759	0,882516784667969	55,0130004882813
0,454355875262991	0,884522521972656	55,1129989624023
0,45522055006586	0,886161315917969	55,2130012512207
0,456034322269261	0,887701049804688	55,3129997253418
0,456848152680323	0,889384826660156	55,4129981994629
0,457712798379362	0,891036193847656	55,5130004882813
0,458526599686593	0,892736877441406	55,6129989624023
0,459340430097654	0,894413635253906	55,7130012512207
0,460205075796694	0,89609033203125	55,8129997253418
0,461069721495733	0,89781689453125	55,9129981994629
0,461883551906794	0,8995869140625	56,0130004882813
0,462748197605833	0,900770080566406	56,1129989624023
0,463612872408703	0,902412109375	56,2130012512207
0,464477547211573	0,904474487304688	56,3129997253418
0,465342192910612	0,905785827636719	56,4129981994629
0,466206867713481	0,907702758789063	56,5130004882813
0,467020669020712	0,909112243652344	56,6129989624023
0,467885343823582	0,911123474121094	56,7130012512207
0,468699116026983	0,912440002441406	56,8129997253418
0,469563819933683	0,9140361328125	56,9129981994629
0,470377592137083	0,915765014648438	57,0130004882813
0,471191393444315	0,917401184082031	57,1129989624023
0,472005223855376	0,918796936035156	57,2130012512207
0,472869869554415	0,9206064453125	57,3129997253418
0,473683670861647	0,922184387207031	57,4129981994629
0,474497472168878	0,923663269042969	57,5130004882813
0,475311273476109	0,925413391113281	57,6129989624023
0,476125103887171	0,926986022949219	57,7130012512207
0,476938876090571	0,928434631347656	57,8129997253418
0,477752677397802	0,930109130859375	57,9129981994629
0,478617352200672	0,9316015625	58,0130004882813
0,479431153507903	0,933380859375	58,1129989624023
0,480244954815134	0,934793212890625	58,2130012512207
0,481058756122366	0,936496826171875	58,3129997253418
0,481923430925235	0,938156799316406	58,4129981994629
0,482737203128636	0,939693359375	58,5130004882813
0,483551033539698	0,941423278808594	58,6129989624023
0,484415679238737	0,943010070800781	58,7130012512207
0,485229480545968	0,944538879394531	58,8129997253418
0,486094155348837	0,946241455078125	58,9129981994629
0,486907956656069	0,948039123535156	59,0130004882813
0,487772602355108	0,94962451171875	59,1129989624023
0,488586432766169	0,951132751464844	59,2130012512207
0,489451107569039	0,95271044921875	59,3129997253418
0,49026490887627	0,954377807617188	59,4129981994629
0,491078710183501	0,955904602050781	59,5130004882813
0,491892511490732	0,957467102050781	59,6129989624023
0,492757186293602	0,958930236816406	59,7130012512207
0,493570929393172	0,960622192382813	59,8129997253418
0,494384788908064	0,962344482421875	59,9129981994629
0,495198590215296	0,963820678710938	60,0130004882813
0,496012333314866	0,9651083984375	60,1129989624023
0,496826192829758	0,966790161132813	60,2130012512207
0,497639994136989	0,968492858886719	60,3129997253418
0,498453737236559	0,969878295898438	60,4129981994629
0,499267596751451	0,971519409179688	60,5130004882813
0,500081339851022	0,973072387695313	60,6129989624023
0,500895199365914	0,974717407226563	60,7130012512207
0,501759815961123	0,976276733398438	60,8129997253418
0,502573675476015	0,977800231933594	60,9129981994629
0,503438292071223	0,979659851074219	61,0130004882813
0,504252151586115	0,981111022949219	61,1129989624023
0,505116768181324	0,982754455566406	61,2130012512207
0,505930627696216	0,984398254394531	61,3129997253418
0,506795244291425	0,986026245117188	61,4129981994629
0,507659919094294	0,9878095703125	61,5130004882813
0,508524593897164	0,989458312988281	61,6129989624023
0,509338395204395	0,990861877441406	61,7130012512207
0,510203070007265	0,992480529785156	61,8129997253418
0,511067686602473	0,994250427246094	61,9129981994629
0,511932361405343	0,995774108886719	62,0130004882813
0,512746162712574	0,997472717285156	62,1129989624023
0,513610837515444	0,999117431640625	62,2130012512207
0,514475512318313	1,00065307617188	62,3129997253418
0,515289313625544	1,00223101806641	62,4129981994629
0,516103114932776	1,00378131103516	62,5130004882813
0,516967789735645	1,00536614990234	62,6129989624023
0,517781532835215	1,00689300537109	62,7130012512207
0,518595392350107	1,00838891601563	62,8129997253418
0,519409193657339	1,00996325683594	62,9129981994629
0,520222936756909	1,01162866210938	63,0130004882813
0,521036796271801	1,01320654296875	63,1129989624023
0,521850597579032	1,01490100097656	63,2130012512207
0,522715272381902	1,01628839111328	63,3129997253418
0,523529073689133	1,01769873046875	63,4129981994629
0,524342816788703	1,01956066894531	63,5130004882813
0,525156676303595	1,02107055664063	63,6129989624023
0,525970477610826	1,022587890625	63,7130012512207
0,526835152413696	1,02410913085938	63,8129997253418
0,527648953720927	1,02565295410156	63,9129981994629
0,528462696820498	1,02730981445313	64,0130004882813
0,529327371623367	1,02903503417969	64,1129989624023
0,530141172930598	1,03072814941406	64,2129974365234
0,531005847733468	1,03251770019531	64,3130035400391
0,531819649040699	1,03356079101563	64,4130020141602
0,532684323843569	1,03510668945313	64,5130004882813
0,5334981251508	1,03681005859375	64,6129989624023
0,534362799953669	1,03855297851563	64,7129974365234
0,535176601260901	1,04025146484375	64,8130035400391
0,53604127606377	1,04151123046875	64,9130020141602
0,53685501916334	1,04325769042969	65,0130004882813
0,537719752173871	1,04467736816406	65,1129989624023
0,538533495273441	1,04625476074219	65,2129974365234
0,539347354788333	1,04800036621094	65,3130035400391
0,540161156095564	1,04950573730469	65,4130020141602
0,540974899195135	1,05076904296875	65,5130004882813
0,541788758710027	1,05250268554688	65,6129989624023
0,542602560017258	1,05404626464844	65,7129974365234
0,543467234820127	1,05568249511719	65,8130035400391
0,544280977919698	1,05690954589844	65,9130020141602
0,545094779226929	1,05848559570313	66,0130004882813
0,545908638741821	1,05993798828125	66,1129989624023
0,546722440049052	1,06157238769531	66,2129974365234
0,547536183148623	1,06311889648438	66,3130035400391
0,548400857951492	1,06473022460938	66,4130020141602
0,549214659258723	1,06617102050781	66,5130004882813
0,550028518773615	1,06782629394531	66,6129989624023
0,550893135368824	1,069390625	66,7129974365234
0,551706994883716	1,07077368164063	66,8130035400391
0,552520737983286	1,07228332519531	66,9130020141602
0,553385412786156	1,07391955566406	67,0130004882813
0,554250087589026	1,07552185058594	67,1129989624023
0,555063888896257	1,07722570800781	67,2129974365234
0,555928505491465	1,07878051757813	67,3130035400391
0,556793238501996	1,08036157226563	67,4130020141602
0,557606981601566	1,08195080566406	67,5130004882813
0,558471656404436	1,08363134765625	67,6129989624023
0,559336389414966	1,08536706542969	67,7129974365234
0,560150132514536	1,08678930664063	67,8130035400391
0,561014807317406	1,08840185546875	67,9130020141602
0,561879482120276	1,08996765136719	68,0130004882813
0,562693283427507	1,09141723632813	68,1129989624023
0,563507084734738	1,09295178222656	68,2129974365234
0,564320886041969	1,09434057617188	68,3130035400391
0,565185560844839	1,09624499511719	68,4130020141602
0,565999303944409	1,09749853515625	68,5130004882813
0,566813163459301	1,09909838867188	68,6129989624023
0,567626964766532	1,10079467773438	68,7129974365234
0,568491639569402	1,10218127441406	68,8130035400391
0,569305440876633	1,10376635742188	68,9130020141602
0,570119183976203	1,1053154296875	69,0130004882813
0,570983858779073	1,10666845703125	69,1129989624023
0,571797660086304	1,10841821289063	69,2129974365234
0,572611519601196	1,11001000976563	69,3130035400391
0,573476136196405	1,11143872070313	69,4130020141602
0,574289995711297	1,11304345703125	69,5130004882813
0,575154612306505	1,11448486328125	69,6129989624023
0,575968471821398	1,11613464355469	69,7129974365234
0,576833088416606	1,11773876953125	69,8130035400391
0,577646889723837	1,11932202148438	69,9130020141602
0,578511564526707	1,12074072265625	70,0130004882813
0,579325365833938	1,12231127929688	70,1129989624023
0,580189982429147	1,12385498046875	70,2129974365234
0,581003841944039	1,12534704589844	70,3130035400391
0,581868458539248	1,12723425292969	70,4130020141602
0,58268231805414	1,128236328125	70,5130004882813
0,583546934649348	1,12988024902344	70,6129989624023
0,58436079416424	1,13149670410156	70,7129974365234
0,585174537263811	1,132802734375	70,8130035400391
0,585988338571042	1,13434350585938	70,9130020141602
0,586802198085934	1,13591674804688	71,0130004882813
0,587615941185504	1,13699548339844	71,1129989624023
0,588429742492735	1,13858666992188	71,2129974365234
0,589243602007627	1,14034753417969	71,3130035400391
0,590057345107198	1,14192492675781	71,4130020141602
0,590871146414429	1,14357080078125	71,5130004882813
0,591685005929321	1,14481091308594	71,6129989624023
0,592498807236552	1,14668151855469	71,7129974365234
0,593312550336123	1,1476181640625	71,8130035400391
0,594126409851015	1,14937072753906	71,9130020141602
0,594991026446223	1,15084338378906	72,0130004882813
0,595804885961115	1,1522822265625	72,1129989624023
0,596618629060686	1,15378747558594	72,2129974365234
0,597483362071216	1,15505517578125	72,3130035400391
0,598297105170786	1,15681286621094	72,4130020141602
0,599110906478018	1,15861865234375	72,5130004882813
0,599975581280887	1,16018493652344	72,6129989624023
0,600840256083757	1,16135974121094	72,7129974365234
0,601654057390988	1,16332336425781	72,8130035400391
0,602518732193857	1,16463513183594	72,9130020141602
0,603383348789066	1,16620227050781	73,0130004882813
0,604197208303958	1,16795568847656	73,1129989624023
0,605061824899167	1,16938403320313	73,2129974365234
0,605926499702036	1,17120837402344	73,3130035400391
0,606740301009268	1,17282922363281	73,4130020141602
0,607604975812137	1,17433972167969	73,5130004882813
0,608418777119368	1,17545776367188	73,6129989624023
0,609283451922238	1,17726843261719	73,7129974365234
0,610097253229469	1,17853088378906	73,8130035400391
0,6109110545367	1,18013623046875	73,9130020141602
0,611724855843931	1,18164807128906	74,0130004882813
0,612589530646801	1,18315454101563	74,1129989624023
0,613403331954032	1,18491931152344	74,2129974365234
0,614217075053602	1,18631384277344	74,3130035400391
0,615081808064133	1,18751318359375	74,4130020141602
0,615895551163703	1,18903344726563	74,5130004882813
0,616709410678595	1,19074645996094	74,6129989624023
0,617523211985826	1,19247521972656	74,7129974365234
0,618387886788696	1,19375244140625	74,8130035400391
0,619201688095927	1,19518029785156	74,9130020141602
0,620015431195498	1,19660754394531	75,0130004882813
0,620880105998367	1,19805053710938	75,1129989624023
0,621693907305598	1,199625	75,2129974365234
0,622558582108468	1,2011162109375	75,3130035400391
0,623372383415699	1,20257214355469	75,4130020141602
0,624186242930591	1,20416442871094	75,5130004882813
0,6250508595258	1,20556921386719	75,6129989624023
0,625915534328669	1,20704455566406	75,7129974365234
0,626729335635901	1,20868420410156	75,8130035400391
0,62759401043877	1,21026477050781	75,9130020141602
0,62840775353834	1,21156396484375	76,0130004882813
0,629272486548871	1,213015625	76,1129989624023
0,630086229648441	1,21421545410156	76,2129974365234
0,630900089163333	1,21561572265625	76,3130035400391
0,631713890470564	1,21711096191406	76,4130020141602
0,632527633570135	1,21864599609375	76,5130004882813
0,633341493085027	1,21998571777344	76,6129989624023
0,634155294392258	1,22119299316406	76,7129974365234
0,634969037491828	1,22292016601563	76,8130035400391
0,63578289700672	1,22422180175781	76,9130020141602
0,636596698313951	1,22588317871094	77,0130004882813
0,637410441413522	1,22737902832031	77,1129989624023
0,638224300928414	1,22869482421875	77,2129974365234
0,639088917523623	1,2303505859375	77,3130035400391
0,639902777038515	1,23156372070313	77,4130020141602
0,640716578345746	1,23309558105469	77,5130004882813
0,641530321445316	1,23452075195313	77,6129989624023
0,642394996248186	1,23599450683594	77,7129974365234
0,643208797555417	1,23749755859375	77,8130035400391
0,644022657070309	1,23907263183594	77,9130020141602
0,644887273665518	1,240177734375	78,0130004882813
0,64570113318041	1,241861328125	78,1129989624023
0,646565749775618	1,24333630371094	78,2129974365234
0,647430424578488	1,245064453125	78,3130035400391
0,648295099381357	1,246611328125	78,4130020141602
0,649159715976566	1,24861694335938	78,5130004882813
0,649973575491458	1,24986938476563	78,6129989624023
0,650838192086667	1,25131359863281	78,7129974365234
0,651702866889536	1,25294140625	78,8130035400391
0,652567541692406	1,25434802246094	78,9130020141602
0,653432216495276	1,25569494628906	79,0130004882813
0,654246017802507	1,25733569335938	79,1129989624023
0,655110634397715	1,25888195800781	79,2129974365234
0,655924493912607	1,26036682128906	79,3130035400391
0,656738295219839	1,26167102050781	79,4130020141602
0,657602970022708	1,26323876953125	79,5130004882813
0,658416771329939	1,2646611328125	79,6129989624023
0,65923051442951	1,26627978515625	79,7129974365234
0,660044373944402	1,26758178710938	79,8130035400391
0,66090899053961	1,26903271484375	79,9130020141602
0,661722850054502	1,27038732910156	80,0130004882813
0,662536593154073	1,27184631347656	80,1129989624023
0,663350394461304	1,27330395507813	80,2129974365234
0,664215069264174	1,27487329101563	80,3130035400391
0,665028870571405	1,276244140625	80,4130020141602
0,665842730086297	1,27769555664063	80,5130004882813
0,666707346681505	1,27921899414063	80,6129989624023
0,667521206196398	1,28067065429688	80,7129974365234
0,668334949295968	1,28196447753906	80,8130035400391
0,669148750603199	1,28367407226563	80,9130020141602
0,670013425406069	1,28507446289063	81,0130004882813
0,6708272267133	1,28650244140625	81,1129989624023
0,671691901516169	1,28794836425781	81,2129974365234
0,672505702823401	1,2894365234375	81,3130035400391
0,67337037762627	1,29087365722656	81,4130020141602
0,67418412072584	1,29223986816406	81,5130004882813
0,675048853736371	1,29380603027344	81,6129989624023
0,675862596835941	1,29566027832031	81,7129974365234
0,676676456350833	1,2968251953125	81,8130035400391
0,677490257658064	1,29814672851563	81,9130020141602
0,678304000757635	1,29963989257813	82,0130004882813
0,679117860272527	1,30093774414063	82,1129989624023
0,679931661579758	1,30252673339844	82,2129974365234
0,680745404679328	1,3038271484375	82,3130035400391
0,68155926419422	1,30486901855469	82,4130020141602
0,682373065501451	1,30641418457031	82,5130004882813
0,683186808601022	1,3076787109375	82,6129989624023
0,684000668115914	1,30921154785156	82,7129974365234
0,684814469423145	1,31057495117188	82,8130035400391
0,685628212522715	1,3119833984375	82,9130020141602
0,686492945533246	1,31350903320313	83,0130004882813
0,687306688632816	1,3148388671875	83,1129989624023
0,688120548147708	1,3161357421875	83,2129974365234
0,688934349454939	1,31762451171875	83,3130035400391
0,689799024257809	1,31922387695313	83,4130020141602
0,690612767357379	1,32066845703125	83,5130004882813
0,69142656866461	1,32185498046875	83,6129989624023
0,69229124346748	1,32305322265625	83,7129974365234
0,69315591827035	1,32463854980469	83,8130035400391
0,693969719577581	1,32610437011719	83,9130020141602
0,69483439438045	1,32756628417969	84,0130004882813
0,695699010975659	1,32948962402344	84,1129989624023
0,696563743986189	1,33045251464844	84,2129974365234
0,697428418789059	1,33202502441406	84,3130035400391
0,698242161888629	1,33334533691406	84,4130020141602
0,69910689489916	1,3349814453125	84,5130004882813
0,699971511494368	1,3366630859375	84,6129989624023
0,7007853128016	1,33783374023438	84,7129974365234
0,701649987604469	1,33935998535156	84,8130035400391
0,7024637889117	1,34074731445313	84,9130020141602
0,703277590218931	1,34209558105469	85,0130004882813
0,704142265021801	1,34346057128906	85,1129989624023
0,704956066329032	1,34485205078125	85,2129974365234
0,705769809428602	1,34627124023438	85,3130035400391
0,706583668943495	1,34751416015625	85,4130020141602
0,707397470250726	1,34913146972656	85,5130004882813
0,708262145053595	1,35037707519531	85,6129989624023
0,709075946360826	1,35186755371094	85,7129974365234
0,709889689460397	1,35343835449219	85,8130035400391
0,710703548975289	1,35494616699219	85,9130020141602
0,711568165570498	1,35604602050781	86,0130004882813
0,71238202508539	1,35735705566406	86,1129989624023
0,713246641680598	1,35881005859375	86,2129974365234
0,71406050119549	1,36019738769531	86,3130035400391
0,714874244295061	1,3620537109375	86,4130020141602
0,715738977305591	1,36310400390625	86,5130004882813
0,716552720405161	1,36438671875	86,6129989624023
0,717417395208031	1,36629919433594	86,7129974365234
0,718231196515262	1,36760986328125	86,8130035400391
0,719095871318132	1,36876306152344	86,9130020141602
0,71996048791334	1,37011218261719	87,0130004882813
0,720774347428232	1,37154956054688	87,1129989624023
0,721638964023441	1,37306359863281	87,2129974365234
0,722452823538333	1,37427697753906	87,3130035400391
0,723266624845564	1,3759169921875	87,4130020141602
0,724080367945135	1,37711401367188	87,5130004882813
0,724894227460027	1,37877978515625	87,6129989624023
0,725708028767258	1,3799248046875	87,7129974365234
0,726572703570127	1,38122192382813	87,8130035400391
0,727386446669698	1,38284643554688	87,9130020141602
0,728200247976929	1,38418969726563	88,0130004882813
0,729014107491821	1,38547277832031	88,1129989624023
0,729827908799052	1,38662145996094	88,2129974365234
0,730641651898623	1,38829235839844	88,3130035400391
0,731455511413515	1,38936389160156	88,4130020141602
0,732269312720746	1,3908662109375	88,5130004882813
0,733083055820316	1,39200231933594	88,6129989624023
0,733947730623186	1,39350219726563	88,7129974365234
0,734761531930417	1,39470202636719	88,8130035400391
0,735575391445309	1,39617224121094	88,9130020141602
0,736440008040518	1,3974873046875	89,0130004882813
0,73725386755541	1,39894445800781	89,1129989624023
0,738118484150618	1,40028076171875	89,2129974365234
0,73893228545785	1,40183435058594	89,3130035400391
0,739796960260719	1,40312951660156	89,4130020141602
0,740661635063589	1,40464758300781	89,5130004882813
0,741526309866458	1,40601135253906	89,6129989624023
0,742340111173689	1,40758898925781	89,7129974365234
0,743204785976559	1,40877673339844	89,8130035400391
0,744069402571768	1,4102978515625	89,9130020141602
0,744934077374637	1,41148583984375	90,0130004882813
0,745747878681868	1,41276806640625	90,1129989624023
0,746612553484738	1,41496264648438	90,2129974365234
0,747426354791969	1,41583374023438	90,3130035400391
0,7482401560992	1,41697253417969	90,4130020141602
0,749053957406431	1,41869348144531	90,5130004882813
0,749918632209301	1,41970788574219	90,6129989624023
0,750732433516532	1,42111059570313	90,7129974365234
0,751546176616102	1,4225380859375	90,8130035400391
0,752360036130995	1,42395080566406	90,9130020141602
0,753173837438226	1,42510986328125	91,0130004882813
0,754038512241095	1,426634765625	91,1129989624023
0,754852313548326	1,42798217773438	91,2129974365234
0,755666056647897	1,42925463867188	91,3130035400391
0,756479916162789	1,4305830078125	91,4130020141602
0,75729371747002	1,43224291992188	91,5130004882813
0,75815839227289	1,43334045410156	91,6129989624023
0,758972193580121	1,43478784179688	91,7129974365234
0,75983686838299	1,43593090820313	91,8130035400391
0,760650611482561	1,43748937988281	91,9130020141602
0,761515344493091	1,43860498046875	92,0130004882813
0,762329087592661	1,44049487304688	92,1129989624023
0,763193762395531	1,44170129394531	92,2129974365234
0,764007563702762	1,44286950683594	92,3130035400391
0,764872238505632	1,44418273925781	92,4130020141602
0,76573685510084	1,4454736328125	92,5130004882813
0,766550714615732	1,44706469726563	92,6129989624023
0,767415331210941	1,44820886230469	92,7129974365234
0,768229190725833	1,44958178710938	92,8130035400391
0,769042992033064	1,4508408203125	92,9130020141602
0,769907666835934	1,45224206542969	93,0130004882813
0,770721409935504	1,4539970703125	93,1129989624023
0,771535211242735	1,45479931640625	93,2129974365234
0,772349070757627	1,45638110351563	93,3130035400391
0,773162813857198	1,45748132324219	93,4130020141602
0,773976615164429	1,45903564453125	93,5130004882813
0,774790474679321	1,45998974609375	93,6129989624023
0,775604275986552	1,46126782226563	93,7129974365234
0,776418019086123	1,46269934082031	93,8130035400391
0,777231878601015	1,46366882324219	93,9130020141602
0,778096495196223	1,46528405761719	94,0130004882813
0,778910354711115	1,46651123046875	94,1129989624023
0,779724097810686	1,46784106445313	94,2129974365234
0,780537899117917	1,46917065429688	94,3130035400391
0,781402573920786	1,47041625976563	94,4130020141602
0,782216375228018	1,47182360839844	94,5130004882813
0,78303023474291	1,47293054199219	94,6129989624023
0,783894851338118	1,47450659179688	94,7129974365234
0,78470865264535	1,47599621582031	94,8130035400391
0,785573327448219	1,47715930175781	94,9130020141602
0,78638712875545	1,47855224609375	95,0130004882813
0,787251745350659	1,47994775390625	95,1129989624023
0,788116478361189	1,48121166992188	95,2129974365234
0,78893022146076	1,48286486816406	95,3130035400391
0,789794896263629	1,48401318359375	95,4130020141602
0,79065962927416	1,48540417480469	95,5130004882813
0,79147337237373	1,48691174316406	95,6129989624023
0,7923380471766	1,48809851074219	95,7129974365234
0,793202721979469	1,48939050292969	95,8130035400391
0,7940165232867	1,49073364257813	95,9130020141602
0,794830324593931	1,49213037109375	96,0130004882813
0,795694999396801	1,4934560546875	96,1129989624023
0,796508800704032	1,49471984863281	96,2129974365234
0,797322543803602	1,49577368164063	96,3130035400391
0,798136403318495	1,49724792480469	96,4130020141602
0,799001019913703	1,4985595703125	96,5130004882813
0,799814879428595	1,49975317382813	96,6129989624023
0,800628680735826	1,50100280761719	96,7129974365234
0,801493355538696	1,5022060546875	96,8130035400391
0,802307156845927	1,50371850585938	96,9130020141602
0,803120899945498	1,50473706054688	97,0130004882813
0,80393475946039	1,50623937988281	97,1129989624023
0,804799376055598	1,50719226074219	97,2129974365234
0,80561323557049	1,50846032714844	97,3130035400391
0,806426978670061	1,50991955566406	97,4130020141602
0,807291711680591	1,51112634277344	97,5130004882813
0,808105454780161	1,512412109375	97,6129989624023
0,808970129583031	1,51363818359375	97,7129974365234
0,809783930890262	1,51495764160156	97,8130035400391
0,810648605693132	1,51613037109375	97,9130020141602
0,811462407000363	1,51768298339844	98,0130004882813
0,812327081803232	1,51881872558594	98,1129989624023
0,813140883110464	1,52030358886719	98,2129974365234
0,813954626210034	1,52115710449219	98,3130035400391
0,814819359220564	1,522658203125	98,4130020141602
0,815633102320135	1,52374572753906	98,5130004882813
0,816446961835027	1,52525073242188	98,6129989624023
0,817260763142258	1,52676220703125	98,7129974365234
0,818074506241828	1,52773449707031	98,8130035400391
0,81888836575672	1,5290224609375	98,9130020141602
0,819702167063951	1,53006420898438	99,0130004882813
0,820566841866821	1,53126794433594	99,1129989624023
0,821380643174052	1,53296130371094	99,2129974365234
0,822194386273623	1,53413330078125	99,3130035400391
0,823008245788515	1,53536975097656	99,4130020141602
0,823822047095746	1,536607421875	99,5130004882813
0,824635790195316	1,53775122070313	99,6129989624023
0,825449649710208	1,5390986328125	99,7129974365234
0,826263451017439	1,54019384765625	99,8130035400391
0,82707719411701	1,54151953125	99,9130020141602
0,827941868919879	1,54297644042969	100,013000488281
0,82875567022711	1,54388549804688	100,112998962402
0,829569529742002	1,54559118652344	100,212997436523
0,830434146337211	1,54678796386719	100,313003540039
0,831248005852103	1,54751928710938	100,41300201416
0,832112622447312	1,54903344726563	100,513000488281
0,832926423754543	1,55058227539063	100,612998962402
0,833791098557413	1,55168664550781	100,712997436523
0,834655773360282	1,55302233886719	100,813003540039
0,835520448163152	1,55417297363281	100,91300201416
0,83638506475836	1,55549890136719	101,013000488281
0,83724973956123	1,55695324707031	101,112998962402
0,8381144143641	1,55815893554688	101,212997436523
0,838928215671331	1,55943786621094	101,313003540039
0,8397928904742	1,56040234375	101,41300201416
0,840606691781431	1,56165942382813	101,513000488281
0,841420493088663	1,56286853027344	101,612998962402
0,842285167891532	1,56417309570313	101,712997436523
0,843098910991102	1,56524279785156	101,813003540039
0,843912770505995	1,56630407714844	101,91300201416
0,844726571813226	1,56805737304688	102,013000488281
0,845591246616095	1,569193359375	102,112998962402
0,846405047923326	1,57051171875	102,212997436523
0,847218791022897	1,57152795410156	102,313003540039
0,848032650537789	1,57278637695313	102,41300201416
0,848897267132998	1,57420458984375	102,513000488281
0,84971112664789	1,57538024902344	102,612998962402
0,850524927955121	1,57668200683594	102,712997436523
0,85138960275799	1,57786083984375	102,813003540039
0,852203345857561	1,57915625	102,91300201416
0,853068078868091	1,58032592773438	103,013000488281
0,853881821967661	1,58150744628906	103,112998962402
0,854746496770531	1,58265161132813	103,212997436523
0,855560298077762	1,58417248535156	103,313003540039
0,856424972880632	1,58557971191406	103,41300201416
0,857238774187863	1,58637438964844	103,513000488281
0,858103448990732	1,58769653320313	103,612998962402
0,858917250297964	1,58870520019531	103,712997436523
0,859781925100833	1,58991650390625	103,813003540039
0,860595726408064	1,59157067871094	103,91300201416
0,861409469507635	1,59326843261719	104,013000488281
0,862274144310504	1,59395068359375	104,112998962402
0,863087945617735	1,59517932128906	104,212997436523
0,863901805132627	1,59632690429688	104,313003540039
0,864715548232198	1,59776892089844	104,41300201416
0,865529349539429	1,59869982910156	104,513000488281
0,866343209054321	1,59972814941406	104,612998962402
0,867157010361552	1,60089636230469	104,712997436523
0,867970753461123	1,60234619140625	104,813003540039
0,868784612976015	1,603283203125	104,91300201416
0,869598414283246	1,60437475585938	105,013000488281
0,870412157382816	1,60512976074219	105,112998962402
0,871226016897708	1,60643029785156	105,212997436523
0,872039818204939	1,60752661132813	105,313003540039
0,87285356130451	1,60885424804688	105,41300201416
0,873718236107379	1,6102119140625	105,513000488281
0,87453203741461	1,61114697265625	105,612998962402
0,87539671221748	1,61244799804688	105,712997436523
0,876210513524711	1,61360278320313	105,813003540039
0,877024373039603	1,61468286132813	105,91300201416
0,877888989634812	1,615771484375	106,013000488281
0,878753664437681	1,61722485351563	106,112998962402
0,879618339240551	1,618333984375	106,212997436523
0,880432140547782	1,61976525878906	106,313003540039
0,881296815350652	1,6210068359375	106,41300201416
0,88216143194586	1,62214575195313	106,513000488281
0,88302610674873	1,62339453125	106,612998962402
0,883839908055961	1,6246904296875	106,712997436523
0,884704582858831	1,62591271972656	106,813003540039
0,885518384166062	1,62667553710938	106,91300201416
0,886383058968931	1,62786865234375	107,013000488281
0,887196860276163	1,62893725585938	107,112998962402
0,888010661583394	1,63052038574219	107,212997436523
0,888875278178602	1,63158728027344	107,313003540039
0,889689137693495	1,63279321289063	107,41300201416
0,890502939000726	1,63396923828125	107,513000488281
0,891316740307957	1,634970703125	107,612998962402
0,892130541615188	1,63641174316406	107,712997436523
0,892995158210397	1,63727111816406	107,813003540039
0,893809017725289	1,63861791992188	107,91300201416
0,89462281903252	1,63948706054688	108,013000488281
0,89543656213209	1,64064794921875	108,112998962402
0,896250421646982	1,64172106933594	108,212997436523
0,897115038242191	1,64307287597656	108,313003540039
0,897928897757083	1,64411267089844	108,41300201416
0,898742699064314	1,64527404785156	108,513000488281
0,899556442163885	1,64637939453125	108,612998962402
0,900421116966754	1,64742761230469	108,712997436523
0,901234918273985	1,64863940429688	108,813003540039
0,902099593076855	1,64978247070313	108,91300201416
0,902913394384086	1,65092272949219	109,013000488281
0,903778069186956	1,65218408203125	109,112998962402
0,904642743989825	1,65328820800781	109,212997436523
0,905456545297056	1,65453466796875	109,313003540039
0,906321220099926	1,6556865234375	109,41300201416
0,907135021407157	1,65667431640625	109,513000488281
0,907948764506727	1,65773498535156	109,612998962402
0,908813497517258	1,6588564453125	109,712997436523
0,909627240616828	1,66001135253906	109,813003540039
0,91044110013172	1,66118786621094	109,91300201416
0,911254901438951	1,66200134277344	110,013000488281
0,912068644538522	1,66330883789063	110,112998962402
0,912882504053414	1,66440747070313	110,212997436523
0,913696305360645	1,6654150390625	110,313003540039
0,914510048460215	1,66663464355469	110,41300201416
0,915323907975107	1,66791748046875	110,513000488281
0,916188524570316	1,6689150390625	110,612998962402
0,917002384085208	1,67008862304688	110,712997436523
0,917816185392439	1,67106677246094	110,813003540039
0,91862992849201	1,67212805175781	110,91300201416
0,919494603294879	1,6734453125	111,013000488281
0,92030840460211	1,67470581054688	111,112998962402
0,921122264117002	1,67540258789063	111,212997436523
0,921986880712211	1,67652282714844	111,313003540039
0,922800740227103	1,67774243164063	111,41300201416
0,923665356822312	1,6787783203125	111,513000488281
0,924479158129543	1,67974975585938	111,612998962402
0,925343832932413	1,680884765625	111,712997436523
0,926208507735282	1,68058947753906	111,813003540039
0,927022250834852	1,68189086914063	111,91300201416
0,927886983845383	1,68320141601563	112,013000488281
0,928751658648252	1,6843173828125	112,112998962402
0,929616275243461	1,68553784179688	112,212997436523
0,930480950046331	1,68686486816406	112,313003540039
0,931294751353562	1,68768408203125	112,41300201416
0,932159426156431	1,68905749511719	112,513000488281
0,932973227463663	1,69016528320313	112,612998962402
0,933787028770894	1,69125134277344	112,712997436523
0,934651645366102	1,69236096191406	112,813003540039
0,935465504880995	1,69365710449219	112,91300201416
0,936279306188226	1,69473449707031	113,013000488281
0,937093107495457	1,69586157226563	113,112998962402
0,937906908802688	1,69693090820313	113,212997436523
0,938771525397897	1,69813854980469	113,313003540039
0,939585384912789	1,69904821777344	113,41300201416
0,94039918622002	1,70019018554688	113,513000488281
0,94121292931959	1,70139501953125	113,612998962402
0,942026788834482	1,70222119140625	113,712997436523
0,942891405429691	1,7033203125	113,813003540039
0,943705264944583	1,70457751464844	113,91300201416
0,944569881539792	1,70563342285156	114,013000488281
0,945383741054684	1,70671911621094	114,112998962402
0,946248357649893	1,70768444824219	114,212997436523
0,947062217164785	1,70891516113281	114,313003540039
0,947926833759993	1,70988513183594	114,41300201416
0,948740635067225	1,71113781738281	114,513000488281
0,949605309870094	1,71221655273438	114,612998962402
0,950469984672964	1,7132919921875	114,712997436523
0,951283727772534	1,71429321289063	114,813003540039
0,952148460783064	1,71563134765625	114,91300201416
0,952962203882635	1,7163369140625	115,013000488281
0,953776063397527	1,71759606933594	115,112998962402
0,954589864704758	1,71855737304688	115,212997436523
0,955454539507627	1,71942077636719	115,313003540039
0,956268282607198	1,72062744140625	115,41300201416
0,957082083914429	1,72186413574219	115,513000488281
0,957895943429321	1,72271142578125	115,612998962402
0,958709744736552	1,72386486816406	115,712997436523
0,959523487836123	1,72479455566406	115,813003540039
0,960337347351015	1,7259453125	115,91300201416
0,961151148658246	1,726888671875	116,013000488281
0,961964891757816	1,72759875488281	116,112998962402
0,962778751272708	1,72865832519531	116,212997436523
0,963592552579939	1,729767578125	116,313003540039
0,96440629567951	1,730462890625	116,41300201416
0,965220155194402	1,73160278320313	116,513000488281
0,966033956501633	1,73308898925781	116,612998962402
0,966898631304502	1,73356066894531	116,712997436523
0,967712374404073	1,73481530761719	116,813003540039
0,968526175711304	1,73549169921875	116,91300201416
0,969340035226196	1,73652880859375	117,013000488281
0,970204651821405	1,73784729003906	117,112998962402
0,971069326624274	1,73881042480469	117,212997436523
0,971883127931505	1,74007556152344	117,313003540039
0,972747802734375	1,74104711914063	117,41300201416
0,973561604041606	1,74205444335938	117,513000488281
0,974426278844476	1,74306750488281	117,612998962402
0,975290953647345	1,74442517089844	117,712997436523
0,976155570242554	1,74516027832031	117,813003540039
0,977020245045424	1,74635144042969	117,91300201416
0,977833988144994	1,74731481933594	118,013000488281
0,978698721155524	1,74832202148438	118,112998962402
0,979563454166055	1,74933825683594	118,212997436523
0,980377197265625	1,75028259277344	118,313003540039
0,981241930276155	1,7514326171875	118,41300201416
0,982055673375726	1,75248718261719	118,513000488281
0,982920406386256	1,75333471679688	118,612998962402
0,983734149485826	1,75418762207031	118,712997436523
0,984547892585397	1,75547412109375	118,813003540039
0,985361752100289	1,75613916015625	118,91300201416
0,986226368695498	1,75719470214844	119,013000488281
0,98704022821039	1,75794384765625	119,112998962402
0,98785397130996	1,75906604003906	119,212997436523
0,98871870432049	1,75990783691406	119,313003540039
0,989532447420061	1,76077392578125	119,41300201416
0,990346306934953	1,76177783203125	119,513000488281
0,991160050034523	1,7630625	119,612998962402
0,992024666629732	1,76400390625	119,712997436523
0,992838526144624	1,76463781738281	119,813003540039
0,993703142739832	1,76572399902344	119,91300201416
0,994517002254725	1,7659814453125	120,013000488281
0,995381618849933	1,76683459472656	120,112998962402
0,996195478364825	1,76831787109375	120,212997436523
0,997060094960034	1,76903747558594	120,313003540039
0,997873954474926	1,76994348144531	120,41300201416
0,998738571070135	1,77105065917969	120,513000488281
0,999552430585027	1,77218762207031	120,612998962402
1,0003661736846	1,77328100585938	120,712997436523
1,00123079027981	1,77398046875	120,813003540039
1,0020446497947	1,77514611816406	120,91300201416
1,00285850930959	1,77606103515625	121,013000488281
1,00367225240916	1,77700952148438	121,112998962402
1,00448611192405	1,77787890625	121,212997436523
1,00529997143894	1,77874645996094	121,313003540039
1,00611359812319	1,77982385253906	121,41300201416
1,00692745763808	1,78057849121094	121,513000488281
1,00774131715298	1,78157897949219	121,612998962402
1,00855506025255	1,78323974609375	121,712997436523
1,00936891976744	1,78326452636719	121,813003540039
1,01018277928233	1,78411804199219	121,91300201416
1,01104739587754	1,78545288085938	122,013000488281
1,01186125539243	1,78622546386719	122,112998962402
1,01267488207668	1,78737841796875	122,212997436523
1,01353961508721	1,78821630859375	122,313003540039
1,01435335818678	1,78908349609375	122,41300201416
1,01521809119731	1,78992138671875	122,513000488281
1,01603183429688	1,79106384277344	122,612998962402
1,01689656730741	1,79192248535156	122,712997436523
1,01776118390262	1,79274792480469	122,813003540039
1,01857504341751	1,79401489257813	122,91300201416
1,01943966001272	1,79462438964844	123,013000488281
1,02030427660793	1,79564379882813	123,112998962402
1,0212198831141	1,79660363769531	123,212997436523
1,02203374262899	1,79716931152344	123,313003540039
1,0228983592242	1,79862109375	123,41300201416
1,02371210232377	1,79962744140625	123,513000488281
1,0245768353343	1,8001064453125	123,612998962402
1,02539057843387	1,80107946777344	123,712997436523
1,02620443794876	1,80163391113281	123,813003540039
1,02701818104833	1,80249206542969	123,91300201416
1,02788291405886	1,80335498046875	124,013000488281
1,02869665715843	1,804349609375	124,112998962402
1,02951051667333	1,80519189453125	124,212997436523
1,03032437618822	1,80605395507813	124,313003540039
1,03113811928779	1,80690307617188	124,41300201416
1,03195186238736	1,80813708496094	124,513000488281
1,03281647898257	1,80877709960938	124,612998962402
1,03363033849746	1,80949230957031	124,712997436523
1,03444419801235	1,81022216796875	124,813003540039
1,03530881460756	1,81099475097656	124,91300201416
1,03612267412245	1,81193920898438	125,013000488281
1,03698729071766	1,81273901367188	125,112998962402
1,03780115023255	1,81350085449219	125,212997436523
1,03861489333212	1,81418249511719	125,313003540039
1,03947962634265	1,81557629394531	125,41300201416
1,04029336944222	1,81642346191406	125,513000488281
1,04115810245276	1,81683288574219	125,612998962402
1,04202271904796	1,81793872070313	125,712997436523
1,04283657856286	1,81885498046875	125,813003540039
1,04370119515806	1,81949987792969	125,91300201416
1,04451505467296	1,82067053222656	126,013000488281
1,04537967126817	1,82194201660156	126,112998962402
1,04619353078306	1,82286328125	126,212997436523
1,04705814737827	1,82316748046875	126,313003540039
1,04787189047784	1,82394299316406	126,41300201416
1,04868563357741	1,82479541015625	126,513000488281
1,0494994930923	1,82629553222656	126,612998962402
1,05031335260719	1,82645959472656	126,712997436523
1,05112709570676	1,8272548828125	126,813003540039
1,05194095522165	1,8281474609375	126,91300201416
1,05280557181686	1,8293447265625	127,013000488281
1,05361943133175	1,829240234375	127,112998962402
1,05443317443132	1,83037292480469	127,212997436523
1,05524691753089	1,83140173339844	127,313003540039
1,05606077704579	1,83194128417969	127,41300201416
1,056925393641	1,83281030273438	127,513000488281
1,05773925315589	1,83350354003906	127,612998962402
1,05855311267078	1,83415515136719	127,712997436523
1,05941772926599	1,83499291992188	127,813003540039
1,0602823458612	1,83587438964844	127,91300201416
1,06109620537609	1,83691516113281	128,013000488281
1,06191006489098	1,83735424804688	128,113006591797
1,06277468148619	1,83837805175781	128,212997436523
1,06358854100108	1,83892700195313	128,313003540039
1,06445315759629	1,83982604980469	128,412994384766
1,0653177741915	1,84092004394531	128,513000488281
1,06613163370639	1,84146179199219	128,613006591797
1,0669962503016	1,84250463867188	128,712997436523
1,06786098331213	1,84314306640625	128,813003540039
1,0686747264117	1,84384875488281	128,912994384766
1,06953945942223	1,84454296875	129,013000488281
1,0703532025218	1,84493481445313	129,113006591797
1,07121793553233	1,84597595214844	129,212997436523
1,07203156221658	1,84684301757813	129,313003540039
1,07284542173147	1,84765075683594	129,412994384766
1,07365928124636	1,84895861816406	129,513000488281
1,07452389784157	1,8488583984375	129,613006591797
1,07533775735646	1,84977807617188	129,712997436523
1,07615150045604	1,85096997070313	129,813003540039
1,07696535997093	1,85157897949219	129,912994384766
1,07782997656614	1,85204870605469	130,013000488281
1,07864383608103	1,85287829589844	130,113006591797
1,07945769559592	1,85396520996094	130,212997436523
1,08027132228017	1,8545126953125	130,313003540039
1,0811360552907	1,85524975585938	130,412994384766
1,08194979839027	1,85624487304688	130,513000488281
1,08276365790516	1,85656262207031	130,613006591797
1,08362827450037	1,85737536621094	130,712997436523
1,08444213401526	1,85796118164063	130,813003540039
1,08530675061047	1,85933068847656	130,912994384766
1,08612061012536	1,85949194335938	131,013000488281
1,08698522672057	1,86013500976563	131,113006591797
1,08779908623546	1,86109948730469	131,212997436523
1,08866370283067	1,86169165039063	131,313003540039
1,0895284358412	1,86270495605469	131,412994384766
1,09034217894077	1,8633818359375	131,513000488281
1,0912069119513	1,86377307128906	131,613006591797
1,09202065505087	1,86481323242188	131,712997436523
1,09283451456577	1,86532897949219	131,813003540039
1,09364825766534	1,86583142089844	131,912994384766
1,09451299067587	1,86646435546875	132,013000488281
1,09532673377544	1,86692224121094	132,113006591797
1,09614047687501	1,86801599121094	132,212997436523
1,0969543363899	1,86853247070313	132,313003540039
1,09776819590479	1,86951391601563	132,412994384766
1,09858193900436	1,86999304199219	132,513000488281
1,09939579851925	1,87060205078125	132,613006591797
1,10020954161882	1,87102307128906	132,712997436523
1,10102328471839	1,87171557617188	132,813003540039
1,10183714423329	1,872767578125	132,912994384766
1,10265100374818	1,87334387207031	133,013000488281
1,10346474684775	1,87389660644531	133,113006591797
1,10432947985828	1,87490930175781	133,212997436523
1,10514322295785	1,87518688964844	133,313003540039
1,10595708247274	1,87600134277344	133,412994384766
1,10682169906795	1,87675549316406	133,513000488281
1,10763544216752	1,87696862792969	133,613006591797
1,10850017517805	1,87792407226563	133,712997436523
1,10931391827762	1,87859655761719	133,813003540039
1,11017853487283	1,87908874511719	133,912994384766
1,11104338429868	1,8798251953125	134,013000488281
1,11185701098293	1,88022375488281	134,113006591797
1,11272174399346	1,88112646484375	134,212997436523
1,11358647700399	1,88168664550781	134,313003540039
1,1144510935992	1,88265246582031	134,412994384766
1,11526483669877	1,88273815917969	134,513000488281
1,1161295697093	1,88360729980469	134,613006591797
1,11694331280887	1,88425122070313	134,712997436523
1,11775717232376	1,88494067382813	134,813003540039
1,11862178891897	1,88552014160156	134,912994384766
1,11943564843386	1,88618371582031	135,013000488281
1,12030026502907	1,88687451171875	135,113006591797
1,12111412454396	1,88745031738281	135,212997436523
1,12192786764354	1,88798425292969	135,313003540039
1,12279260065407	1,88866943359375	135,412994384766
1,12360634375364	1,88933117675781	135,513000488281
1,12442020326853	1,88966906738281	135,613006591797
1,12523406278342	1,89014855957031	135,712997436523
1,12609867937863	1,890861328125	135,813003540039
1,1269124224782	1,89154858398438	135,912994384766
1,12777715548873	1,89209008789063	136,013000488281
1,1285908985883	1,89255944824219	136,113006591797
1,12940464168787	1,89320727539063	136,212997436523
1,1302693746984	1,89370861816406	136,313003540039
1,13108311779797	1,89407775878906	136,412994384766
1,1319478508085	1,89469189453125	136,513000488281
1,13276159390807	1,89569519042969	136,613006591797
1,1336263269186	1,89610852050781	136,712997436523
1,13444007001817	1,89719458007813	136,813003540039
1,1353048030287	1,89697094726563	136,912994384766
1,13611854612827	1,89773278808594	137,013000488281
1,1369832791388	1,89839025878906	137,113006591797
1,13779702223837	1,89890197753906	137,212997436523
1,1386617552489	1,89947290039063	137,313003540039
1,13947549834847	1,8998935546875	137,412994384766
1,14028935786337	1,90043225097656	137,513000488281
1,14110310096294	1,9009248046875	137,613006591797
1,14191684406251	1,9016142578125	137,712997436523
1,1427307035774	1,90191809082031	137,813003540039
1,14354456309229	1,90263549804688	137,912994384766
1,14435830619186	1,90277783203125	138,013000488281
1,14517216570675	1,90397424316406	138,113006591797
1,14598590880632	1,90412414550781	138,212997436523
1,14679965190589	1,9044619140625	138,313003540039
1,14761351142079	1,90516137695313	138,412994384766
1,14842737093568	1,90556774902344	138,513000488281
1,14929198753089	1,90585266113281	138,613006591797
1,15010584704578	1,90662841796875	138,712997436523
1,15091959014535	1,90671264648438	138,813003540039
1,15173344966024	1,90739208984375	138,912994384766
1,15254719275981	1,90796130371094	139,013000488281
1,15341180935502	1,90852978515625	139,113006591797
1,15422566886991	1,90877075195313	139,212997436523
1,15509028546512	1,90902380371094	139,313003540039
1,15590414498001	1,9099736328125	139,412994384766
1,15676876157522	1,91031750488281	139,513000488281
1,15763337817043	1,91100012207031	139,613006591797
1,15844723768532	1,91173681640625	139,712997436523
1,15931185428053	1,91204675292969	139,813003540039
1,16017658729106	1,91255798339844	139,912994384766
1,16104120388627	1,91308337402344	140,013000488281
1,1619059368968	1,91372875976563	140,113006591797
1,16277066990733	1,91417456054688	140,212997436523
1,16358429659158	1,91465197753906	140,313003540039
1,16444914601743	1,91505920410156	140,412994384766
1,16526277270168	1,91562658691406	140,513000488281
1,16612750571221	1,91598669433594	140,613006591797
1,16694124881178	1,91630786132813	140,712997436523
1,16775510832667	1,91705334472656	140,813003540039
1,16861972492188	1,91715881347656	140,912994384766
1,16943358443677	1,91774792480469	141,013000488281
1,17024744395167	1,918173828125	141,113006591797
1,17106118705124	1,91865295410156	141,212997436523
1,17187504656613	1,91915283203125	141,313003540039
1,17273966316134	1,91948718261719	141,412994384766
1,17355352267623	1,91981567382813	141,513000488281
1,1743672657758	1,92032958984375	141,613006591797
1,17523188237101	1,92053759765625	141,712997436523
1,1760457418859	1,92129992675781	141,813003540039
1,17685948498547	1,92188244628906	141,912994384766
1,177724217996	1,92202307128906	142,013000488281
1,17853796109557	1,92286560058594	142,113006591797
1,1794026941061	1,92297485351563	142,212997436523
1,18021643720567	1,923435546875	142,313003540039
1,1810811702162	1,92361901855469	142,412994384766
1,18189491331577	1,92404907226563	142,513000488281
1,1827596463263	1,92450122070313	142,613006591797
1,18357338942587	1,92471496582031	142,712997436523
1,1844381224364	1,92506188964844	142,813003540039
1,18525186553597	1,92576013183594	142,912994384766
1,18606572505087	1,92629162597656	143,013000488281
1,18687946815044	1,92693432617188	143,113006591797
1,18774408474565	1,92683850097656	143,212997436523
1,18855794426054	1,92720288085938	143,313003540039
1,18937168736011	1,92746240234375	143,412994384766
1,190185546875	1,92781848144531	143,513000488281
1,19099940638989	1,92827087402344	143,613006591797
1,19181314948946	1,92895373535156	143,712997436523
1,19262700900435	1,92899963378906	143,813003540039
1,19344075210392	1,929779296875	143,912994384766
1,19430536869913	1,92964599609375	144,013000488281
1,19511922821403	1,93002514648438	144,113006591797
1,1959329713136	1,93014611816406	144,212997436523
1,19674683082849	1,93061645507813	144,313003540039
1,1976114474237	1,93114831542969	144,412994384766
1,19842530693859	1,93141845703125	144,513000488281
1,19923916645348	1,93179577636719	144,613006591797
1,20010378304869	1,93183728027344	144,712997436523
1,2009683996439	1,93249731445313	144,813003540039
1,20178225915879	1,93261828613281	144,912994384766
1,202646875754	1,93315856933594	145,013000488281
1,20351160876453	1,93349633789063	145,113006591797
1,2043253518641	1,93414770507813	145,212997436523
1,20519008487463	1,93454663085938	145,313003540039
1,20605470146984	1,93458776855469	145,412994384766
1,20691931806505	1,93532958984375	145,513000488281
1,20778405107558	1,93533288574219	145,613006591797
1,20859779417515	1,93581726074219	145,712997436523
1,20946252718568	1,93609057617188	145,813003540039
1,21027627028525	1,93643078613281	145,912994384766
1,21114100329578	1,93666149902344	146,013000488281
1,21195474639535	1,93667785644531	146,113006591797
1,21276860591024	1,93696606445313	146,212997436523
1,21358234900981	1,93762976074219	146,313003540039
1,21444696560502	1,93745922851563	146,412994384766
1,21526082511991	1,93793823242188	146,513000488281
1,21607456821948	1,938087890625	146,613006591797
1,21688842773438	1,93869482421875	146,712997436523
1,21770228724927	1,93879846191406	146,813003540039
1,21851603034884	1,93959057617188	146,912994384766
1,21932988986373	1,93946606445313	147,013000488281
1,22019450645894	1,93940673828125	147,113006591797
1,22100824955851	1,93978674316406	147,212997436523
1,2218221090734	1,94023950195313	147,313003540039
1,22268672566861	1,94056420898438	147,412994384766
1,2235005851835	1,94052038574219	147,513000488281
1,22431432828307	1,94070812988281	147,613006591797
1,2251790612936	1,94119616699219	147,712997436523
1,22599280439317	1,9417119140625	147,813003540039
1,2268575374037	1,94176586914063	147,912994384766
1,22772215399891	1,94220349121094	148,013000488281
1,2285360135138	1,94229248046875	148,113006591797
1,22940063010901	1,94259155273438	148,212997436523
1,23026524670422	1,94281372070313	148,313003540039
1,23107910621911	1,94310217285156	148,412994384766
1,23194372281432	1,94347009277344	148,513000488281
1,23275758232921	1,94356384277344	148,613006591797
1,23357144184411	1,94383923339844	148,712997436523
1,23438518494368	1,94410974121094	148,813003540039
1,23519892804325	1,94447607421875	148,912994384766
1,23601278755814	1,94434619140625	149,013000488281
1,23682653065771	1,94510583496094	149,113006591797
1,2376403901726	1,94484362792969	149,212997436523
1,23845424968749	1,94493432617188	149,313003540039
1,2393188662827	1,94539611816406	149,412994384766
1,24013272579759	1,94536730957031	149,513000488281
1,24094646889716	1,94556286621094	149,613006591797
1,24176021199673	1,94584033203125	149,712997436523
1,24257407151163	1,9458642578125	149,813003540039
1,2433878146112	1,94631652832031	149,912994384766
1,24425254762173	1,94626721191406	150,013000488281
1,2450662907213	1,9463837890625	150,113006591797
1,24588015023619	1,94664025878906	150,212997436523
1,2467447668314	1,94713122558594	150,313003540039
1,24755862634629	1,94716442871094	150,412994384766
1,2484232429415	1,9473466796875	150,513000488281
1,24928797595203	1,94773474121094	150,613006591797
1,2501017190516	1,94792138671875	150,712997436523
1,25096645206213	1,94800073242188	150,813003540039
1,25183106865734	1,94819067382813	150,912994384766
1,25264492817223	1,94839282226563	151,013000488281
1,25350954476744	1,94893041992188	151,113006591797
1,25437416136265	1,94880810546875	151,212997436523
1,25518802087754	1,94915185546875	151,313003540039
1,25605263747275	1,94947265625	151,412994384766
1,25686649698764	1,94932958984375	151,513000488281
1,25773111358285	1,94948791503906	151,613006591797
1,25854497309774	1,94997631835938	151,712997436523
1,25935871619731	1,94970825195313	151,813003540039
1,26022333279252	1,95023693847656	151,912994384766
1,26103719230741	1,95021716308594	152,013000488281
1,26185093540698	1,95042907714844	152,113006591797
1,26266479492188	1,95020202636719	152,212997436523
1,26347865443677	1,95076940917969	152,313003540039
1,26434327103198	1,95078100585938	152,412994384766
1,26515713054687	1,95137707519531	152,513000488281
1,26597087364644	1,95105163574219	152,613006591797
1,26683560665697	1,95117517089844	152,712997436523
1,26764934975654	1,95136340332031	152,813003540039
1,26846309285611	1,95139331054688	152,912994384766
1,26932770945132	1,95206774902344	153,013000488281
1,27014156896621	1,95180615234375	153,113006591797
1,27100618556142	1,95188989257813	153,212997436523
1,27187091857195	1,95214868164063	153,313003540039
1,27268466167152	1,95247937011719	153,412994384766
1,27354939468205	1,95266442871094	153,513000488281
1,27441401127726	1,95254223632813	153,613006591797
1,27527874428779	1,95338659667969	153,712997436523
1,27609248738736	1,95289758300781	153,813003540039
1,27695710398257	1,95340539550781	153,912994384766
1,27777096349746	1,95323352050781	154,013000488281
1,27863558009267	1,95332531738281	154,113006591797
1,27944943960756	1,953658203125	154,212997436523
1,28026329912245	1,95367395019531	154,313003540039
1,28107704222202	1,95371936035156	154,412994384766
1,28189090173692	1,95399536132813	154,513000488281
1,28270476125181	1,95391027832031	154,613006591797
1,28351838793606	1,95399304199219	154,712997436523
1,28433224745095	1,95410681152344	154,813003540039
1,28514610696584	1,95416088867188	154,912994384766
1,28595985006541	1,95422644042969	155,013000488281
1,2867737095803	1,95425085449219	155,113006591797
1,28758756909519	1,95436291503906	155,212997436523
1,2884521856904	1,95424987792969	155,313003540039
1,2892660452053	1,95452880859375	155,412994384766
1,29007967188954	1,95461499023438	155,513000488281
1,29089353140444	1,95477368164063	155,613006591797
1,29175814799964	1,95480419921875	155,712997436523
1,29257200751454	1,95543493652344	155,813003540039
1,29338586702943	1,95491540527344	155,912994384766
1,29425048362464	1,95516015625	156,013000488281
1,29506434313953	1,95543579101563	156,113006591797
1,29592895973474	1,95532861328125	156,212997436523
1,29679357632995	1,95534948730469	156,313003540039
1,29765830934048	1,95585888671875	156,412994384766
1,29847205244005	1,95596740722656	156,513000488281
1,29933678545058	1,95585815429688	156,613006591797
1,30020140204579	1,95598083496094	156,712997436523
1,301066018641	1,95604235839844	156,813003540039
1,30187987815589	1,95618334960938	156,912994384766
1,3027444947511	1,95633618164063	157,013000488281
1,30360922776163	1,9565517578125	157,113006591797
1,3044229708612	1,95643188476563	157,212997436523
1,30523683037609	1,95643713378906	157,313003540039
1,3061014469713	1,95651489257813	157,412994384766
1,30691530648619	1,95669543457031	157,513000488281
1,30772916600108	1,95655261230469	157,613006591797
1,30854279268533	1,95687658691406	157,712997436523
1,30940764211118	1,95735986328125	157,813003540039
1,31022126879543	1,95718969726563	157,912994384766
1,31103512831032	1,95720190429688	158,013000488281
1,31184898782521	1,957166015625	158,113006591797
1,31266273092479	1,95708959960938	158,212997436523
1,31352746393532	1,95702685546875	158,313003540039
1,31434120703489	1,95720031738281	158,412994384766
1,31520594004542	1,95735815429688	158,513000488281
1,31601968314499	1,957154296875	158,613006591797
1,31683354265988	1,95738525390625	158,712997436523
1,31769815925509	1,95748474121094	158,813003540039
1,31851201876998	1,95732104492188	158,912994384766
1,31937663536519	1,95786791992188	159,013000488281
1,32019037846476	1,95768908691406	159,113006591797
1,32105511147529	1,95781262207031	159,212997436523
1,32191984448582	1,958146484375	159,313003540039
1,32273347117007	1,95780163574219	159,412994384766
1,32359832059592	1,95809899902344	159,513000488281
1,32441194728017	1,95804235839844	159,613006591797
1,32522580679506	1,95775012207031	159,712997436523
1,32603966630995	1,95803662109375	159,813003540039
1,32685340940952	1,95792529296875	159,912994384766
1,32771814242005	1,95810510253906	160,013000488281
1,32853188551962	1,95822546386719	160,113006591797
1,32934574503452	1,95797546386719	160,212997436523
1,33015948813409	1,95847375488281	160,313003540039
1,33097323123366	1,95792492675781	160,412994384766
1,33178709074855	1,95787170410156	160,513000488281
1,33260095026344	1,95836389160156	160,613006591797
1,33341469336301	1,95763354492188	160,712997436523
1,3342285528779	1,95801513671875	160,813003540039
1,33509316947311	1,95790466308594	160,912994384766
1,335907028988	1,95810400390625	161,013000488281
1,33672077208757	1,95822192382813	161,113006591797
1,3375855050981	1,95789477539063	161,212997436523
1,33839924819767	1,95808898925781	161,313003540039
1,33926386479288	1,95806640625	161,412994384766
1,34007772430778	1,95819982910156	161,513000488281
1,34094234090298	1,95791955566406	161,613006591797
1,34180695749819	1,95797875976563	161,712997436523
1,34267180692405	1,95825842285156	161,813003540039
1,34353642351925	1,95843054199219	161,912994384766
1,34440104011446	1,95815417480469	162,013000488281
1,34521489962935	1,95822961425781	162,113006591797
1,34607951622456	1,95859802246094	162,212997436523
1,34694424923509	1,95843969726563	162,313003540039
1,34775799233466	1,95897631835938	162,412994384766
1,34862272534519	1,95832165527344	162,513000488281
1,34943635202944	1,95832800292969	162,613006591797
1,3503012014553	1,95842309570313	162,712997436523
1,35111482813954	1,95841003417969	162,813003540039
1,35197956115007	1,95811450195313	162,912994384766
1,35279330424964	1,95866931152344	163,013000488281
1,35360716376454	1,95842224121094	163,113006591797
1,35442102327943	1,95829431152344	163,212997436523
1,35528563987464	1,95817309570313	163,313003540039
1,35609949938953	1,95815026855469	163,412994384766
1,3569132424891	1,95773657226563	163,513000488281
1,35772710200399	1,95791711425781	163,613006591797
1,3585917185992	1,95777954101563	163,712997436523
1,35940546169877	1,95780432128906	163,813003540039
1,36021932121366	1,95782446289063	163,912994384766
1,36108393780887	1,95775366210938	164,013000488281
1,36189779732376	1,95778588867188	164,113006591797
1,36276241391897	1,95763989257813	164,212997436523
1,36357627343386	1,95756787109375	164,313003540039
1,36444089002907	1,95750048828125	164,412994384766
1,36525474954396	1,95745422363281	164,513000488281
1,36611936613917	1,95733227539063	164,613006591797
1,36698398273438	1,95736010742188	164,712997436523
1,36779784224927	1,95695593261719	164,813003540039
1,36866245884448	1,95714367675781	164,912994384766
1,36952719185501	1,95712475585938	165,013000488281
1,37034093495458	1,95708666992188	165,113006591797
1,37115479446948	1,95692749023438	165,212997436523
1,37196865398437	1,95668994140625	165,313003540039
1,37278239708394	1,95664489746094	165,412994384766
1,37359614018351	1,95645825195313	165,513000488281
1,3744099996984	1,95637048339844	165,613006591797
1,37522374279797	1,95636547851563	165,712997436523
1,37603760231286	1,95608837890625	165,813003540039
1,37685146182776	1,95566918945313	165,912994384766
1,37766520492733	1,95582934570313	166,013000488281
1,37852993793786	1,95551391601563	166,113006591797
1,37934368103743	1,95528173828125	166,212997436523
1,380157424137	1,95555773925781	166,313003540039
1,38097128365189	1,95528759765625	166,412994384766
1,38178502675146	1,95517358398438	166,513000488281
1,38259888626635	1,95512573242188	166,613006591797
1,38346350286156	1,95475610351563	166,712997436523
1,38427736237645	1,95462829589844	166,813003540039
1,38509122189134	1,95439660644531	166,912994384766
1,38595583848655	1,954486328125	167,013000488281
1,38676969800144	1,95420910644531	167,113006591797
1,38763431459665	1,95406701660156	167,212997436523
1,38849893119186	1,95427331542969	167,313003540039
1,38931279070675	1,95411999511719	167,412994384766
1,39017740730196	1,95380480957031	167,513000488281
1,39104214031249	1,95351965332031	167,613006591797
1,3919067569077	1,95351123046875	167,712997436523
1,39272061642259	1,95309460449219	167,813003540039
1,3935852330178	1,95290502929688	167,912994384766
1,39444984961301	1,95276525878906	168,013000488281
1,3952637091279	1,95229577636719	168,113006591797
1,39612832572311	1,95219958496094	168,212997436523
1,396942185238	1,95200134277344	168,313003540039
1,39780680183321	1,95119677734375	168,412994384766
1,3986206613481	1,95046130371094	168,513000488281
1,39943440444767	1,94976892089844	168,613006591797
1,40029902104288	1,94863134765625	168,712997436523
1,40111288055778	1,94752819824219	168,813003540039
1,40192662365735	1,94629211425781	168,912994384766
1,40279135666788	1,94515637207031	169,013000488281
1,40360509976745	1,94396142578125	169,113006591797
1,40441895928234	1,94305322265625	169,212997436523
1,40528357587755	1,94203698730469	169,313003540039
1,40609743539244	1,94130053710938	169,412994384766
1,40696205198765	1,94023522949219	169,513000488281
1,40777591150254	1,93961584472656	169,613006591797
1,40864052809775	1,93859826660156	169,712997436523
1,40945438761264	1,93759057617188	169,813003540039
1,41026813071221	1,93667016601563	169,912994384766
1,41113286372274	1,93612536621094	170,013000488281
1,41199748031795	1,93538586425781	170,113006591797
1,41281122341752	1,93475158691406	170,212997436523
1,41367595642805	1,93366882324219	170,313003540039
1,41448969952762	1,93304931640625	170,412994384766
1,41535431612283	1,93229736328125	170,513000488281
1,41616817563772	1,93156506347656	170,613006591797
1,41703279223293	1,93086669921875	170,712997436523
1,41784665174782	1,93015380859375	170,813003540039
1,41866051126271	1,92941381835938	170,912994384766
1,41947425436229	1,92860388183594	171,013000488281
1,42028811387718	1,92826635742188	171,113006591797
1,42110197339207	1,92720153808594	171,212997436523
1,42191560007632	1,92608374023438	171,313003540039
1,42272945959121	1,92492980957031	171,412994384766
1,42359407618642	1,92450524902344	171,513000488281
1,42440793570131	1,92372668457031	171,613006591797
1,4252217952162	1,92269116210938	171,712997436523
1,42603553831577	1,9216123046875	171,813003540039
1,42684939783067	1,92119702148438	171,912994384766
1,42766325734556	1,92010705566406	172,013000488281
1,42847688402981	1,91920446777344	172,113006591797
1,42934161704034	1,91828137207031	172,212997436523
1,43015536013991	1,9168310546875	172,313003540039
1,4309692196548	1,91643078613281	172,412994384766
1,43183383625001	1,91468298339844	172,513000488281
1,4326476957649	1,91402612304688	172,613006591797
1,43351231236011	1,91220471191406	172,712997436523
1,434326171875	1,91051599121094	172,813003540039
1,43519078847021	1,90909008789063	172,912994384766
1,43605552148074	1,90682983398438	173,013000488281
1,43692013807595	1,89986987304688	173,113006591797
1,43778475467116	1,88853540039063	173,212997436523
1,43870036117733	1,86162622070313	173,313003540039
1,44139607436955	-0,157848251342773	173,339996337891
