File Path: D:\Ensayos Víctor\Fase III\Virgen\vertical\Test Run 7 16-05-2019 12 22 15\DAQ- Crosshead; … - (Timed).txt   
Test: ENSAYOS TRACCION PLA 3
Test Run: Test Run 7
Date: 16/05/2019 12:19:47


Crosshead 	Load 	Time 
mm	kN	sec
0,000203450511548908	0,0592533912658691	0,111000001430511
0,000457763661643185	0,0593824996948242	0,210999995470047
0,00086466474158442	0,059526611328125	0,310999989509583
0,00152587892898737	0,0592982788085938	0,41100001335144
0,002085367896143	0,0594388580322266	0,510999977588654
0,00249226877713227	0,0597971878051758	0,611000001430511
0,00295003246719716	0,059624885559082	0,711000025272369
0,00335693357556011	0,0596784553527832	0,810999989509583
0,003814697265625	0,0599164161682129	0,91100001335144
0,00437418611909379	0,0599215850830078	1,0110000371933
0,00503540059071383	0,060049488067627	1,11099994182587
0,00579833977099042	0,0600992431640625	1,21099996566772
0,00661214198771631	0,0602120399475098	1,31099998950958
0,00742594374969485	0,0603758735656738	1,41100001335144
0,00823974642116809	0,0605896759033203	1,5110000371933
0,00905354772839928	0,0605856437683105	1,61099994182587
0,00991821252682712	0,0606957206726074	1,71099996566772
0,0107828782347497	0,0611855926513672	1,81099998950958
0,0115966795419808	0,0608363075256348	1,91100001335144
0,0124613443404087	0,0608381614685059	2,01099991798401
0,0132751465571346	0,0615079154968262	2,11100006103516
0,0141398113555624	0,0617908897399902	2,21099996566772
0,0150044752444956	0,0615883255004883	2,31100010871887
0,0158182774612214	0,0617413444519043	2,41100001335144
0,016682943169144	0,0624441986083984	2,51099991798401
0,0174967444763752	0,0627178649902344	2,61100006103516
0,0183614101842977	0,0629919013977051	2,71099996566772
0,0191752114915289	0,0633661499023438	2,81100010871887
0,0200398771994514	0,0637963981628418	2,91100001335144
0,0208536785066826	0,0640598297119141	3,01099991798401
0,0217183442146052	0,0644771499633789	3,11100006103516
0,022532143702847	0,0647904434204102	3,21099996566772
0,0233968112297589	0,0648085479736328	3,31100010871887
0,0242106107180007	0,0648890533447266	3,41100001335144
0,0250244138442213	0,0652537002563477	3,51099991798401
0,0258890777331544	0,0653941268920898	3,61100006103516
0,026702880859375	0,0657478942871094	3,71099996566772
0,0275166839855956	0,0659987182617188	3,81100010871887
0,0283304852928268	0,0661758575439453	3,91100001335144
0,029144286600058	0,0664848709106445	4,01100015640259
0,0299580897262786	0,0666577682495117	4,11100006103516
0,0307718910335097	0,0669625930786133	4,21099996566772
0,0316365549224429	0,0669454574584961	4,31099987030029
0,0324503598676529	0,0672870025634766	4,41099977493286
0,0332641611748841	0,0671615371704102	4,51100015640259
0,0340779624821153	0,0678412017822266	4,61100006103516
0,0349426263710484	0,0681176605224609	4,71099996566772
0,0357564276782796	0,0678983001708984	4,81099987030029
0,0365702326234896	0,0679314727783203	4,91099977493286
0,0374348928744439	0,0678896636962891	5,01100015640259
0,0382486978196539	0,0680394897460938	5,11100006103516
0,039113361708587	0,0683376007080078	5,21099996566772
0,039927166653797	0,068750244140625	5,31099987030029
0,0407918269047514	0,0690735397338867	5,41099977493286
0,0416564944316633	0,06880712890625	5,51100015640259
0,0425211583205964	0,0694040679931641	5,61100006103516
0,0433349596278276	0,0699251937866211	5,71099996566772
0,0441996271547396	0,0696417083740234	5,81099987030029
0,0450642874056939	0,0700752105712891	5,91099977493286
0,0459289549326058	0,0704726104736328	6,01100015640259
0,046742756239837	0,0706054992675781	6,11100006103516
0,0476074201287702	0,0709445419311523	6,21099996566772
0,0484212214360014	0,0716073608398438	6,31099987030029
0,0492858889629133	0,0720068817138672	6,41099977493286
0,0500996902701445	0,0727920455932617	6,51100015640259
0,0509643541590776	0,0732829132080078	6,61100006103516
0,0517781554663088	0,0740609664916992	6,71099996566772
0,0525919604115188	0,0744975051879883	6,81099987030029
0,05340576171875	0,0748651580810547	6,91099977493286
0,0542704292456619	0,0755393676757813	7,01100015640259
0,0550842269149143	0,0760377578735352	7,11100006103516
0,0558980282221455	0,0765644378662109	7,21099996566772
0,0567118331673555	0,0773788986206055	7,31099987030029
0,0575764970562886	0,0780341110229492	7,41099977493286
0,0583903020014986	0,0782459716796875	7,51100015640259
0,0592041033087298	0,0790097427368164	7,61100006103516
0,060068767197663	0,0796674499511719	7,71099996566772
0,0608825685048942	0,0803711624145508	7,81099987030029
0,0616963661741465	0,0813682708740234	7,91099977493286
0,0625610337010585	0,0825677032470703	8,01099967956543
0,0633748422842473	0,0838569869995117	8,11100006103516
0,0642395025352016	0,0850619201660156	8,21100044250488
0,0650533038424328	0,0864115905761719	8,31099987030029
0,065867105149664	0,0876776504516602	8,41100025177002
0,0667317726765759	0,0889340209960938	8,51099967956543
0,0675455739838071	0,0906436233520508	8,61100006103516
0,0684102415107191	0,0916505355834961	8,71100044250488
0,0692240355419926	0,0930139007568359	8,81099987030029
0,0700378441251814	0,0946504745483398	8,91100025177002
0,0709025043761358	0,0959402542114258	9,01099967956543
0,071716305683367	0,0974131774902344	9,11100006103516
0,0725301142665558	0,0987068786621094	9,21100044250488
0,0733439082978293	0,100187858581543	9,31099987030029
0,0741577168810181	0,101273666381836	9,41100025177002
0,0749715181882493	0,102680282592773	9,51099967956543
0,0757853194954805	0,103962341308594	9,61100006103516
0,0765991208027117	0,105574226379395	9,71100044250488
0,077463781053666	0,106639137268066	9,81099987030029
0,0782775896368548	0,107921257019043	9,91100025177002
0,079091390944086	0,109381797790527	10,0109996795654
0,0799051922513172	0,110493858337402	10,1110000610352
0,0807698597782291	0,111744529724121	10,2110004425049
0,0815836538095027	0,113384338378906	10,3109998703003
0,0824483286123723	0,114106468200684	10,41100025177
0,0832621226436459	0,115102172851563	10,5109996795654
0,0841267901705578	0,115944557189941	10,6110000610352
0,084940591477789	0,116781150817871	10,7110004425049
0,0858052590047009	0,117615509033203	10,8109998703003
0,0866190603119321	0,119283973693848	10,91100025177
0,0874837278388441	0,120315872192383	11,0109996795654
0,0882975218701176	0,121520576477051	11,1110000610352
0,0891621966729872	0,122049392700195	11,2110004425049
0,0900268569239415	0,123317543029785	11,3109998703003
0,0908406582311727	0,124435668945313	11,41100025177
0,0917053257580847	0,125453506469727	11,5109996795654
0,092569986009039	0,125970092773438	11,6110000610352
0,0933837873162702	0,12727018737793	11,7110004425049
0,0942484548431821	0,128246337890625	11,8109998703003
0,0950622561504133	0,128879470825195	11,91100025177
0,0959269164013676	0,129684371948242	12,0109996795654
0,0967407249845564	0,130708999633789	12,1110000610352
0,0976053852355108	0,131578323364258	12,2110004425049
0,098419186542742	0,132335098266602	12,3109998703003
0,0992329951259308	0,134219863891602	12,41100025177
0,100097655376885	0,134541320800781	12,5109996795654
0,100911463960074	0,135490585327148	12,6110000610352
0,101725257991347	0,136568923950195	12,7110004425049
0,102539059298579	0,137595657348633	12,8109998703003
0,103403726825491	0,13857341003418	12,91100025177
0,104217528132722	0,139425384521484	13,0109996795654
0,105082188383676	0,140639999389648	13,1110000610352
0,105895996966865	0,14154475402832	13,2110004425049
0,106709798274096	0,142850967407227	13,3109998703003
0,107574465801008	0,143550186157227	13,41100025177
0,108388267108239	0,144507278442383	13,5109996795654
0,109252927359194	0,145721649169922	13,6110000610352
0,110117594886106	0,146986450195313	13,7110004425049
0,110931396193337	0,148106414794922	13,8109998703003
0,111796056444291	0,150140579223633	13,91100025177
0,11260986502748	0,151597030639648	14,0109996795654
0,113474525278434	0,152929290771484	14,1110000610352
0,114339192805346	0,154833908081055	14,2110004425049
0,115152994112577	0,155847671508789	14,3109998703003
0,115966795419808	0,157479370117188	14,41100025177
0,116831455670763	0,159118728637695	14,5109996795654
0,117645264253952	0,16069709777832	14,6110000610352
0,118459065561183	0,161910537719727	14,7110004425049
0,119272866868414	0,163906356811523	14,8109998703003
0,120086668175645	0,165013168334961	14,91100025177
0,120900476758834	0,166715637207031	15,0109996795654
0,121714270790108	0,167973373413086	15,1110000610352
0,122528072097339	0,169513275146484	15,2110004425049
0,123341887956485	0,170994857788086	15,3109998703003
0,124206548207439	0,17268913269043	15,41100025177
0,125020334962755	0,174455657958984	15,5109996795654
0,125834150821902	0,175511199951172	15,6110000610352
0,126647952129133	0,176570083618164	15,7110004425049
0,127461753436364	0,178759460449219	15,8109998703003
0,128326413687319	0,179797256469727	15,91100025177
0,12914021499455	0,181767471313477	16,0109996795654
0,129954030853696	0,1830693359375	16,1110000610352
0,130818676552735	0,184871200561523	16,2110004425049
0,131632492411882	0,185820129394531	16,3110008239746
0,132497152662836	0,188351409912109	16,4109992980957
0,133310953970067	0,188694000244141	16,5109996795654
0,134175614221022	0,190931762695313	16,6110000610352
0,134989430080168	0,192011108398438	16,7110004425049
0,135854075779207	0,193665237426758	16,8110008239746
0,136718750582077	0,194909576416016	16,9109992980957
0,137532551889308	0,197252090454102	17,0109996795654
0,138397212140262	0,198428894042969	17,1110000610352
0,139261886943132	0,200352157592773	17,2110004425049
0,140075688250363	0,201645904541016	17,3110008239746
0,140940348501317	0,203407943725586	17,4109992980957
0,141754149808548	0,204482330322266	17,5109996795654
0,142618824611418	0,206315887451172	17,6110000610352
0,143432611366734	0,207565414428711	17,7110004425049
0,144246412673965	0,209607894897461	17,8110008239746
0,145060228533112	0,210667510986328	17,9109992980957
0,145924874232151	0,212262069702148	18,0109996795654
0,146738690091297	0,213874389648438	18,1110000610352
0,147552491398528	0,215449981689453	18,2110004425049
0,148417166201398	0,217272277832031	18,3110008239746
0,149230952956714	0,218767776489258	18,4109992980957
0,150044754263945	0,220317825317383	18,5109996795654
0,150909429066814	0,221874313354492	18,6110000610352
0,15172321582213	0,223439163208008	18,7110004425049
0,152587890625	0,225166534423828	18,8110008239746
0,153401691932231	0,226849166870117	18,9109992980957
0,154266352183186	0,228384582519531	19,0109996795654
0,155080153490417	0,230247604370117	19,1110000610352
0,155893969349563	0,231901519775391	19,2110004425049
0,156758615048602	0,233372482299805	19,3110008239746
0,157572430907749	0,234817886352539	19,4109992980957
0,158437091158703	0,236323852539063	19,5109996795654
0,159250907017849	0,238172302246094	19,6110000610352
0,160115552716888	0,240035247802734	19,7110004425049
0,160929368576035	0,241316879272461	19,8110008239746
0,161794028826989	0,243149810791016	19,9109992980957
0,16260783013422	0,244755157470703	20,0109996795654
0,163421631441452	0,24649543762207	20,1110000610352
0,164235432748683	0,248156631469727	20,2110004425049
0,165049234055914	0,24951220703125	20,3110008239746
0,165913894306868	0,251066055297852	20,4109992980957
0,166727710166015	0,252930328369141	20,5109996795654
0,167541496921331	0,254432403564453	20,6110000610352
0,168355298228562	0,25611669921875	20,7110004425049
0,169169114087708	0,257660308837891	20,8110008239746
0,169982915394939	0,2591728515625	20,9109992980957
0,170796702150255	0,26051025390625	21,0109996795654
0,171610518009402	0,262491943359375	21,1110000610352
0,172424319316633	0,264049102783203	21,2110004425049
0,173288979567587	0,2654521484375	21,3110008239746
0,174102780874819	0,26722412109375	21,4109992980957
0,17491658218205	0,268960357666016	21,5109996795654
0,175781256984919	0,270590545654297	21,6110000610352
0,176595043740235	0,272198760986328	21,7110004425049
0,177459718543105	0,274076568603516	21,8110008239746
0,178273519850336	0,275712463378906	21,9109992980957
0,17913818010129	0,277521148681641	22,0109996795654
0,179951981408522	0,279091674804688	22,1110000610352
0,180816656211391	0,280806274414063	22,2110004425049
0,181681316462345	0,282599914550781	22,3110008239746
0,182495117769577	0,284321685791016	22,4109992980957
0,183359792572446	0,286010192871094	22,5109996795654
0,184224438271485	0,287674774169922	22,6110000610352
0,185089113074355	0,28936083984375	22,7110004425049
0,185902914381586	0,291017150878906	22,8110008239746
0,18676757463254	0,292584197998047	22,9109992980957
0,187581375939772	0,294329071044922	23,0109996795654
0,188395191798918	0,296180480957031	23,1110000610352
0,189259837497957	0,297656890869141	23,2110004425049
0,190073653357103	0,299053619384766	23,3110008239746
0,190887454664335	0,301078521728516	23,4109992980957
0,191701241419651	0,302643615722656	23,5109996795654
0,192515057278797	0,304444610595703	23,6110000610352
0,193379717529751	0,306012115478516	23,7110004425049
0,194193533388898	0,30740234375	23,8110008239746
0,195007320144214	0,309133605957031	23,9109992980957
0,195821121451445	0,310836395263672	24,0109996795654
0,196634937310591	0,312444091796875	24,1110000610352
0,19749958300963	0,31419970703125	24,2110004425049
0,198313398868777	0,316047302246094	24,3110008239746
0,199127200176008	0,317482269287109	24,4109992980957
0,199991860426962	0,319183319091797	24,5109996795654
0,200805661734194	0,320894104003906	24,6110000610352
0,201670336537063	0,322472595214844	24,7110004425049
0,202484137844294	0,324185211181641	24,8110008239746
0,20329792459961	0,326033813476563	24,9109992980957
0,20416259940248	0,327586578369141	25,0109996795654
0,205027274205349	0,329451782226563	25,1110000610352
0,205841060960665	0,331108703613281	25,2110004425049
0,206705735763535	0,332634521484375	25,3110008239746
0,207519537070766	0,334390838623047	25,4109992980957
0,20838419732172	0,3366201171875	25,5109996795654
0,209197998628952	0,337684936523438	25,6110000610352
0,210011799936183	0,339820190429688	25,7110004425049
0,210825601243414	0,341413635253906	25,8110008239746
0,211639402550645	0,342859008789063	25,9109992980957
0,212504077353515	0,345017059326172	26,0109996795654
0,213267019717023	0,346778045654297	26,1110000610352
0,214080806472339	0,348111053466797	26,2110004425049
0,21489460777957	0,349755065917969	26,3110008239746
0,215708423638716	0,351461669921875	26,4109992980957
0,216573069337755	0,353002044677734	26,5109996795654
0,217386885196902	0,354483489990234	26,6110000610352
0,218200686504133	0,356388031005859	26,7110004425049
0,219014487811364	0,358215576171875	26,8110008239746
0,219828289118595	0,359763763427734	26,9109992980957
0,22069294936955	0,361380432128906	27,0109996795654
0,221506765228696	0,363183959960938	27,1110000610352
0,222320551984012	0,365146759033203	27,2110004425049
0,223185226786882	0,366619934082031	27,3110008239746
0,224049887037836	0,368409393310547	27,4109992980957
0,224863688345067	0,370016174316406	27,5109996795654
0,225728348596022	0,371797821044922	27,6110000610352
0,226542164455168	0,373526672363281	27,7110004425049
0,227406810154207	0,375580474853516	27,8110008239746
0,228271484957077	0,376705841064453	27,9109992980957
0,229085286264308	0,378754302978516	28,0109996795654
0,229949946515262	0,380217651367188	28,1110000610352
0,230763747822493	0,382034240722656	28,2110004425049
0,231628422625363	0,383818786621094	28,3110008239746
0,232493082876317	0,385444488525391	28,4109992980957
0,233306884183548	0,387246612548828	28,5109996795654
0,23412068549078	0,389554931640625	28,6110000610352
0,234985345741734	0,390617553710938	28,7110004425049
0,235799147048965	0,392328247070313	28,8110008239746
0,236612962908112	0,394014862060547	28,9109992980957
0,237426764215343	0,395857177734375	29,0109996795654
0,238291424466297	0,397444793701172	29,1110000610352
0,239105225773528	0,398994689941406	29,2110004425049
0,239919027080759	0,400659210205078	29,3110008239746
0,240732828387991	0,402857269287109	29,4109992980957
0,241546629695222	0,403963012695313	29,5109996795654
0,242411304498091	0,405763488769531	29,6110000610352
0,243225091253407	0,407547149658203	29,7110004425049
0,244038892560638	0,409455047607422	29,8110008239746
0,244903552811593	0,411458740234375	29,9109992980957
0,245717354118824	0,412713439941406	30,0109996795654
0,246531184529886	0,414289855957031	30,1110000610352
0,247395830228925	0,416152954101563	30,2110004425049
0,248209631536156	0,417856048583984	30,3110008239746
0,249074306339026	0,419382263183594	30,4109992980957
0,249888107646257	0,421407928466797	30,5109996795654
0,250701908953488	0,42303564453125	30,6110000610352
0,251566554652527	0,42475048828125	30,7110004425049
0,252380385063589	0,426328338623047	30,8110008239746
0,253245030762628	0,428108245849609	30,9109992980957
0,254058832069859	0,429437622070313	31,0109996795654
0,254923506872728	0,431515045166016	31,1110000610352
0,25573730817996	0,433582580566406	31,2110004425049
0,256601953878999	0,434965942382813	31,3110008239746
0,25741578429006	0,436396667480469	31,4109992980957
0,258229585597292	0,438541717529297	31,5109996795654
0,259043357800692	0,43990283203125	31,6110000610352
0,259857188211754	0,441616455078125	31,7110004425049
0,260670989518985	0,443308441162109	31,8110008239746
0,261484761722386	0,444697052001953	31,9109992980957
0,262298592133448	0,4467099609375	32,0110015869141
0,263112393440679	0,448515838623047	32,1110000610352
0,263926165644079	0,449999481201172	32,2109985351563
0,264790869550779	0,451793395996094	32,3110008239746
0,26560464175418	0,453386169433594	32,4109992980957
0,266418443061411	0,455583282470703	32,5110015869141
0,267232273472473	0,4566884765625	32,6110000610352
0,268046045675874	0,458139343261719	32,7109985351563
0,268910749582574	0,460353240966797	32,8110008239746
0,269724521785975	0,461538360595703	32,9109992980957
0,270589196588844	0,463457611083984	33,0110015869141
0,271402997896075	0,465186614990234	33,1110000610352
0,272267672698945	0,466743438720703	33,2109985351563
0,273081444902346	0,468631408691406	33,3110008239746
0,273946148809046	0,470400451660156	33,4109992980957
0,274759921012446	0,471853118896484	33,5110015869141
0,275624595815316	0,473868560791016	33,6110000610352
0,276489270618185	0,475409606933594	33,7109985351563
0,277303071925417	0,477032592773438	33,8110008239746
0,278167717624456	0,478609375	33,9109992980957
0,278981548035517	0,480777679443359	34,0110015869141
0,279846193734556	0,482596893310547	34,1110000610352
0,280659995041788	0,484034423828125	34,2109985351563
0,281473796349019	0,485643218994141	34,3110008239746
0,282338471151888	0,487126159667969	34,4109992980957
0,283152243355289	0,488833770751953	34,5110015869141
0,283966073766351	0,490737426757813	34,6110000610352
0,284779875073582	0,492348968505859	34,7109985351563
0,285593647276983	0,493967712402344	34,8110008239746
0,286407477688044	0,495572509765625	34,9109992980957
0,287221278995276	0,497445434570313	35,0110015869141
0,288085924694315	0,499206756591797	35,1110000610352
0,288899755105376	0,500817962646484	35,2109985351563
0,289713527308777	0,502491973876953	35,3110008239746
0,290578202111647	0,503789489746094	35,4109992980957
0,291392003418878	0,505380615234375	35,5110015869141
0,292256678221747	0,507719146728516	35,6110000610352
0,293070479528978	0,508813537597656	35,7109985351563
0,293935154331848	0,510918212890625	35,8110008239746
0,294748926535249	0,512519897460938	35,9109992980957
0,295613630441949	0,51409716796875	36,0110015869141
0,29642740264535	0,515862609863281	36,1110000610352
0,297292077448219	0,517810668945313	36,2109985351563
0,298156752251089	0,519344421386719	36,3110008239746
0,29897055355832	0,520934020996094	36,4109992980957
0,299835199257359	0,522975952148438	36,5110015869141
0,300649029668421	0,524232482910156	36,6110000610352
0,30151367536746	0,526222045898438	36,7109985351563
0,302327476674691	0,527608337402344	36,8110008239746
0,303141277981922	0,5292880859375	36,9109992980957
0,303955079289153	0,530989379882813	37,0110015869141
0,304768880596384	0,532517944335938	37,1110000610352
0,305582681903616	0,53429541015625	37,2109985351563
0,306396483210847	0,535638549804688	37,3110008239746
0,307210284518078	0,537441955566406	37,4109992980957
0,308024085825309	0,539222595214844	37,5110015869141
0,30883788713254	0,540837280273438	37,6110000610352
0,309651688439772	0,542344116210938	37,7109985351563
0,310465489747003	0,543718566894531	37,8110008239746
0,311330164549872	0,545786743164063	37,9109992980957
0,312143965857103	0,547541625976563	38,0110015869141
0,312957767164335	0,5486748046875	38,1110000610352
0,313771568471566	0,550286437988281	38,2109985351563
0,314636243274435	0,55234912109375	38,3110008239746
0,315450044581667	0,554083374023438	38,4109992980957
0,316314690280706	0,555720703125	38,5110015869141
0,317128520691767	0,557497314453125	38,6110000610352
0,317993166390806	0,559045593261719	38,7109985351563
0,318806967698038	0,560558959960938	38,8110008239746
0,319620769005269	0,562643005371094	38,9109992980957
0,320485443808138	0,563927917480469	39,0110015869141
0,321299216011539	0,566467529296875	39,1110000610352
0,322163919918239	0,567299743652344	39,2109985351563
0,323028565617278	0,569234130859375	39,3110008239746
0,323842366924509	0,570719787597656	39,4109992980957
0,324707041727379	0,572700988769531	39,5110015869141
0,325571687426418	0,5744921875	39,6110000610352
0,326385488733649	0,575710998535156	39,7109985351563
0,327199319144711	0,577590942382813	39,8110008239746
0,32806396484375	0,579332214355469	39,9109992980957
0,328877766150981	0,580712585449219	40,0110015869141
0,329691567458212	0,583361083984375	40,1110000610352
0,330556242261082	0,584071411132813	40,2109985351563
0,331370014464483	0,586135620117188	40,3110008239746
0,332183844875544	0,587222106933594	40,4109992980957
0,332997646182776	0,589270568847656	40,5110015869141
0,333811418386176	0,590687561035156	40,6110000610352
0,334676122292876	0,592766296386719	40,7109985351563
0,335489894496277	0,594130126953125	40,8110008239746
0,336303724907339	0,595778442382813	40,9109992980957
0,337168370606378	0,597448364257813	41,0110015869141
0,337982171913609	0,599268249511719	41,1110000610352
0,338796002324671	0,600753173828125	41,2109985351563
0,33966064802371	0,602786254882813	41,3110008239746
0,340474449330941	0,604307739257813	41,4109992980957
0,34133912413381	0,605578674316406	41,5110015869141
0,342152925441042	0,607179504394531	41,6110000610352
0,343017571140081	0,608778930664063	41,7109985351563
0,343831401551142	0,610843627929688	41,8110008239746
0,344696047250181	0,612473266601563	41,9109992980957
0,345509848557413	0,613923767089844	42,0110015869141
0,346323649864644	0,615547668457031	42,1110000610352
0,347188324667513	0,617207824707031	42,2109985351563
0,348002096870914	0,61864599609375	42,3110008239746
0,348815927281976	0,62024462890625	42,4109992980957
0,349680572981015	0,622057678222656	42,5110015869141
0,350494374288246	0,623576354980469	42,6110000610352
0,351308204699308	0,62543896484375	42,7109985351563
0,352121976902708	0,62721240234375	42,8110008239746
0,35293577820994	0,628796936035156	42,9109992980957
0,353749608621001	0,630268920898438	43,0110015869141
0,354563380824402	0,631852294921875	43,1110000610352
0,355377211235464	0,633531311035156	43,2109985351563
0,356191012542695	0,635212585449219	43,3110008239746
0,357004784746096	0,636628479003906	43,4109992980957
0,357818615157157	0,638333557128906	43,5110015869141
0,358632416464388	0,640039001464844	43,6110000610352
0,359446188667789	0,641592834472656	43,7109985351563
0,360310892574489	0,643174194335938	43,8110008239746
0,36112466477789	0,644960815429688	43,9109992980957
0,361938466085121	0,646619689941406	44,0110015869141
0,362803140887991	0,6480009765625	44,1110000610352
0,363616942195222	0,649818664550781	44,2109985351563
0,364481587894261	0,651682373046875	44,3110008239746
0,365295418305323	0,653318481445313	44,4109992980957
0,366160064004362	0,654903869628906	44,5110015869141
0,366973865311593	0,65651318359375	44,6110000610352
0,367838540114462	0,658246948242188	44,7109985351563
0,368703214917332	0,659718688964844	44,8110008239746
0,369516987120733	0,661700561523438	44,9109992980957
0,370381691027433	0,663236633300781	45,0110015869141
0,371246336726472	0,664784423828125	45,1110000610352
0,372110982425511	0,666599609375	45,2109985351563
0,372924812836573	0,667981323242188	45,3110008239746
0,373789458535612	0,669589050292969	45,4109992980957
0,374603259842843	0,672164794921875	45,5110015869141
0,375417090253904	0,672943786621094	45,6110000610352
0,376281735952944	0,674869567871094	45,7109985351563
0,377095537260175	0,676168701171875	45,8110008239746
0,377909338567406	0,678006286621094	45,9109992980957
0,378723139874637	0,679547241210938	46,0110015869141
0,379536970285699	0,681162292480469	46,1110000610352
0,380401615984738	0,68275732421875	46,2109985351563
0,381215417291969	0,684399291992188	46,3110008239746
0,3820292185992	0,685669921875	46,4109992980957
0,382843019906431	0,68742724609375	46,5110015869141
0,383707665605471	0,689390869140625	46,6110000610352
0,384521496016532	0,690601623535156	46,7109985351563
0,385386141715571	0,692781921386719	46,8110008239746
0,386199943022802	0,693640380859375	46,9109992980957
0,387013773433864	0,695456604003906	47,0110015869141
0,387878419132903	0,697100769042969	47,1110000610352
0,388692220440134	0,698666564941406	47,2109985351563
0,389556895243004	0,700485717773438	47,3110008239746
0,390370696550235	0,701903503417969	47,4109992980957
0,391235342249274	0,703575866699219	47,5110015869141
0,392049172660336	0,705486328125	47,6110000610352
0,392913818359375	0,706800048828125	47,7109985351563
0,393727619666606	0,708216064453125	47,8110008239746
0,394541420973837	0,710355590820313	47,9109992980957
0,395355222281069	0,711768676757813	48,0110015869141
0,396219867980108	0,713791748046875	48,1110000610352
0,397033698391169	0,714786865234375	48,2109985351563
0,397847499698401	0,716508972167969	48,3110008239746
0,398610456613824	0,718190856933594	48,4109992980957
0,399424228817225	0,719301513671875	48,5110015869141
0,400238030124456	0,720956726074219	48,6110000610352
0,401051860535517	0,722629089355469	48,7109985351563
0,401865632738918	0,724286437988281	48,8110008239746
0,402679434046149	0,726461303710938	48,9109992980957
0,403493264457211	0,727563842773438	49,0110015869141
0,40435791015625	0,7289814453125	49,1110000610352
0,405171711463481	0,730377685546875	49,2109985351563
0,405985512770712	0,732007385253906	49,3110008239746
0,406799314077944	0,733939270019531	49,4109992980957
0,407663959776983	0,735310241699219	49,5110015869141
0,408477790188044	0,736948425292969	49,6110000610352
0,409342435887083	0,738490905761719	49,7109985351563
0,410156237194315	0,739991394042969	49,8110008239746
0,411020911997184	0,741887145996094	49,9109992980957
0,411834713304415	0,743195434570313	50,0110015869141
0,412699359003454	0,745440612792969	50,1110000610352
0,413564062910154	0,746762512207031	50,2109985351563
0,414428708609194	0,748495239257813	50,3110008239746
0,415242509916425	0,750162841796875	50,4109992980957
0,416107184719294	0,751802673339844	50,5110015869141
0,416971830418333	0,753481201171875	50,6110000610352
0,417785631725565	0,754765319824219	50,7109985351563
0,418650306528434	0,757020202636719	50,8110008239746
0,419464107835665	0,758247863769531	50,9109992980957
0,420328753534704	0,759716247558594	51,0110015869141
0,421142583945766	0,761038391113281	51,1110000610352
0,421956385252997	0,762944702148438	51,2109985351563
0,422770186560228	0,764515319824219	51,3110008239746
0,42358398786746	0,765950378417969	51,4109992980957
0,424397789174691	0,767596069335938	51,5110015869141
0,425211590481922	0,769554565429688	51,6110000610352
0,426076265284792	0,771006774902344	51,7109985351563
0,426890037488192	0,77249072265625	51,8110008239746
0,427703867899254	0,773855163574219	51,9109992980957
0,428568513598293	0,775810302734375	52,0110015869141
0,429382314905524	0,777746215820313	52,1110000610352
0,430196145316586	0,778362060546875	52,2109985351563
0,431009917519987	0,780220092773438	52,3110008239746
0,431874592322856	0,781680419921875	52,4109992980957
0,432688393630087	0,783596313476563	52,5110015869141
0,433502194937319	0,785072448730469	52,6110000610352
0,434366840636358	0,786450012207031	52,7109985351563
0,435180671047419	0,788094543457031	52,8110008239746
0,435994472354651	0,789646484375	52,9109992980957
0,43685911805369	0,79141943359375	53,0110015869141
0,437672948464751	0,793002807617188	53,1110000610352
0,43853759416379	0,794475952148438	53,2109985351563
0,439351395471022	0,795986145019531	53,3110008239746
0,440216070273891	0,797434936523438	53,4109992980957
0,441029871581122	0,799586669921875	53,5110015869141
0,441843672888353	0,800585632324219	53,6110000610352
0,442657474195585	0,802252136230469	53,7109985351563
0,443471275502816	0,803992919921875	53,8110008239746
0,444285076810047	0,805247192382813	53,9109992980957
0,445098878117278	0,806899780273438	54,0110015869141
0,445912679424509	0,808390502929688	54,1110000610352
0,446726480731741	0,810111755371094	54,2109985351563
0,447540282038972	0,811684936523438	54,3110008239746
0,448354083346203	0,813180908203125	54,4109992980957
0,449218758149073	0,814575134277344	54,5110015869141
0,450032559456304	0,816249816894531	54,6110000610352
0,450846331659704	0,817664794921875	54,7109985351563
0,451660162070766	0,819262634277344	54,8110008239746
0,452473963377997	0,820851928710938	54,9109992980957
0,453338609077036	0,822711975097656	55,0110015869141
0,454152439488098	0,823939208984375	55,1110000610352
0,455017085187137	0,825852600097656	55,2109985351563
0,455881730886176	0,826920532226563	55,3110008239746
0,456695561297238	0,829227600097656	55,4109992980957
0,457560206996277	0,830391723632813	55,5110015869141
0,458424881799147	0,831742309570313	55,6110000610352
0,459289556602016	0,833831665039063	55,7109985351563
0,460103357909247	0,835263488769531	55,8110008239746
0,460968003608286	0,836921997070313	55,9109992980957
0,461832678411156	0,838600219726563	56,0110015869141
0,462697353214026	0,840158447265625	56,1110000610352
0,463511125417426	0,841583129882813	56,2109985351563
0,464375829324126	0,843301574707031	56,3110008239746
0,465189601527527	0,8452724609375	56,4109992980957
0,466054276330397	0,846246398925781	56,5110015869141
0,466868077637628	0,848187377929688	56,6110000610352
0,467681878944859	0,849211059570313	56,7109985351563
0,468495709355921	0,85071044921875	56,8110008239746
0,46936035505496	0,852230529785156	56,9109992980957
0,470174156362191	0,853760986328125	57,0110015869141
0,470987957669422	0,855896423339844	57,1110000610352
0,471801758976653	0,856858337402344	57,2109985351563
0,472615560283884	0,858445617675781	57,3110008239746
0,473429361591116	0,859568542480469	57,4109992980957
0,474294036393985	0,861349243164063	57,5110015869141
0,475107808597386	0,863132629394531	57,6110000610352
0,475921639008448	0,864560913085938	57,7109985351563
0,476735440315679	0,865838623046875	57,8110008239746
0,477600086014718	0,86727587890625	57,9109992980957
0,478413916425779	0,869099365234375	58,0110015869141
0,47922768862918	0,870333129882813	58,1110000610352
0,48009236343205	0,872085266113281	58,2109985351563
0,480906164739281	0,874026123046875	58,3110008239746
0,481719966046512	0,875240356445313	58,4109992980957
0,482584611745551	0,876810485839844	58,5110015869141
0,483398442156613	0,878245422363281	58,6110000610352
0,484263087855652	0,879784606933594	58,7109985351563
0,485127762658522	0,881373107910156	58,8110008239746
0,485941563965753	0,883066528320313	58,9109992980957
0,486806238768622	0,884238647460938	59,0110015869141
0,487620040075853	0,886030395507813	59,1110000610352
0,488433812279254	0,887446472167969	59,2109985351563
0,489247671794146	0,888897521972656	59,3110008239746
0,490061414893717	0,890600036621094	59,4109992980957
0,490875216200948	0,892020141601563	59,5110015869141
0,49168907571584	0,893300598144531	59,6110000610352
0,492553692311049	0,895036987304688	59,7109985351563
0,493367551825941	0,896695190429688	59,8110008239746
0,494181294925511	0,897702697753906	59,9109992980957
0,494995096232742	0,899228088378906	60,0110015869141
0,495808955747634	0,900656005859375	60,1110000610352
0,496622698847204	0,902797668457031	60,2109985351563
0,497436500154436	0,904057983398438	60,3110008239746
0,498250359669328	0,905325561523438	60,4109992980957
0,499064102768898	0,907038696289063	60,5110015869141
0,499877904076129	0,908217224121094	60,6110000610352
0,50074263708666	0,909721374511719	60,7109985351563
0,50155638018623	0,911733825683594	60,8110008239746
0,5024210549891	0,912552001953125	60,9109992980957
0,503234856296331	0,914251281738281	61,0110015869141
0,504048657603562	0,91576123046875	61,1110000610352
0,504913332406431	0,917377502441406	61,2109985351563
0,505778007209301	0,918802429199219	61,3110008239746
0,506591808516532	0,920550964355469	61,4109992980957
0,507456483319402	0,921849487304688	61,5110015869141
0,508270284626633	0,923698181152344	61,6110000610352
0,509134959429502	0,924912048339844	61,7109985351563
0,509999576024711	0,926716857910156	61,8110008239746
0,510813435539603	0,928170715332031	61,9109992980957
0,511678052134812	0,929665161132813	62,0110015869141
0,512491853442043	0,931295288085938	62,1110000610352
0,513356528244913	0,932734436035156	62,2109985351563
0,514170329552144	0,934163024902344	62,3110008239746
0,514984130859375	0,935966064453125	62,4109992980957
0,515797932166606	0,937249328613281	62,5110015869141
0,516662606969476	0,938413330078125	62,6110000610352
0,517476408276707	0,940331115722656	62,7109985351563
0,518290209583938	0,941608947753906	62,8110008239746
0,519104010891169	0,943203552246094	62,9109992980957
0,519968685694039	0,944654357910156	63,0110015869141
0,52078248700127	0,945983337402344	63,1110000610352
0,52159623010084	0,947488708496094	63,2109985351563
0,522460963111371	0,949111572265625	63,3110008239746
0,523274706210941	0,950449523925781	63,4109992980957
0,524088565725833	0,952428161621094	63,5110015869141
0,524953182321042	0,953691223144531	63,6110000610352
0,525767041835934	0,955046936035156	63,7109985351563
0,526631658431143	0,956713195800781	63,8110008239746
0,527445517946035	0,958244079589844	63,9109992980957
0,528310134541243	0,95946240234375	64,0110015869141
0,529123935848475	0,961080871582031	64,1110000610352
0,529988610651344	0,9624716796875	64,2109985351563
0,530802411958575	0,964173583984375	64,3109970092773
0,531667028553784	0,96560205078125	64,411003112793
0,532531761564314	0,96690771484375	64,5110015869141
0,533345504663885	0,9686201171875	64,6110000610352
0,534159364178777	0,969860107421875	64,7109985351563
0,535023980773985	0,971543884277344	64,8109970092773
0,535837840288877	0,973004211425781	64,911003112793
0,536651583388448	0,974506469726563	65,0110015869141
0,537465384695679	0,975823608398438	65,1110000610352
0,538279244210571	0,977824584960938	65,2109985351563
0,539093045517802	0,978732421875	65,3109970092773
0,539906788617373	0,980068176269531	65,411003112793
0,540720648132265	0,98172607421875	65,5110015869141
0,541534449439496	0,983045166015625	65,6110000610352
0,542348192539066	0,984608276367188	65,7109985351563
0,543162052053958	0,986013671875	65,8109970092773
0,543975853361189	0,98734619140625	65,911003112793
0,54478959646076	0,98890234375	66,0110015869141
0,545654271263629	0,99014013671875	66,1110000610352
0,54646807257086	0,991599975585938	66,2109985351563
0,547281932085752	0,993334411621094	66,3109970092773
0,548095675185323	0,994780090332031	66,411003112793
0,548960408195853	0,996116149902344	66,5110015869141
0,549774151295424	0,997557739257813	66,6110000610352
0,550587952602655	0,999344482421875	66,7109985351563
0,551452627405524	1,00055548095703	66,8109970092773
0,552317302208394	1,00206286621094	66,911003112793
0,553131103515625	1,00352502441406	67,0110015869141
0,553995778318495	1,00520690917969	67,1110000610352
0,554860394913703	1,00653411865234	67,2109985351563
0,555725069716573	1,0083447265625	67,3109970092773
0,556538871023804	1,00956860351563	67,411003112793
0,557403545826674	1,01102233886719	67,5110015869141
0,558217347133905	1,01270483398438	67,6110000610352
0,559031206648797	1,01417700195313	67,7109985351563
0,559844949748367	1,01561486816406	67,8109970092773
0,560709682758898	1,01692022705078	67,911003112793
0,561523425858468	1,01842706298828	68,0110015869141
0,562337227165699	1,01983697509766	68,1110000610352
0,563151086680591	1,0215	68,2109985351563
0,563964829780161	1,02288037109375	68,3109970092773
0,564829504583031	1,02428894042969	68,411003112793
0,565643305890262	1,02580139160156	68,5110015869141
0,566457107197493	1,02752734375	68,6110000610352
0,567270908504725	1,02847583007813	68,7109985351563
0,568084709811956	1,03058325195313	68,8109970092773
0,568949384614825	1,031732421875	68,911003112793
0,569763185922056	1,03268103027344	69,0110015869141
0,570627860724926	1,03436340332031	69,1110000610352
0,571441662032157	1,03604382324219	69,2109985351563
0,572306336835027	1,03731066894531	69,3109970092773
0,573120138142258	1,03859790039063	69,411003112793
0,573984812945127	1,04065222167969	69,5110015869141
0,574798556044698	1,04223645019531	69,6110000610352
0,575663289055228	1,04345947265625	69,7109985351563
0,576527905650437	1,04459326171875	69,8109970092773
0,577341706957668	1,04628161621094	69,911003112793
0,578206381760538	1,04747570800781	70,0110015869141
0,579020183067769	1,04892358398438	70,1110000610352
0,579884799662977	1,05087377929688	70,2109985351563
0,58069865917787	1,05196057128906	70,3109970092773
0,581512460485101	1,05337219238281	70,411003112793
0,582326261792332	1,05481298828125	70,5110015869141
0,583190936595201	1,05633264160156	70,6110000610352
0,584004679694772	1,05770556640625	70,7109985351563
0,584818539209664	1,05899548339844	70,8109970092773
0,585632340516895	1,06028796386719	70,911003112793
0,586446083616465	1,06178515625	71,0110015869141
0,587259943131357	1,06309692382813	71,1110000610352
0,588073744438589	1,06437683105469	71,2109985351563
0,588887487538159	1,06598364257813	71,3109970092773
0,589701347053051	1,06772009277344	71,411003112793
0,590515148360282	1,06888037109375	71,5110015869141
0,591328891459852	1,06982592773438	71,6110000610352
0,592193624470383	1,07120849609375	71,7109985351563
0,593007367569953	1,07321520996094	71,8109970092773
0,593821227084845	1,07441613769531	71,911003112793
0,594685843680054	1,07589794921875	72,0110015869141
0,595499703194946	1,07690405273438	72,1110000610352
0,596313504502177	1,07892260742188	72,2109985351563
0,597178179305047	1,0804755859375	72,3109970092773
0,597991922404617	1,08164892578125	72,411003112793
0,598856655415148	1,08307446289063	72,5110015869141
0,599721272010356	1,08460913085938	72,6110000610352
0,600535073317587	1,08572399902344	72,7109985351563
0,601399748120457	1,08750561523438	72,8109970092773
0,602264422923326	1,08899890136719	72,911003112793
0,603078166022897	1,09049890136719	73,0110015869141
0,603942899033427	1,09159985351563	73,1110000610352
0,604756642132998	1,09321655273438	73,2109985351563
0,605621316935867	1,09475866699219	73,3109970092773
0,606435118243098	1,09598852539063	73,411003112793
0,607299793045968	1,0974208984375	73,5110015869141
0,608113594353199	1,09863793945313	73,6110000610352
0,608927453868091	1,10016955566406	73,7109985351563
0,609741196967661	1,10189453125	73,8109970092773
0,610605871770531	1,10311962890625	73,911003112793
0,611419673077762	1,104416015625	74,0110015869141
0,612233474384993	1,10559521484375	74,1110000610352
0,613098149187863	1,10713781738281	74,2109985351563
0,613911950495094	1,10869213867188	74,3109970092773
0,614725751802325	1,1099443359375	74,411003112793
0,615539553109556	1,111373046875	74,5110015869141
0,616404227912426	1,11275708007813	74,6110000610352
0,617218029219657	1,11405383300781	74,7109985351563
0,618031772319227	1,11540393066406	74,8109970092773
0,618896505329758	1,11679699707031	74,911003112793
0,619710248429328	1,11813342285156	75,0110015869141
0,620574923232198	1,11974047851563	75,1110000610352
0,621388724539429	1,12137109375	75,2109985351563
0,622253399342299	1,12242785644531	75,3109970092773
0,62306720064953	1,12363098144531	75,411003112793
0,623931875452399	1,12546423339844	75,5110015869141
0,62474567675963	1,12648876953125	75,6110000610352
0,625559536274523	1,12823901367188	75,7109985351563
0,626424152869731	1,12945251464844	75,8109970092773
0,627237954176962	1,13098229980469	75,911003112793
0,628051755484194	1,13233447265625	76,0110015869141
0,628865556791425	1,13361462402344	76,1110000610352
0,629730231594294	1,13488647460938	76,2109985351563
0,630544032901526	1,13654626464844	76,3109970092773
0,631357834208757	1,13778857421875	76,411003112793
0,632171635515988	1,13899291992188	76,5110015869141
0,632985436823219	1,14058044433594	76,6110000610352
0,63379923813045	1,14193713378906	76,7109985351563
0,634613039437681	1,14326440429688	76,8109970092773
0,635426840744913	1,14450048828125	76,911003112793
0,636240642052144	1,14597973632813	77,0110015869141
0,637054443359375	1,14737768554688	77,1110000610352
0,637868244666606	1,14865783691406	77,2109985351563
0,638732919469476	1,15014758300781	77,3109970092773
0,639546720776707	1,15141149902344	77,411003112793
0,640360522083938	1,15279333496094	77,5110015869141
0,641225138679147	1,15403735351563	77,6110000610352
0,642038998194039	1,15532739257813	77,7109985351563
0,64285279950127	1,15670239257813	77,8109970092773
0,64371747430414	1,15795922851563	77,911003112793
0,644531275611371	1,15958715820313	78,0110015869141
0,64539595041424	1,16075415039063	78,1110000610352
0,646209693513811	1,16198864746094	78,2109985351563
0,647074426524341	1,16337084960938	78,3109970092773
0,64793904311955	1,16492944335938	78,411003112793
0,648803717922419	1,16680603027344	78,5110015869141
0,649617519229651	1,16750305175781	78,6110000610352
0,65048219403252	1,16921716308594	78,7109985351563
0,65134686883539	1,17060522460938	78,8109970092773
0,652160670142621	1,17232104492188	78,911003112793
0,652974413242191	1,17309106445313	79,0110015869141
0,653839088045061	1,174474609375	79,1110000610352
0,654652889352292	1,17570043945313	79,2109985351563
0,655466748867184	1,17706823730469	79,3109970092773
0,656331365462393	1,178513671875	79,411003112793
0,657145224977285	1,18019738769531	79,5110015869141
0,657958968076855	1,18114892578125	79,6110000610352
0,658772769384086	1,18238012695313	79,7109985351563
0,659637444186956	1,18378515625	79,8109970092773
0,660451245494187	1,18529833984375	79,911003112793
0,661265046801418	1,18659191894531	80,0110015869141
0,662078848108649	1,188306640625	80,1110000610352
0,66289264941588	1,18910546875	80,2109985351563
0,66375732421875	1,19053112792969	80,3109970092773
0,664571125525981	1,19194091796875	80,411003112793
0,665435800328851	1,19321813964844	80,5110015869141
0,666249601636082	1,19446496582031	80,6110000610352
0,667114276438951	1,19599853515625	80,7109985351563
0,667928019538522	1,19713049316406	80,8109970092773
0,668792752549052	1,19857922363281	80,911003112793
0,669606495648623	1,19994750976563	81,0110015869141
0,670471170451492	1,20112072753906	81,1110000610352
0,671284971758723	1,20240246582031	81,2109985351563
0,672149646561593	1,20415051269531	81,3109970092773
0,672963447868824	1,2055078125	81,411003112793
0,673777307383716	1,20670532226563	81,5110015869141
0,674591050483286	1,20824365234375	81,6110000610352
0,675404851790518	1,20936853027344	81,7109985351563
0,67621871130541	1,21087109375	81,8109970092773
0,67703245440498	1,21160266113281	81,911003112793
0,67789712920785	1,21348693847656	82,0110015869141
0,678710930515081	1,21450744628906	82,1110000610352
0,679473858326674	1,21586145019531	82,2109985351563
0,680338533129543	1,2171337890625	82,3109970092773
0,681152334436774	1,21826867675781	82,411003112793
0,681966135744005	1,2195830078125	82,5110015869141
0,682779995258898	1,22134692382813	82,6110000610352
0,683593738358468	1,22225927734375	82,7109985351563
0,684407539665699	1,22358947753906	82,8109970092773
0,685272214468569	1,2253720703125	82,911003112793
0,6860860157758	1,22658020019531	83,0110015869141
0,686899817083031	1,2274228515625	83,1110000610352
0,687764491885901	1,22908056640625	83,2109985351563
0,688578293193132	1,23013244628906	83,3109970092773
0,68944290978834	1,23126501464844	83,411003112793
0,690256769303232	1,23251843261719	83,5110015869141
0,691121385898441	1,23436828613281	83,6110000610352
0,691986060701311	1,23534143066406	83,7109985351563
0,692850793711841	1,23676525878906	83,8109970092773
0,693664536811411	1,23805847167969	83,911003112793
0,694529211614281	1,23924694824219	84,0110015869141
0,695393886417151	1,24078698730469	84,1110000610352
0,69625856122002	1,2421328125	84,2109985351563
0,69707230431959	1,24341271972656	84,3109970092773
0,697937037330121	1,24513610839844	84,411003112793
0,698750780429691	1,24615368652344	84,5110015869141
0,699564639944583	1,24711853027344	84,6110000610352
0,700429256539792	1,24861047363281	84,7109985351563
0,701243116054684	1,25046008300781	84,8109970092773
0,702056859154254	1,25142907714844	84,911003112793
0,702870660461485	1,25237243652344	85,0110015869141
0,703684519976377	1,25388403320313	85,1110000610352
0,704549136571586	1,25475537109375	85,2109985351563
0,705362996086478	1,25625988769531	85,3109970092773
0,706176739186049	1,25745581054688	85,411003112793
0,70699054049328	1,25887805175781	85,5110015869141
0,707804400008172	1,26004797363281	85,6110000610352
0,70866901660338	1,261318359375	85,7109985351563
0,709482876118273	1,26237231445313	85,8109970092773
0,710296619217843	1,26388024902344	85,911003112793
0,711161294020712	1,26500732421875	86,0110015869141
0,711975095327944	1,26643908691406	86,1110000610352
0,712839770130813	1,26759521484375	86,2109985351563
0,713653571438044	1,26886535644531	86,3109970092773
0,714518246240914	1,27022448730469	86,411003112793
0,715332047548145	1,27174951171875	86,5110015869141
0,716196722351015	1,27284460449219	86,6110000610352
0,717010523658246	1,27422668457031	86,7109985351563
0,717875198461115	1,27541967773438	86,8109970092773
0,718688941560686	1,2768046875	86,911003112793
0,719553674571216	1,278025390625	87,0110015869141
0,720367417670786	1,27928662109375	87,1110000610352
0,721181218978018	1,28061193847656	87,2109985351563
0,72199507849291	1,28176892089844	87,3109970092773
0,72280882159248	1,28301989746094	87,411003112793
0,723622622899711	1,28425793457031	87,5110015869141
0,724436482414603	1,28554614257813	87,6110000610352
0,725250225514174	1,28664916992188	87,7109985351563
0,726114900317043	1,28791174316406	87,8109970092773
0,726928701624274	1,2890712890625	87,911003112793
0,727742502931505	1,29045776367188	88,0110015869141
0,728556362446398	1,29157470703125	88,1110000610352
0,729370105545968	1,29277416992188	88,2109985351563
0,730183906853199	1,29419152832031	88,3109970092773
0,731048581656069	1,29520373535156	88,411003112793
0,7318623829633	1,29660607910156	88,5110015869141
0,732727057766169	1,29793359375	88,6110000610352
0,733540859073401	1,29913525390625	88,7109985351563
0,73440553387627	1,30036755371094	88,8109970092773
0,73521927697584	1,30164343261719	88,911003112793
0,736084009986371	1,30286962890625	89,0110015869141
0,736897753085941	1,3041669921875	89,1110000610352
0,737762427888811	1,3053916015625	89,2109985351563
0,738627160899341	1,30674670410156	89,3109970092773
0,73949177749455	1,30791723632813	89,411003112793
0,740305578801781	1,30911608886719	89,5110015869141
0,741170253604651	1,31017956542969	89,6110000610352
0,741984054911882	1,31194165039063	89,7109985351563
0,74284867150709	1,31302587890625	89,8109970092773
0,743662531021982	1,31430090332031	89,911003112793
0,744476332329214	1,3155400390625	90,0110015869141
0,745341007132083	1,31667565917969	90,1110000610352
0,746154808439314	1,3180419921875	90,2109985351563
0,747019483242184	1,31928503417969	90,3109970092773
0,747833226341754	1,32043505859375	90,411003112793
0,748647027648985	1,32170678710938	90,5110015869141
0,749460887163877	1,32276062011719	90,6110000610352
0,750274630263448	1,32406982421875	90,7109985351563
0,751139363273978	1,32526538085938	90,8109970092773
0,751953106373549	1,32604016113281	90,911003112793
0,75276690768078	1,32779370117188	91,0110015869141
0,753580767195672	1,32902819824219	91,1110000610352
0,75444538379088	1,33017626953125	91,2109985351563
0,755259243305773	1,33129833984375	91,3109970092773
0,756072986405343	1,33259814453125	91,411003112793
0,756937661208212	1,33408068847656	91,5110015869141
0,757751462515444	1,33486242675781	91,6110000610352
0,758616137318313	1,33608508300781	91,7109985351563
0,759429938625544	1,33740478515625	91,8109970092773
0,760294613428414	1,33853662109375	91,911003112793
0,761159230023623	1,33995715332031	92,0110015869141
0,762023904826492	1,34079992675781	92,1110000610352
0,762837706133723	1,34222692871094	92,2109985351563
0,763702380936593	1,34345983886719	92,3109970092773
0,764516182243824	1,34465490722656	92,411003112793
0,765330041758716	1,34586853027344	92,5110015869141
0,766194658353925	1,34698046875	92,6110000610352
0,767008459661156	1,34827575683594	92,7109985351563
0,767822260968387	1,34926953125	92,8109970092773
0,768636062275618	1,35057751464844	92,911003112793
0,76944986358285	1,35151770019531	93,0110015869141
0,770263664890081	1,35274694824219	93,1110000610352
0,771077466197312	1,3539423828125	93,2109985351563
0,771891267504543	1,35545361328125	93,3109970092773
0,772705068811774	1,35611865234375	93,411003112793
0,773518870119005	1,35732958984375	93,5110015869141
0,774332729633898	1,35850769042969	93,6110000610352
0,775146472733468	1,35962829589844	93,7109985351563
0,775960274040699	1,36067797851563	93,8109970092773
0,776824948843569	1,36202770996094	93,911003112793
0,7776387501508	1,3631162109375	94,0110015869141
0,778452551458031	1,36416430664063	94,1110000610352
0,779266352765262	1,36513903808594	94,2109985351563
0,780131027568132	1,36670251464844	94,3109970092773
0,780944828875363	1,36755969238281	94,411003112793
0,781758630182594	1,3687900390625	94,5110015869141
0,782623304985464	1,37053869628906	94,6110000610352
0,783487979788333	1,37079711914063	94,7109985351563
0,784301781095564	1,37227648925781	94,8109970092773
0,785166455898434	1,37354943847656	94,911003112793
0,785980198998004	1,37498291015625	95,0110015869141
0,786844932008535	1,37597631835938	95,1110000610352
0,787709548603743	1,37703051757813	95,2109985351563
0,788523349910975	1,37858959960938	95,3109970092773
0,789388024713844	1,37948376464844	95,411003112793
0,790201826021075	1,38085290527344	95,5110015869141
0,791066442616284	1,38195983886719	95,6110000610352
0,791880302131176	1,38308081054688	95,7109985351563
0,792744918726385	1,38419262695313	95,8109970092773
0,793558778241277	1,385302734375	95,911003112793
0,794423394836485	1,38624597167969	96,0110015869141
0,795237254351377	1,38725085449219	96,1110000610352
0,796050997450948	1,38864978027344	96,2109985351563
0,796864798758179	1,38980004882813	96,3109970092773
0,797729473561049	1,39070263671875	96,411003112793
0,79854327486828	1,39201977539063	96,5110015869141
0,799357134383172	1,39312683105469	96,6110000610352
0,80022175097838	1,39408093261719	96,7109985351563
0,801035610493273	1,39513989257813	96,8109970092773
0,801900227088481	1,39620556640625	96,911003112793
0,802714028395712	1,39733117675781	97,0110015869141
0,803527829702944	1,39865393066406	97,1110000610352
0,804392504505813	1,3997060546875	97,2109985351563
0,805206305813044	1,40095935058594	97,3109970092773
0,806070980615914	1,40204016113281	97,411003112793
0,806884781923145	1,40296032714844	97,5110015869141
0,807749456726015	1,40426000976563	97,6110000610352
0,808563258033246	1,40562145996094	97,7109985351563
0,809427932836115	1,40637280273438	97,8109970092773
0,810241675935686	1,40765734863281	97,911003112793
0,811055477242917	1,40844458007813	98,0110015869141
0,811920152045786	1,40949743652344	98,1110000610352
0,812733953353018	1,41064929199219	98,2109985351563
0,81354781286791	1,41185107421875	98,3109970092773
0,81436155596748	1,41279370117188	98,411003112793
0,815175357274711	1,41392346191406	98,5110015869141
0,815989216789603	1,41501086425781	98,6110000610352
0,816802959889174	1,41633605957031	98,7109985351563
0,817667634692043	1,41699780273438	98,8109970092773
0,818430620711297	1,41787731933594	98,911003112793
0,819295237306505	1,41911303710938	99,0110015869141
0,820109096821398	1,4202060546875	99,1110000610352
0,820922839920968	1,42121569824219	99,2109985351563
0,821736641228199	1,42247436523438	99,3109970092773
0,822550500743091	1,42329516601563	99,411003112793
0,823364243842661	1,42440063476563	99,5110015869141
0,824178045149893	1,4256875	99,6110000610352
0,825042719952762	1,42688024902344	99,7109985351563
0,825856521259993	1,42777001953125	99,8109970092773
0,826721196062863	1,42880090332031	99,911003112793
0,827534997370094	1,42991381835938	100,011001586914
0,828348798677325	1,43071630859375	100,111000061035
0,829213415272534	1,43199182128906	100,210998535156
0,830078148283064	1,4329453125	100,310997009277
0,830891891382635	1,434177734375	100,411003112793
0,831756566185504	1,43538232421875	100,511001586914
0,832621299196035	1,43636303710938	100,611000061035
0,833485915791243	1,43788195800781	100,710998535156
0,834299717098475	1,43869750976563	100,810997009277
0,835164391901344	1,43958911132813	100,911003112793
0,836029066704214	1,44082092285156	101,011001586914
0,836842809803784	1,44174475097656	101,111000061035
0,837707542814314	1,44308374023438	101,210998535156
0,838521285913885	1,44394384765625	101,310997009277
0,839335145428777	1,44487194824219	101,411003112793
0,840199762023985	1,44584289550781	101,511001586914
0,841013621538877	1,44671496582031	101,611000061035
0,841827364638448	1,44794165039063	101,710998535156
0,842641165945679	1,44876928710938	101,810997009277
0,843505840748549	1,44980590820313	101,911003112793
0,84431964205578	1,45089758300781	102,011001586914
0,845133501570672	1,45183825683594	102,111000061035
0,845947244670242	1,45283386230469	102,210998535156
0,846761045977473	1,45402502441406	102,310997009277
0,847625720780343	1,45504711914063	102,411003112793
0,848439522087574	1,45606286621094	102,511001586914
0,849253381602466	1,45683251953125	102,611000061035
0,850117998197675	1,45785803222656	102,710998535156
0,850931799504906	1,45907653808594	102,810997009277
0,851796474307776	1,45979431152344	102,911003112793
0,852610275615007	1,46069152832031	103,011001586914
0,853474892210215	1,4623076171875	103,111000061035
0,854288751725107	1,46309265136719	103,210998535156
0,855153368320316	1,46410729980469	103,310997009277
0,855967227835208	1,46505578613281	103,411003112793
0,856831844430417	1,46614599609375	103,511001586914
0,857645703945309	1,46694116210938	103,611000061035
0,858510320540518	1,46794775390625	103,710998535156
0,85932418005541	1,46902099609375	103,810997009277
0,86013792315498	1,47008984375	103,911003112793
0,860951724462211	1,47080297851563	104,011001586914
0,861765583977103	1,47188513183594	104,111000061035
0,862579327076674	1,47277648925781	104,210998535156
0,863393128383905	1,47376953125	104,310997009277
0,864206987898797	1,47476806640625	104,411003112793
0,865020730998367	1,47569299316406	104,511001586914
0,865834532305598	1,47677502441406	104,611000061035
0,86664839182049	1,4774716796875	104,710998535156
0,867513008415699	1,47898693847656	104,810997009277
0,868326867930591	1,47934399414063	104,911003112793
0,869140611030161	1,48036169433594	105,011001586914
0,869954412337393	1,48108227539063	105,111000061035
0,870819087140262	1,48222229003906	105,210998535156
0,871632888447493	1,48353393554688	105,310997009277
0,872446689754725	1,48420825195313	105,411003112793
0,873311364557594	1,48507568359375	105,511001586914
0,874125165864825	1,485982421875	105,611000061035
0,874989782460034	1,48687243652344	105,710998535156
0,875803641974926	1,48784851074219	105,810997009277
0,876668258570135	1,48871166992188	105,911003112793
0,877532933373004	1,48999609375	106,011001586914
0,878397666383535	1,4908544921875	106,111000061035
0,879211409483105	1,49178308105469	106,210998535156
0,880076084285975	1,49262866210938	106,310997009277
0,880940759088844	1,49380725097656	106,411003112793
0,881754560396075	1,49446752929688	106,511001586914
0,882619176991284	1,49542468261719	106,611000061035
0,883433036506176	1,49623767089844	106,710998535156
0,884297653101385	1,49687512207031	106,810997009277
0,885111512616277	1,49811071777344	106,911003112793
0,885925313923508	1,49881323242188	107,011001586914
0,886789988726377	1,49956872558594	107,111000061035
0,887603731825948	1,50061291503906	107,210998535156
0,888417533133179	1,50174987792969	107,310997009277
0,889231392648071	1,50243640136719	107,411003112793
0,89009600924328	1,50310693359375	107,511001586914
0,890909868758172	1,504076171875	107,611000061035
0,891723611857742	1,50493518066406	107,710998535156
0,892537413164973	1,5056513671875	107,810997009277
0,893351272679865	1,50661633300781	107,911003112793
0,894215889275074	1,50723181152344	108,011001586914
0,895029748789966	1,50812097167969	108,111000061035
0,895843491889536	1,50893359375	108,210998535156
0,896708166692406	1,50976135253906	108,310997009277
0,897521967999637	1,51068322753906	108,411003112793
0,898386642802507	1,51146813964844	108,511001586914
0,899200444109738	1,51219995117188	108,611000061035
0,900065118912607	1,51293811035156	108,710998535156
0,900878920219839	1,51405310058594	108,810997009277
0,901743595022708	1,51490002441406	108,911003112793
0,902608211617917	1,51541906738281	109,011001586914
0,903422071132809	1,51642944335938	109,111000061035
0,904235814232379	1,517271484375	109,210998535156
0,90510054724291	1,51786987304688	109,310997009277
0,90591429034248	1,51879296875	109,411003112793
0,906728091649711	1,51944177246094	109,511001586914
0,907541951164603	1,520048828125	109,611000061035
0,908355694264174	1,52092468261719	109,710998535156
0,909169495571405	1,52153979492188	109,810997009277
0,909983355086297	1,52212341308594	109,911003112793
0,910797098185867	1,52265771484375	110,011001586914
0,911610899493098	1,5239091796875	110,111000061035
0,91242475900799	1,524521484375	110,210998535156
0,913187686819583	1,52513757324219	110,310997009277
0,914001488126814	1,52581921386719	110,411003112793
0,914866162929684	1,52622326660156	110,511001586914
0,915679906029254	1,52674133300781	110,611000061035
0,916493707336485	1,52761193847656	110,710998535156
0,917358382139355	1,52816333007813	110,810997009277
0,918172183446586	1,52842639160156	110,911003112793
0,918986042961478	1,52964477539063	111,011001586914
0,919850659556687	1,52987866210938	111,111000061035
0,920664460863918	1,53103637695313	111,210998535156
0,921529135666788	1,53117810058594	111,310997009277
0,922393810469657	1,53170581054688	111,411003112793
0,923258485272527	1,53202099609375	111,511001586914
0,924072286579758	1,5330419921875	111,611000061035
0,924936961382627	1,53320715332031	111,710998535156
0,925801577977836	1,5334130859375	111,810997009277
0,926666252780706	1,53357202148438	111,911003112793
0,927480054087937	1,53372607421875	112,011001586914
0,928344728890806	1,53283935546875	112,111000061035
0,930633570533246	-0,0877305297851563	112,162002563477
