File Path: D:\Ensayos Víctor\Fase II\PLA reciclado\Test Run 6 16-05-2019 11 18 49\DAQ- Crosshead; … - (Timed).txt   
Test: ENSAYOS TRACCION PLA 2
Test Run: Test Run 6
Date: 16/05/2019 11:11:11


Crosshead 	Load 	Time 
mm	kN	sec
0,000203450511548908	0,0618651275634766	0,111000001430511
0,00055948896715563	0,0624287338256836	0,210999995470047
0,000966389961831737	0,0618279113769531	0,310999989509583
0,00172932948316884	0,0621016578674316	0,41100001335144
0,0021870930595469	0,0620280418395996	0,510999977588654
0,00259399416790984	0,0624100456237793	0,611000001430511
0,00305175785797474	0,0622041015625	0,711000025272369
0,00350952154803963	0,0626758880615234	0,810999989509583
0,00406901017413475	0,0623952484130859	0,91100001335144
0,00462849948235089	0,0627390975952148	1,0110000371933
0,00534057608092553	0,0632105560302734	1,11099994182587
0,00610351571594947	0,0633424911499023	1,21099996566772
0,00691731793267536	0,0635656929016113	1,31099998950958
0,0077311196946539	0,0638584175109863	1,41100001335144
0,00859578449308174	0,063854419708252	1,5110000371933
0,00940958670980763	0,0641743850708008	1,61099994182587
0,0102742505987408	0,0643723602294922	1,71099996566772
0,0110880537249614	0,0644589691162109	1,81099998950958
0,0119527176138945	0,0644882049560547	1,91100001335144
0,0128173824123223	0,0648472595214844	2,01099991798401
0,0136311846290482	0,0646447219848633	2,11100006103516
0,0144958494274761	0,0648180847167969	2,21099996566772
0,0153605142259039	0,0647779846191406	2,31100010871887
0,0161743155331351	0,0650718765258789	2,41100001335144
0,0170389812410576	0,0653728942871094	2,51099991798401
0,0178527825482888	0,0654842300415039	2,61100006103516
0,0186665856745094	0,0654919281005859	2,71099996566772
0,0195312495634425	0,0656699066162109	2,81100010871887
0,0203450526896631	0,0660098266601563	2,91100001335144
0,0211588539968943	0,0662101974487305	3,01099991798401
0,0219726571231149	0,0664082565307617	3,11100006103516
0,0227864584303461	0,0664928283691406	3,21099996566772
0,0236002597375773	0,0665683746337891	3,31100010871887
0,0244140628637979	0,0669732131958008	3,41100001335144
0,0252278659900185	0,0675987243652344	3,51099991798401
0,0260925298789516	0,0681047897338867	3,61100006103516
0,0269063311861828	0,0685634307861328	3,71099996566772
0,0277709968941053	0,0693660888671875	3,81100010871887
0,0285847982013365	0,0697030792236328	3,91100001335144
0,0293985995085677	0,0702510604858398	4,01100015640259
0,0302632652164903	0,0708884124755859	4,11100006103516
0,0310770665237214	0,0711321563720703	4,21099996566772
0,0319417304126546	0,0718833694458008	4,31099987030029
0,0328063979395665	0,0721710205078125	4,41099977493286
0,0336201956088189	0,0722720184326172	4,51100015640259
0,0344848631357308	0,0725858383178711	4,61100006103516
0,0353495306626428	0,0727668075561523	4,71099996566772
0,0362141909135971	0,0729279022216797	4,81099987030029
0,0370788584405091	0,0733957366943359	4,91099977493286
0,0378926597477403	0,0736087417602539	5,01100015640259
0,0387573236366734	0,0735915679931641	5,11100006103516
0,0396219911635853	0,0736963500976563	5,21099996566772
0,0404357924708165	0,0739349060058594	5,31099987030029
0,0413004563597497	0,0743586959838867	5,41099977493286
0,0421142576669808	0,0747219467163086	5,51100015640259
0,0429789251938928	0,0747207565307617	5,61100006103516
0,0437927228631452	0,075410026550293	5,71099996566772
0,0446065241703764	0,075451545715332	5,81099987030029
0,0454203291155864	0,0761570281982422	5,91099977493286
0,0462849930045195	0,0765767974853516	6,01100015640259
0,0470987979497295	0,0771960830688477	6,11100006103516
0,0479125992569607	0,077924430847168	6,21099996566772
0,0487772631458938	0,0787239990234375	6,31099987030029
0,049591064453125	0,079307258605957	6,41099977493286
0,0504048657603562	0,0800339050292969	6,51100015640259
0,0512695296492893	0,0807568664550781	6,61100006103516
0,0520833309565205	0,0816467666625977	6,71099996566772
0,0528971359017305	0,0825038604736328	6,81099987030029
0,0537617997906636	0,0833540649414063	6,91099977493286
0,0545756047358736	0,0840398635864258	7,01100015640259
0,055440264986828	0,0850526962280273	7,11100006103516
0,056254069932038	0,0860553894042969	7,21099996566772
0,0571187338209711	0,0866406097412109	7,31099987030029
0,0579325387661811	0,0875518188476563	7,41099977493286
0,0587971990171354	0,0879266662597656	7,51100015640259
0,0596618665440474	0,0888363189697266	7,61100006103516
0,0604756678512786	0,0890717849731445	7,71099996566772
0,0613403317402117	0,0906404876708984	7,81099987030029
0,0621541330474429	0,0919079895019531	7,91099977493286
0,0630188005743548	0,093487434387207	8,01099967956543
0,063832601881586	0,0949340744018555	8,11100006103516
0,0646464031888172	0,096411994934082	8,21100044250488
0,0654602044960484	0,0980642929077148	8,31099987030029
0,0663248647470027	0,0996063919067383	8,41100025177002
0,0671386733301915	0,101094741821289	8,51099967956543
0,0679524746374227	0,102497497558594	8,61100006103516
0,0687662759446539	0,103947364807129	8,71100044250488
0,0695800772518851	0,105477760314941	8,81099987030029
0,0703938858350739	0,107065010070801	8,91100025177002
0,0712076798663475	0,108259803771973	9,01099967956543
0,0720723473932594	0,109804634094238	9,11100006103516
0,0728861487004906	0,11090225982666	9,21100044250488
0,0736999500077218	0,112397323608398	9,31099987030029
0,0745646102586761	0,113527420043945	9,41100025177002
0,0753784188418649	0,114734077453613	9,51099967956543
0,0761922201490961	0,116686653137207	9,61100006103516
0,077056887676008	0,117438079833984	9,71100044250488
0,0778706889832392	0,118906127929688	9,81099987030029
0,0787353492341936	0,119991203308105	9,91100025177002
0,0795491578173824	0,121003150939941	10,0109996795654
0,0804138180683367	0,121870002746582	10,1110000610352
0,081278478319291	0,122908332824707	10,2110004425049
0,0820922869024798	0,123713729858398	10,3109998703003
0,0829569471534342	0,124606399536133	10,41100025177
0,0838216146803461	0,12561344909668	10,5109996795654
0,0846354159875773	0,126471405029297	10,6110000610352
0,0855000835144892	0,127448585510254	10,7110004425049
0,0863647437654436	0,128408416748047	10,8109998703003
0,0871785523486324	0,129839889526367	10,91100025177
0,0879923463799059	0,130640960693359	11,0109996795654
0,0888570139068179	0,131853378295898	11,1110000610352
0,0896708152140491	0,132749328613281	11,2110004425049
0,0904846165212803	0,133914703369141	11,3109998703003
0,0912984251044691	0,135642166137695	11,41100025177
0,0921630853554234	0,136778228759766	11,5109996795654
0,0929768939386122	0,137200759887695	11,6110000610352
0,0937906879698858	0,138491180419922	11,7110004425049
0,094604489277117	0,140123672485352	11,8109998703003
0,0954182978603058	0,141027755737305	11,91100025177
0,0962829581112601	0,142501556396484	12,0109996795654
0,0971476183622144	0,143730285644531	12,1110000610352
0,0979614269454032	0,145763870239258	12,2110004425049
0,0987752282526344	0,14685856628418	12,3109998703003
0,0996398957795464	0,148380676269531	12,41100025177
0,100504556030501	0,150017318725586	12,5109996795654
0,101318357337732	0,151549758911133	12,6110000610352
0,102183024864644	0,152934371948242	12,7110004425049
0,102996826171875	0,154468948364258	12,8109998703003
0,103861486422829	0,155833236694336	12,91100025177
0,104675295006018	0,157399291992188	13,0109996795654
0,105539955256972	0,158836273193359	13,1110000610352
0,106353756564204	0,160611953735352	13,2110004425049
0,107218424091116	0,162243743896484	13,3109998703003
0,108032225398347	0,163634048461914	13,41100025177
0,108896885649301	0,164907623291016	13,5109996795654
0,10971069423249	0,166157592773438	13,6110000610352
0,110524495539721	0,167377136230469	13,7110004425049
0,111338296846952	0,168802429199219	13,8109998703003
0,112152098154183	0,170535202026367	13,91100025177
0,112965906737372	0,171878997802734	14,0109996795654
0,113779700768646	0,173118911743164	14,1110000610352
0,114593509351835	0,174426742553711	14,2110004425049
0,115458169602789	0,175779663085938	14,3109998703003
0,11627197091002	0,177422393798828	14,41100025177
0,117085779493209	0,178260589599609	14,5109996795654
0,117899573524483	0,179735992431641	14,6110000610352
0,118713382107671	0,181107116699219	14,7110004425049
0,119527183414903	0,182716674804688	14,8109998703003
0,120391843665857	0,183643127441406	14,91100025177
0,121205652249046	0,18521696472168	15,0109996795654
0,1220703125	0,186933288574219	15,1110000610352
0,122884113807231	0,188805191040039	15,2110004425049
0,123697915114462	0,190560317993164	15,3109998703003
0,124562589917332	0,192628860473633	15,41100025177
0,125427250168286	0,194341247558594	15,5109996795654
0,126241036923602	0,196272827148438	15,6110000610352
0,127105711726472	0,197965576171875	15,7110004425049
0,127919513033703	0,200073974609375	15,8109998703003
0,128784173284657	0,201679565429688	15,91100025177
0,129648848087527	0,203805725097656	16,0109996795654
0,130462649394758	0,205529174804688	16,1110000610352
0,131327309645712	0,207558135986328	16,2110004425049
0,132191969896667	0,209197311401367	16,3110008239746
0,133056644699536	0,211412872314453	16,4109992980957
0,133870431454852	0,212963714599609	16,5109996795654
0,134735106257722	0,21499723815918	16,6110000610352
0,135548907564953	0,216555480957031	16,7110004425049
0,136362723424099	0,218766860961914	16,8110008239746
0,137176510179415	0,220323684692383	16,9109992980957
0,138041184982285	0,222354202270508	17,0109996795654
0,138854986289516	0,224261856079102	17,1110000610352
0,139668773044832	0,226338729858398	17,2110004425049
0,140482588903978	0,228076629638672	17,3110008239746
0,14129639021121	0,230020309448242	17,4109992980957
0,142161050462164	0,232144729614258	17,5109996795654
0,142974851769395	0,233827880859375	17,6110000610352
0,143788653076626	0,235853622436523	17,7110004425049
0,144602468935773	0,23786653137207	17,8110008239746
0,145467114634812	0,239369262695313	17,9109992980957
0,146280930493958	0,241564605712891	18,0109996795654
0,147094731801189	0,243155914306641	18,1110000610352
0,147959392052144	0,245182022094727	18,2110004425049
0,148773193359375	0,247685501098633	18,3110008239746
0,149637868162245	0,24907585144043	18,4109992980957
0,150451654917561	0,251186950683594	18,5109996795654
0,15131632972043	0,252942138671875	18,6110000610352
0,152130131027661	0,255308395385742	18,7110004425049
0,152994791278616	0,256937896728516	18,8110008239746
0,153808592585847	0,258489410400391	18,9109992980957
0,154622393893078	0,260814666748047	19,0109996795654
0,155487054144032	0,262413116455078	19,1110000610352
0,156300855451263	0,264547149658203	19,2110004425049
0,15711467131041	0,266447967529297	19,3110008239746
0,157928472617641	0,268422546386719	19,4109992980957
0,158742259372957	0,270221527099609	19,5109996795654
0,159556075232103	0,272160308837891	19,6110000610352
0,160369876539335	0,273743621826172	19,7110004425049
0,161183663294651	0,275717529296875	19,8110008239746
0,161997479153797	0,277745635986328	19,9109992980957
0,162811280461028	0,279593688964844	20,0109996795654
0,163625081768259	0,281283721923828	20,1110000610352
0,164489742019214	0,283125762939453	20,2110004425049
0,165303543326445	0,285308715820313	20,3110008239746
0,166117359185591	0,287188690185547	20,4109992980957
0,166931145940907	0,289101928710938	20,5109996795654
0,167795820743777	0,290723114013672	20,6110000610352
0,168609622051008	0,293139953613281	20,7110004425049
0,169474282301962	0,295079528808594	20,8110008239746
0,170288083609194	0,296916748046875	20,9109992980957
0,171152758412063	0,298807495117188	21,0109996795654
0,171966559719294	0,300969970703125	21,1110000610352
0,172831219970249	0,303162475585938	21,2110004425049
0,173695880221203	0,305271697998047	21,3110008239746
0,174509696080349	0,306838623046875	21,4109992980957
0,175374341779388	0,309083770751953	21,5109996795654
0,176239016582258	0,310974365234375	21,6110000610352
0,177052817889489	0,312962280273438	21,7110004425049
0,177917478140444	0,31511328125	21,8110008239746
0,178731279447675	0,316735229492188	21,9109992980957
0,179595954250544	0,318702880859375	22,0109996795654
0,18040974100586	0,320846771240234	22,1110000610352
0,181223556865007	0,322741302490234	22,2110004425049
0,182088217115961	0,324815216064453	22,3110008239746
0,182902018423192	0,326421875	22,4109992980957
0,183715819730423	0,3284189453125	22,5109996795654
0,184529621037655	0,330519104003906	22,6110000610352
0,185343422344886	0,332741088867188	22,7110004425049
0,18620808259584	0,33466064453125	22,8110008239746
0,187021898454987	0,336654876708984	22,9109992980957
0,187835699762218	0,338694885253906	23,0109996795654
0,188649486517534	0,340410125732422	23,1110000610352
0,189514161320403	0,342376373291016	23,2110004425049
0,190327962627634	0,344237854003906	23,3110008239746
0,191141763934866	0,346337127685547	23,4109992980957
0,19200642418582	0,348306457519531	23,5109996795654
0,192820240044966	0,350217224121094	23,6110000610352
0,193684885744005	0,352217346191406	23,7110004425049
0,194498701603152	0,354373413085938	23,8110008239746
0,195363361854106	0,356104125976563	23,9109992980957
0,196177163161337	0,358135803222656	24,0109996795654
0,197041823412292	0,360000701904297	24,1110000610352
0,197855639271438	0,361716461181641	24,2110004425049
0,198720284970477	0,363889526367188	24,3110008239746
0,199534100829624	0,36600439453125	24,4109992980957
0,200347902136855	0,368197967529297	24,5109996795654
0,201212576939724	0,36986962890625	24,6110000610352
0,20202636369504	0,371707916259766	24,7110004425049
0,202840165002272	0,373842315673828	24,8110008239746
0,203704839805141	0,375915252685547	24,9109992980957
0,204518626560457	0,377631042480469	25,0109996795654
0,205332442419603	0,379443542480469	25,1110000610352
0,206095384783112	0,381344879150391	25,2110004425049
0,206909186090343	0,38326220703125	25,3110008239746
0,207722972845659	0,385105682373047	25,4109992980957
0,208536788704805	0,387038879394531	25,5109996795654
0,209401448955759	0,388801879882813	25,6110000610352
0,210215250262991	0,390875732421875	25,7110004425049
0,211029051570222	0,392908721923828	25,8110008239746
0,211842852877453	0,394978149414063	25,9109992980957
0,212707513128407	0,396867279052734	26,0109996795654
0,213521314435638	0,399027374267578	26,1110000610352
0,214335130294785	0,401165649414063	26,2110004425049
0,215199790545739	0,403083953857422	26,3110008239746
0,21601359185297	0,404936676025391	26,4109992980957
0,216878252103925	0,407100402832031	26,5109996795654
0,217742926906794	0,409024169921875	26,6110000610352
0,21855671366211	0,411138000488281	26,7110004425049
0,21942138846498	0,413080413818359	26,8110008239746
0,220235189772211	0,415115081787109	26,9109992980957
0,221099850023165	0,417356872558594	27,0109996795654
0,221964524826035	0,419175445556641	27,1110000610352
0,222778326133266	0,421210052490234	27,2110004425049
0,22364298638422	0,423301666259766	27,3110008239746
0,224507646635175	0,425258056640625	27,4109992980957
0,225321462494321	0,426983123779297	27,5109996795654
0,22618610819336	0,42936083984375	27,6110000610352
0,226999924052507	0,43137744140625	27,7110004425049
0,227813725359738	0,433184844970703	27,8110008239746
0,228678385610692	0,435234954833984	27,9109992980957
0,229492186917923	0,437288177490234	28,0109996795654
0,230305988225155	0,439302337646484	28,1110000610352
0,231119789532386	0,441302124023438	28,2110004425049
0,231933590839617	0,443492889404297	28,3110008239746
0,232747392146848	0,445387847900391	28,4109992980957
0,233612066949718	0,447304748535156	28,5109996795654
0,234425853705034	0,449326629638672	28,6110000610352
0,23523966956418	0,451350311279297	28,7110004425049
0,236053470871411	0,453306640625	28,8110008239746
0,236918131122366	0,455437042236328	28,9109992980957
0,237731932429597	0,457163452148438	29,0109996795654
0,238596607232466	0,459265991210938	29,1110000610352
0,239410393987782	0,461407867431641	29,2110004425049
0,240224195295013	0,463350677490234	29,3110008239746
0,24103801115416	0,465549987792969	29,4109992980957
0,241902671405114	0,467430725097656	29,5109996795654
0,242716472712345	0,469511566162109	29,6110000610352
0,2435811329633	0,471364013671875	29,7110004425049
0,244394934270531	0,473382629394531	29,8110008239746
0,245259609073401	0,475693695068359	29,9109992980957
0,246073410380632	0,477422882080078	30,0109996795654
0,246938056079671	0,479465179443359	30,1110000610352
0,247751886490732	0,481540924072266	30,2110004425049
0,248565687797964	0,483450927734375	30,3110008239746
0,249430333497003	0,485550231933594	30,4109992980957
0,250244134804234	0,487500091552734	30,5109996795654
0,251057965215296	0,489367919921875	30,6110000610352
0,251871737418696	0,491514739990234	30,7110004425049
0,252685538725927	0,493413452148438	30,8110008239746
0,253499369136989	0,495506622314453	30,9109992980957
0,25431314134039	0,497351654052734	31,0109996795654
0,255126942647621	0,4994111328125	31,1110000610352
0,255991617450491	0,501352416992188	31,2110004425049
0,256805418757722	0,503310516357422	31,3110008239746
0,257619220064953	0,505194183349609	31,4109992980957
0,258433021372184	0,507306457519531	31,5109996795654
0,259297696175054	0,509211212158203	31,6110000610352
0,260111468378454	0,511358184814453	31,7110004425049
0,260925298789516	0,5134248046875	31,8110008239746
0,261789944488555	0,515237609863281	31,9109992980957
0,262603745795786	0,517481872558594	32,0110015869141
0,263468420598656	0,519680236816406	32,1110000610352
0,264282221905887	0,521220153808594	32,2109985351563
0,265146867604926	0,523361328125	32,3110008239746
0,265960698015988	0,525442321777344	32,4109992980957
0,266825343715027	0,527150085449219	32,5110015869141
0,267690018517897	0,529479797363281	32,6110000610352
0,268503819825128	0,531390258789063	32,7109985351563
0,269368494627997	0,533352294921875	32,8110008239746
0,270182295935228	0,535470581054688	32,9109992980957
0,271046970738098	0,537583618164063	33,0110015869141
0,271860742941499	0,53960205078125	33,1110000610352
0,272725446848199	0,541688659667969	33,2109985351563
0,2735392190516	0,543432434082031	33,3110008239746
0,274353020358831	0,545527526855469	33,4109992980957
0,2752176951617	0,547482360839844	33,5110015869141
0,276031496468931	0,549521545410156	33,6110000610352
0,276845297776163	0,551500732421875	33,7109985351563
0,277659099083394	0,553395202636719	33,8110008239746
0,278472900390625	0,555305419921875	33,9109992980957
0,279286701697856	0,557745544433594	34,0110015869141
0,280100503005087	0,559875427246094	34,1110000610352
0,280965177807957	0,561004455566406	34,2109985351563
0,281778950011358	0,56296923828125	34,3110008239746
0,282592780422419	0,565214782714844	34,4109992980957
0,283457426121458	0,567146484375	34,5110015869141
0,28427122742869	0,569205017089844	34,6110000610352
0,285135902231559	0,571366882324219	34,7109985351563
0,28594970353879	0,573398315429688	34,8110008239746
0,286763504846022	0,575190795898438	34,9109992980957
0,287628179648891	0,577331176757813	35,0110015869141
0,288441980956122	0,57955810546875	35,1110000610352
0,289306626655161	0,581515869140625	35,2109985351563
0,290171301458031	0,5835478515625	35,3110008239746
0,290985102765262	0,585450988769531	35,4109992980957
0,291849748464301	0,587328735351563	35,5110015869141
0,292663578875363	0,589598999023438	35,6110000610352
0,293477380182594	0,591342834472656	35,7109985351563
0,294342054985464	0,593320373535156	35,8110008239746
0,295155856292695	0,595496520996094	35,9109992980957
0,295969628496096	0,597517944335938	36,0110015869141
0,296783458907157	0,599287658691406	36,1110000610352
0,297597260214388	0,601556030273438	36,2109985351563
0,298411032417789	0,603406188964844	36,3110008239746
0,299224862828851	0,605216247558594	36,4109992980957
0,300038664136082	0,607292663574219	36,5110015869141
0,300852436339483	0,609454895019531	36,6110000610352
0,301666266750544	0,611013244628906	36,7109985351563
0,302480068057776	0,613149475097656	36,8110008239746
0,303293840261176	0,614803527832031	36,9109992980957
0,304158544167876	0,617078125	37,0110015869141
0,304972316371277	0,618947631835938	37,1110000610352
0,305786146782339	0,6212470703125	37,2109985351563
0,30659994808957	0,622834777832031	37,3110008239746
0,307464593788609	0,625031677246094	37,4109992980957
0,308278424199671	0,627021606445313	37,5110015869141
0,309092196403071	0,628546875	37,6110000610352
0,309956871205941	0,630957336425781	37,7109985351563
0,310770672513172	0,632984191894531	37,8110008239746
0,311635347316042	0,635030578613281	37,9109992980957
0,312449119519442	0,636941223144531	38,0110015869141
0,313313823426142	0,639134338378906	38,1110000610352
0,314127595629543	0,641232177734375	38,2109985351563
0,314992270432413	0,643418762207031	38,3110008239746
0,315856945235282	0,644879455566406	38,4109992980957
0,316670746542513	0,647257629394531	38,5110015869141
0,317535392241552	0,648966979980469	38,6110000610352
0,318349222652614	0,651062561035156	38,7109985351563
0,319162994856015	0,653142333984375	38,8110008239746
0,320027669658884	0,65536962890625	38,9109992980957
0,320841470966116	0,657215942382813	39,0110015869141
0,321706145768985	0,658971374511719	39,1110000610352
0,322519917972386	0,661160949707031	39,2109985351563
0,323333748383448	0,663084106445313	39,3110008239746
0,324147549690679	0,665132446289063	39,4109992980957
0,325012195389718	0,66706787109375	39,5110015869141
0,325826025800779	0,669341552734375	39,6110000610352
0,32663979800418	0,671275329589844	39,7109985351563
0,327453599311411	0,673036499023438	39,8110008239746
0,328318274114281	0,674921447753906	39,9109992980957
0,329132075421512	0,6765830078125	40,0110015869141
0,329996721120551	0,679115600585938	40,1110000610352
0,330810551531613	0,680861633300781	40,2109985351563
0,331675197230652	0,682784545898438	40,3110008239746
0,332489027641714	0,685052490234375	40,4109992980957
0,333353673340753	0,686749450683594	40,5110015869141
0,334167474647984	0,689036926269531	40,6110000610352
0,334981305059046	0,691466796875	40,7109985351563
0,335845950758085	0,6928828125	40,8110008239746
0,336710596457124	0,694892822265625	40,9109992980957
0,337524426868185	0,697144470214844	41,0110015869141
0,338389072567225	0,698838562011719	41,1110000610352
0,339202873874456	0,700922668457031	41,2109985351563
0,340016704285517	0,702828552246094	41,3110008239746
0,340881349984556	0,704645385742188	41,4109992980957
0,341695151291788	0,706685363769531	41,5110015869141
0,342508952599019	0,709187744140625	41,6110000610352
0,34332275390625	0,710648559570313	41,7109985351563
0,344136555213481	0,712599792480469	41,8110008239746
0,344950356520712	0,714641845703125	41,9109992980957
0,345764157827944	0,7165078125	42,0110015869141
0,346577959135175	0,71835498046875	42,1110000610352
0,347391760442406	0,719957397460938	42,2109985351563
0,348205561749637	0,722117065429688	42,3110008239746
0,349019392160699	0,723749938964844	42,4109992980957
0,3498331643641	0,725897033691406	42,5110015869141
0,350646965671331	0,72763232421875	42,6110000610352
0,3515116404742	0,729363220214844	42,7109985351563
0,352325441781431	0,731619812011719	42,8110008239746
0,353139243088663	0,733716552734375	42,9109992980957
0,353953044395894	0,735616638183594	43,0110015869141
0,354817719198763	0,737961303710938	43,1110000610352
0,355631491402164	0,739586669921875	43,2109985351563
0,356445321813226	0,741405456542969	43,3110008239746
0,357309967512265	0,743674560546875	43,4109992980957
0,358123768819496	0,745817687988281	43,5110015869141
0,358988443622366	0,748124694824219	43,6110000610352
0,359853118425235	0,750028930664063	43,7109985351563
0,360666890628636	0,751863708496094	43,8110008239746
0,361531594535336	0,753830871582031	43,9109992980957
0,362396240234375	0,755824584960938	44,0110015869141
0,363260885933414	0,758094421386719	44,1110000610352
0,364125589840114	0,759684387207031	44,2109985351563
0,364939362043515	0,761709777832031	44,3110008239746
0,365804036846384	0,764337951660156	44,4109992980957
0,366617838153616	0,765959350585938	44,5110015869141
0,367431639460847	0,76781005859375	44,6110000610352
0,368296285159886	0,769631164550781	44,7109985351563
0,369110115570948	0,771652404785156	44,8110008239746
0,369923916878179	0,773429260253906	44,9109992980957
0,370737689081579	0,775917846679688	45,0110015869141
0,371551519492641	0,776992797851563	45,1110000610352
0,372365320799872	0,779178955078125	45,2109985351563
0,373229966498911	0,781412780761719	45,3110008239746
0,374043796909973	0,783342468261719	45,4109992980957
0,374857569113374	0,784863830566406	45,5110015869141
0,375671399524435	0,786991516113281	45,6110000610352
0,376536045223475	0,789497741699219	45,7109985351563
0,377349846530706	0,791310607910156	45,8110008239746
0,378163676941767	0,793351440429688	45,9109992980957
0,379028322640806	0,795081848144531	46,0110015869141
0,379842123948038	0,796976257324219	46,1110000610352
0,380706798750907	0,799048889160156	46,2109985351563
0,381520600058138	0,80105712890625	46,3110008239746
0,382385245757177	0,802794250488281	46,4109992980957
0,383199076168239	0,8046396484375	46,5110015869141
0,384063721867278	0,806451538085938	46,6110000610352
0,384877523174509	0,808647094726563	46,7109985351563
0,385742197977379	0,810667236328125	46,8110008239746
0,38655599928461	0,812704040527344	46,9109992980957
0,387369771488011	0,814781433105469	47,0110015869141
0,388234475394711	0,816741027832031	47,1110000610352
0,389048247598112	0,818893615722656	47,2109985351563
0,389862048905343	0,820197998046875	47,3110008239746
0,390675879316404	0,822176086425781	47,4109992980957
0,391489651519805	0,823869323730469	47,5110015869141
0,392303452827036	0,825911193847656	47,6110000610352
0,393117283238098	0,827873718261719	47,7109985351563
0,393931055441499	0,8298291015625	47,8110008239746
0,39474488585256	0,831776000976563	47,9109992980957
0,395558687159792	0,833828674316406	48,0110015869141
0,396423332858831	0,835513671875	48,1110000610352
0,397237163269892	0,837126953125	48,2109985351563
0,398050935473293	0,839465698242188	48,3110008239746
0,398864736780524	0,841541809082031	48,4109992980957
0,399678567191586	0,84334912109375	48,5110015869141
0,400543212890625	0,845223388671875	48,6110000610352
0,401357014197856	0,847064331054688	48,7109985351563
0,402221689000726	0,849113220214844	48,8110008239746
0,403035490307957	0,851261291503906	48,9109992980957
0,403900136006996	0,852893432617188	49,0110015869141
0,404713966418058	0,855456298828125	49,1110000610352
0,405578612117097	0,857149597167969	49,2109985351563
0,406392413424328	0,858651672363281	49,3110008239746
0,407257088227198	0,860631530761719	49,4109992980957
0,408121733926237	0,862882873535156	49,5110015869141
0,408986408729106	0,86482470703125	49,6110000610352
0,409800210036337	0,866874938964844	49,7109985351563
0,410664884839207	0,868547790527344	49,8110008239746
0,411478657042608	0,87048583984375	49,9109992980957
0,412343360949308	0,872754333496094	50,0110015869141
0,413157133152708	0,874423034667969	50,1110000610352
0,41397093445994	0,876131713867188	50,2109985351563
0,414784764871001	0,878278198242188	50,3110008239746
0,41564941057004	0,880239379882813	50,4109992980957
0,416463211877272	0,882054321289063	50,5110015869141
0,417277013184503	0,884025817871094	50,6110000610352
0,418090814491734	0,885843872070313	50,7109985351563
0,418904644902796	0,887823303222656	50,8110008239746
0,419769290601835	0,8896181640625	50,9109992980957
0,420583091909066	0,8918330078125	51,0110015869141
0,421396893216297	0,893772338867188	51,1110000610352
0,422210694523528	0,895582702636719	51,2109985351563
0,423075340222567	0,897316284179688	51,3110008239746
0,423889170633629	0,899726867675781	51,4109992980957
0,42470297194086	0,901210571289063	51,5110015869141
0,425567617639899	0,903272521972656	51,6110000610352
0,426381448050961	0,905169738769531	51,7109985351563
0,42724609375	0,907074462890625	51,8110008239746
0,428059895057231	0,909062316894531	51,9109992980957
0,428924569860101	0,910997436523438	52,0110015869141
0,429738371167332	0,913077575683594	52,1110000610352
0,430603016866371	0,91476318359375	52,2109985351563
0,431416847277433	0,916976013183594	52,3110008239746
0,432281492976472	0,918864868164063	52,4109992980957
0,433095294283703	0,920607604980469	52,5110015869141
0,433959969086573	0,923008483886719	52,6110000610352
0,434773770393804	0,924559631347656	52,7109985351563
0,435587542597204	0,926526916503906	52,8110008239746
0,436401373008266	0,928389221191406	52,9109992980957
0,437215174315497	0,930268310546875	53,0110015869141
0,438028975622728	0,932489379882813	53,1110000610352
0,43884277692996	0,934105712890625	53,2109985351563
0,439656578237191	0,935845275878906	53,3110008239746
0,440470379544422	0,937581665039063	53,4109992980957
0,441335054347292	0,939685424804688	53,5110015869141
0,442148826550692	0,94147900390625	53,6110000610352
0,442962656961754	0,943438842773438	53,7109985351563
0,443776458268985	0,945392211914063	53,8110008239746
0,444590230472386	0,947077758789063	53,9109992980957
0,445404060883448	0,948765808105469	54,0110015869141
0,446268706582487	0,950942199707031	54,1110000610352
0,447082507889718	0,952866577148438	54,2109985351563
0,447947182692587	0,955070007324219	54,3110008239746
0,448760983999819	0,956760803222656	54,4109992980957
0,44957478530705	0,958656860351563	54,5110015869141
0,450439460109919	0,960488037109375	54,6110000610352
0,451304105808958	0,962410278320313	54,7109985351563
0,45211790711619	0,964356262207031	54,8110008239746
0,452982581919059	0,966190795898438	54,9109992980957
0,45379638322629	0,968159362792969	55,0110015869141
0,454661028925329	0,970155029296875	55,1110000610352
0,455525732832029	0,972390014648438	55,2109985351563
0,45633950503543	0,973920349121094	55,3110008239746
0,4572041798383	0,975905151367188	55,4109992980957
0,458017981145531	0,977686767578125	55,5110015869141
0,458882655948401	0,979410766601563	55,6110000610352
0,459696428151801	0,981717590332031	55,7109985351563
0,460510258562863	0,983399780273438	55,8110008239746
0,461374904261902	0,984858093261719	55,9109992980957
0,462188734672964	0,986718322753906	56,0110015869141
0,463002535980195	0,988688720703125	56,1110000610352
0,463816308183596	0,99088427734375	56,2109985351563
0,464681012090296	0,992748413085938	56,3110008239746
0,465494784293696	0,994560485839844	56,4109992980957
0,466308585600927	0,996392456054688	56,5110015869141
0,467122416011989	0,998340576171875	56,6110000610352
0,46793618821539	1,00015911865234	56,7109985351563
0,468800863018259	1,00189855957031	56,8110008239746
0,469614664325491	1,00356225585938	56,9109992980957
0,47047933912836	1,005599609375	57,0110015869141
0,471293111331761	1,00746899414063	57,1110000610352
0,472106941742823	1,0092529296875	57,2109985351563
0,472971587441862	1,01125927734375	57,3110008239746
0,473785388749093	1,01319384765625	57,4109992980957
0,474599219160154	1,01511413574219	57,5110015869141
0,475463864859194	1,01712109375	57,6110000610352
0,476277666166425	1,01881903076172	57,7109985351563
0,477142340969294	1,02084936523438	57,8110008239746
0,477956142276526	1,02277813720703	57,9109992980957
0,478820787975565	1,02466979980469	58,0110015869141
0,479634618386626	1,02649853515625	58,1110000610352
0,480448390590027	1,02834716796875	58,2109985351563
0,481313065392897	1,03035888671875	58,3110008239746
0,482126866700128	1,03202026367188	58,4109992980957
0,482940668007359	1,03390356445313	58,5110015869141
0,483754498418421	1,03580151367188	58,6110000610352
0,484568270621821	1,03758581542969	58,7109985351563
0,485382071929052	1,03952917480469	58,8110008239746
0,486195902340114	1,04125524902344	58,9109992980957
0,487009674543515	1,04306506347656	59,0110015869141
0,487823475850746	1,04537878417969	59,1110000610352
0,488637306261808	1,04688537597656	59,2109985351563
0,489501981064677	1,04870043945313	59,3110008239746
0,490315782371908	1,05062451171875	59,4109992980957
0,491129525471479	1,05231213378906	59,5110015869141
0,491994258482009	1,05403601074219	59,6110000610352
0,492808001581579	1,05609191894531	59,7109985351563
0,493621802888811	1,05786376953125	59,8110008239746
0,494435662403703	1,05951159667969	59,9109992980957
0,495300278998911	1,06153881835938	60,0110015869141
0,496114080306143	1,06352392578125	60,1110000610352
0,496978755109012	1,06545300292969	60,2109985351563
0,497843429911882	1,06758483886719	60,3110008239746
0,498657231219113	1,06923645019531	60,4109992980957
0,499521906021982	1,07116687011719	60,5110015869141
0,500386522617191	1,07297827148438	60,6110000610352
0,501251197420061	1,07509997558594	60,7109985351563
0,502064998727292	1,07726977539063	60,8110008239746
0,502929673530161	1,07894921875	60,9109992980957
0,503743474837393	1,0808369140625	61,0110015869141
0,504608149640262	1,0825712890625	61,1110000610352
0,505421950947493	1,08460949707031	61,2109985351563
0,506286625750363	1,08626782226563	61,3110008239746
0,507100427057594	1,08801770019531	61,4109992980957
0,507914228364825	1,08979052734375	61,5110015869141
0,508728029672056	1,09170227050781	61,6110000610352
0,509541830979288	1,09343859863281	61,7109985351563
0,510406505782157	1,09535925292969	61,8110008239746
0,511220248881727	1,09699426269531	61,9109992980957
0,51203410839662	1,09877221679688	62,0110015869141
0,512847909703851	1,10068432617188	62,1110000610352
0,513661711011082	1,10241711425781	62,2109985351563
0,514475512318313	1,10425158691406	62,3110008239746
0,515340128913522	1,10594812011719	62,4109992980957
0,516153988428414	1,10775329589844	62,5110015869141
0,517018605023623	1,10983410644531	62,6110000610352
0,517832464538515	1,11176062011719	62,7109985351563
0,518646265845746	1,11351940917969	62,8110008239746
0,519510940648615	1,11533825683594	62,9109992980957
0,520324683748186	1,11714428710938	63,0110015869141
0,521189416758716	1,11897863769531	63,1110000610352
0,522054033353925	1,12104174804688	63,2109985351563
0,522867834661156	1,122712890625	63,3110008239746
0,523732509464026	1,12467663574219	63,4109992980957
0,524546310771257	1,12635583496094	63,5110015869141
0,525410927366465	1,12821545410156	63,6110000610352
0,526224786881357	1,130130859375	63,7109985351563
0,527089403476566	1,13197290039063	63,8110008239746
0,527903262991458	1,13360437011719	63,9109992980957
0,528717064298689	1,13563403320313	64,0110015869141
0,52953080739826	1,1372294921875	64,1110000610352
0,530344666913152	1,13907165527344	64,2109985351563
0,531158468220383	1,14109350585938	64,3109970092773
0,531972211319953	1,14261657714844	64,411003112793
0,532786070834845	1,14439794921875	64,5110015869141
0,533599872142076	1,14614660644531	64,6110000610352
0,534413615241647	1,14789001464844	64,7109985351563
0,535227474756539	1,14988732910156	64,8109970092773
0,53604127606377	1,1518916015625	64,911003112793
0,53685501916334	1,1534150390625	65,0110015869141
0,537719752173871	1,1551806640625	65,1110000610352
0,538533495273441	1,15706945800781	65,2109985351563
0,539347354788333	1,15896630859375	65,3109970092773
0,540211971383542	1,1607470703125	65,411003112793
0,541025830898434	1,16259973144531	65,5110015869141
0,541890447493643	1,16459143066406	65,6110000610352
0,542704307008535	1,1664755859375	65,7109985351563
0,543518050108105	1,16798779296875	65,8109970092773
0,544382724910975	1,16993676757813	65,911003112793
0,545247399713844	1,17175231933594	66,0110015869141
0,546061201021075	1,173599609375	66,1110000610352
0,546925817616284	1,17549328613281	66,2109985351563
0,547739677131176	1,17705310058594	66,3109970092773
0,548604293726385	1,17937451171875	66,411003112793
0,549468968529254	1,18098229980469	66,5110015869141
0,550282769836485	1,18292517089844	66,6110000610352
0,551096629351377	1,18473388671875	66,7109985351563
0,551961245946586	1,18667443847656	66,8109970092773
0,552775105461478	1,18821044921875	66,911003112793
0,553588848561049	1,19017810058594	67,0110015869141
0,554453523363918	1,19181665039063	67,1110000610352
0,555267324671149	1,19370983886719	67,2109985351563
0,55608112597838	1,19534436035156	67,3109970092773
0,556894985493273	1,19749658203125	67,411003112793
0,557759602088481	1,1988662109375	67,5110015869141
0,558573403395712	1,20086486816406	67,6110000610352
0,559387204702944	1,202982421875	67,7109985351563
0,560201006010175	1,20434692382813	67,8109970092773
0,561065680813044	1,20609484863281	67,911003112793
0,561879482120276	1,20787951660156	68,0110015869141
0,562744156923145	1,20995373535156	68,1110000610352
0,563557900022715	1,21163806152344	68,2109985351563
0,564422633033246	1,21355407714844	68,3109970092773
0,565236376132816	1,21518859863281	68,411003112793
0,566050235647708	1,21698657226563	68,5110015869141
0,566914852242917	1,21891589355469	68,6110000610352
0,567779527045786	1,22094384765625	68,7109985351563
0,568593328353018	1,22252478027344	68,8109970092773
0,569458003155887	1,22416845703125	68,911003112793
0,570271804463118	1,22603942871094	69,0110015869141
0,57108560577035	1,22792114257813	69,1110000610352
0,571950280573219	1,2295966796875	69,2109985351563
0,57276408188045	1,23132775878906	69,3109970092773
0,573577883187681	1,23302795410156	69,411003112793
0,574391684494913	1,23494543457031	69,5110015869141
0,575205485802144	1,23671936035156	69,6110000610352
0,576019287109375	1,23833703613281	69,7109985351563
0,576833088416606	1,24004211425781	69,8109970092773
0,577646889723837	1,24191784667969	69,911003112793
0,578460691031069	1,24355444335938	70,0110015869141
0,5792744923383	1,24532568359375	70,1110000610352
0,580139167141169	1,247109375	70,2109985351563
0,580952968448401	1,24897497558594	70,3109970092773
0,581766769755632	1,25070007324219	70,411003112793
0,582580571062863	1,25225439453125	70,5110015869141
0,583394372370094	1,25419909667969	70,6110000610352
0,584208173677325	1,25591918945313	70,7109985351563
0,585072790272534	1,25757568359375	70,8109970092773
0,585886649787426	1,25936291503906	70,911003112793
0,586700451094657	1,26116052246094	71,0110015869141
0,587514194194227	1,263001953125	71,1110000610352
0,588378927204758	1,26462866210938	71,2109985351563
0,589192670304328	1,26629833984375	71,3109970092773
0,590057345107198	1,26837878417969	71,411003112793
0,590871146414429	1,2701708984375	71,5110015869141
0,591735821217299	1,27179223632813	71,6110000610352
0,59254962252453	1,27376794433594	71,7109985351563
0,593414297327399	1,27549462890625	71,8109970092773
0,594278972130269	1,27742993164063	71,911003112793
0,595143588725477	1,2791455078125	72,0110015869141
0,596008321736008	1,28093811035156	72,1110000610352
0,596822064835578	1,28273742675781	72,2109985351563
0,597686739638448	1,28464624023438	72,3109970092773
0,598500540945679	1,28626062011719	72,411003112793
0,599314400460571	1,2880908203125	72,5110015869141
0,60017901705578	1,28986657714844	72,6110000610352
0,600992876570672	1,29157434082031	72,7109985351563
0,601806619670242	1,29343212890625	72,8109970092773
0,602620420977473	1,29500622558594	72,911003112793
0,603485095780343	1,29671826171875	73,0110015869141
0,604298897087574	1,29850988769531	73,1110000610352
0,605112756602466	1,30021020507813	73,2109985351563
0,605926499702036	1,30198974609375	73,3109970092773
0,606740301009268	1,30364404296875	73,411003112793
0,607604975812137	1,30521923828125	73,5110015869141
0,608418777119368	1,30747644042969	73,6110000610352
0,609283451922238	1,30902111816406	73,7109985351563
0,610097253229469	1,31073913574219	73,8109970092773
0,6109110545367	1,31229174804688	73,911003112793
0,611775671131909	1,314072265625	74,0110015869141
0,612589530646801	1,31614831542969	74,1110000610352
0,61345414724201	1,31749169921875	74,2109985351563
0,614268006756902	1,31920629882813	74,3109970092773
0,615081808064133	1,32143212890625	74,411003112793
0,615946482867002	1,32268420410156	74,5110015869141
0,616811099462211	1,32519006347656	74,6110000610352
0,617624958977103	1,32666845703125	74,7109985351563
0,618438702076674	1,32843139648438	74,8109970092773
0,619303376879543	1,32984399414063	74,911003112793
0,620117178186774	1,3314921875	75,0110015869141
0,620930979494005	1,33344860839844	75,1110000610352
0,621744839008898	1,33501489257813	75,2109985351563
0,622558582108468	1,33663122558594	75,3109970092773
0,623372383415699	1,3384619140625	75,411003112793
0,624186242930591	1,34011694335938	75,5110015869141
0,624999986030161	1,341828125	75,6110000610352
0,625813787337393	1,34349353027344	75,7109985351563
0,626627646852285	1,34510192871094	75,8109970092773
0,627441389951855	1,34665942382813	75,911003112793
0,628255191259086	1,34867163085938	76,0110015869141
0,629119866061956	1,35037829589844	76,1110000610352
0,629933667369187	1,35170581054688	76,2109985351563
0,630747468676418	1,35354968261719	76,3109970092773
0,631561269983649	1,35535864257813	76,411003112793
0,63237507129088	1,35705310058594	76,5110015869141
0,63323974609375	1,35861645507813	76,6110000610352
0,634053547400981	1,36061730957031	76,7109985351563
0,634918222203851	1,3618359375	76,8109970092773
0,635732023511082	1,36369396972656	76,911003112793
0,636596698313951	1,3654150390625	77,0110015869141
0,637461373116821	1,36756188964844	77,1110000610352
0,63832598971203	1,36946240234375	77,2109985351563
0,639139849226922	1,37098205566406	77,3109970092773
0,64000446582213	1,37283850097656	77,411003112793
0,640869140625	1,37464709472656	77,5110015869141
0,64173381542787	1,37655615234375	77,6110000610352
0,642547616735101	1,37803259277344	77,7109985351563
0,64341229153797	1,37970544433594	77,8109970092773
0,644226092845201	1,38175048828125	77,911003112793
0,645090767648071	1,38325207519531	78,0110015869141
0,645904568955302	1,38499829101563	78,1110000610352
0,646718312054873	1,38676135253906	78,2109985351563
0,647532171569765	1,38833020019531	78,3109970092773
0,648345972876996	1,39004467773438	78,411003112793
0,649210647679865	1,39162072753906	78,5110015869141
0,650024390779436	1,39304455566406	78,6110000610352
0,650838192086667	1,39508325195313	78,7109985351563
0,651652051601559	1,39656774902344	78,8109970092773
0,652465794701129	1,39819934082031	78,911003112793
0,65333052771166	1,40012377929688	79,0110015869141
0,65414427081123	1,40187756347656	79,1110000610352
0,654958072118461	1,40341625976563	79,2109985351563
0,655822746921331	1,40505065917969	79,3109970092773
0,656636548228562	1,40675598144531	79,411003112793
0,657450349535793	1,40846728515625	79,5110015869141
0,658315024338663	1,41014392089844	79,6110000610352
0,659128825645894	1,41204479980469	79,7109985351563
0,659942626953125	1,41369763183594	79,8109970092773
0,660807301755995	1,41543310546875	79,911003112793
0,661621103063226	1,41726940917969	80,0110015869141
0,662485777866095	1,41897875976563	80,1110000610352
0,663299579173326	1,42054150390625	80,2109985351563
0,664164253976196	1,42242529296875	80,3109970092773
0,664978055283427	1,423744140625	80,411003112793
0,665791798382998	1,42545715332031	80,5110015869141
0,66660565789789	1,42714050292969	80,6110000610352
0,667419459205121	1,42888464355469	80,7109985351563
0,668233202304691	1,43051257324219	80,8109970092773
0,669097877107561	1,43213549804688	80,911003112793
0,669911678414792	1,43395617675781	81,0110015869141
0,670725537929684	1,43541528320313	81,1110000610352
0,671539281029254	1,43701318359375	81,2109985351563
0,672353082336485	1,43858642578125	81,3109970092773
0,673166941851377	1,44034777832031	81,411003112793
0,673980684950948	1,44209533691406	81,5110015869141
0,674794486258179	1,44362133789063	81,6110000610352
0,675659161061049	1,44540148925781	81,7109985351563
0,67647296236828	1,44676086425781	81,8109970092773
0,677286821883172	1,448666015625	81,911003112793
0,678100564982742	1,450365234375	82,0110015869141
0,678965297993273	1,4519697265625	82,1110000610352
0,679779041092843	1,45349438476563	82,2109985351563
0,680643715895712	1,45501428222656	82,3109970092773
0,681457517202944	1,45711437988281	82,411003112793
0,682322192005813	1,45877722167969	82,5110015869141
0,683186808601022	1,46060241699219	82,6110000610352
0,684051541611552	1,46225061035156	82,7109985351563
0,684865284711123	1,46379956054688	82,8109970092773
0,685729959513992	1,46552087402344	82,911003112793
0,686594692524523	1,46731640625	83,0110015869141
0,687408435624093	1,46874670410156	83,1110000610352
0,688273110426962	1,47046215820313	83,2109985351563
0,689086911734194	1,47228784179688	83,3109970092773
0,689951586537063	1,47392370605469	83,411003112793
0,690765387844294	1,47550280761719	83,5110015869141
0,691630062647164	1,47723181152344	83,6110000610352
0,692443863954395	1,47875903320313	83,7109985351563
0,693257607053965	1,48050537109375	83,8109970092773
0,694071466568857	1,48203918457031	83,911003112793
0,694885267876089	1,48367834472656	84,0110015869141
0,695749942678958	1,48526330566406	84,1110000610352
0,696563743986189	1,4867724609375	84,2109985351563
0,69737748708576	1,48854992675781	84,3109970092773
0,698191346600652	1,49022106933594	84,411003112793
0,699005147907883	1,49181750488281	84,5110015869141
0,699818891007453	1,493294921875	84,6110000610352
0,700683565810323	1,4950693359375	84,7109985351563
0,701497367117554	1,49658654785156	84,8109970092773
0,702311226632446	1,49829248046875	84,911003112793
0,703125027939677	1,49977624511719	85,0110015869141
0,703989702742547	1,50144323730469	85,1110000610352
0,704803445842117	1,50309411621094	85,2109985351563
0,705668178852648	1,50466845703125	85,3109970092773
0,706481921952218	1,50646069335938	85,411003112793
0,707346596755087	1,50829528808594	85,5110015869141
0,708211271557957	1,50964855957031	85,6110000610352
0,709025072865188	1,51158935546875	85,7109985351563
0,709889689460397	1,51311462402344	85,8109970092773
0,710703548975289	1,5147431640625	85,911003112793
0,711568165570498	1,5163388671875	86,0110015869141
0,71238202508539	1,51804064941406	86,1110000610352
0,713195826392621	1,51957922363281	86,2109985351563
0,714009569492191	1,52105773925781	86,3109970092773
0,714823429007083	1,52257873535156	86,411003112793
0,715637230314314	1,52413745117188	86,5110015869141
0,716450973413885	1,52574084472656	86,6110000610352
0,717264832928777	1,52735498046875	86,7109985351563
0,718078634236008	1,52883178710938	86,8109970092773
0,718841562047601	1,53048913574219	86,911003112793
0,719655363354832	1,53208276367188	87,0110015869141
0,720469164662063	1,53353454589844	87,1110000610352
0,721282965969294	1,53514453125	87,2109985351563
0,722096767276526	1,53672607421875	87,3109970092773
0,722961442079395	1,53837390136719	87,411003112793
0,723775185178965	1,53993774414063	87,5110015869141
0,724589044693857	1,54145251464844	87,6110000610352
0,725453661289066	1,54307446289063	87,7109985351563
0,726267520803958	1,54474328613281	87,8109970092773
0,727081322111189	1,54629541015625	87,911003112793
0,727945996914059	1,54789233398438	88,0110015869141
0,728759740013629	1,54958569335938	88,1110000610352
0,72962447302416	1,55136694335938	88,2109985351563
0,730489089619368	1,55294677734375	88,3109970092773
0,731353764422238	1,55454541015625	88,411003112793
0,732167565729469	1,55636877441406	88,5110015869141
0,733032240532339	1,55778210449219	88,6110000610352
0,733896915335208	1,5594453125	88,7109985351563
0,734710716642439	1,56114013671875	88,8109970092773
0,735575391445309	1,56284289550781	88,911003112793
0,736440008040518	1,56434545898438	89,0110015869141
0,73725386755541	1,56579748535156	89,1110000610352
0,73806761065498	1,56776110839844	89,2109985351563
0,73893228545785	1,56910766601563	89,3109970092773
0,739746086765081	1,57066027832031	89,411003112793
0,740559888072312	1,57240124511719	89,5110015869141
0,741373689379543	1,57391418457031	89,6110000610352
0,742187490686774	1,57532080078125	89,7109985351563
0,743052165489644	1,57704919433594	89,8109970092773
0,743865966796875	1,57865466308594	89,911003112793
0,744679768104106	1,58019934082031	90,0110015869141
0,745544442906976	1,58175512695313	90,1110000610352
0,746358244214207	1,58326672363281	90,2109985351563
0,747172045521438	1,58460827636719	90,3109970092773
0,747985846828669	1,5862666015625	90,411003112793
0,748850521631539	1,5879677734375	90,5110015869141
0,74966432293877	1,58951208496094	90,6110000610352
0,75052899774164	1,59114721679688	90,7109985351563
0,751342799048871	1,59260180664063	90,8109970092773
0,75220747385174	1,59439489746094	90,911003112793
0,753021216951311	1,59579260253906	91,0110015869141
0,753885949961841	1,59744030761719	91,1110000610352
0,75475056655705	1,5990693359375	91,2109985351563
0,755564367864281	1,60048132324219	91,3109970092773
0,756429042667151	1,60229858398438	91,411003112793
0,757242843974382	1,60384851074219	91,5110015869141
0,75810746056959	1,60536486816406	91,6110000610352
0,758921320084482	1,60697595214844	91,7109985351563
0,759735121391714	1,60858288574219	91,8109970092773
0,760548864491284	1,60997619628906	91,911003112793
0,761362724006176	1,61156896972656	92,0110015869141
0,762176525313407	1,61304809570313	92,1110000610352
0,762990268412977	1,614533203125	92,2109985351563
0,76380412792787	1,61591027832031	92,3109970092773
0,764617929235101	1,61765393066406	92,411003112793
0,76548260403797	1,61924243164063	92,5110015869141
0,766296405345201	1,62066357421875	92,6110000610352
0,767110148444772	1,62224035644531	92,7109985351563
0,767924007959664	1,62367468261719	92,8109970092773
0,768737809266895	1,62530310058594	92,911003112793
0,769551552366465	1,62675793457031	93,0110015869141
0,770416285376996	1,62824780273438	93,1110000610352
0,771230028476566	1,62996398925781	93,2109985351563
0,772043887991458	1,63134912109375	93,3109970092773
0,772908504586667	1,63311169433594	93,411003112793
0,773722364101559	1,63429040527344	93,5110015869141
0,774586980696768	1,63585119628906	93,6110000610352
0,77540084021166	1,63762023925781	93,7109985351563
0,776265456806868	1,63915502929688	93,8109970092773
0,7770792581141	1,64068493652344	93,911003112793
0,777943932916969	1,64217895507813	94,0110015869141
0,778808607719839	1,64385705566406	94,1110000610352
0,779673282522708	1,64548840332031	94,2109985351563
0,780487083829939	1,64701257324219	94,3109970092773
0,781351758632809	1,64851782226563	94,411003112793
0,782165501732379	1,64981884765625	94,5110015869141
0,78303023474291	1,65158166503906	94,6110000610352
0,78384397784248	1,65319055175781	94,7109985351563
0,784657779149711	1,65467980957031	94,8109970092773
0,785471638664603	1,65615393066406	94,911003112793
0,786336255259812	1,65766320800781	95,0110015869141
0,787150056567043	1,65889367675781	95,1110000610352
0,787963857874274	1,66060424804688	95,2109985351563
0,788777659181505	1,66221105957031	95,3109970092773
0,789591518696398	1,66362060546875	95,411003112793
0,790456135291606	1,664998046875	95,5110015869141
0,791269936598837	1,66642517089844	95,6110000610352
0,792083737906069	1,66799951171875	95,7109985351563
0,7928975392133	1,66955932617188	95,8109970092773
0,793762214016169	1,67112145996094	95,911003112793
0,794576015323401	1,67239025878906	96,0110015869141
0,79544069012627	1,67403283691406	96,1110000610352
0,79625443322584	1,67562780761719	96,2109985351563
0,797119166236371	1,67695239257813	96,3109970092773
0,797932909335941	1,67864526367188	96,411003112793
0,798797584138811	1,68023547363281	96,5110015869141
0,799611385446042	1,68175317382813	96,6110000610352
0,800476060248911	1,68320532226563	96,7109985351563
0,801340735051781	1,68475903320313	96,8109970092773
0,802154536359012	1,68616186523438	96,911003112793
0,803019211161882	1,68778955078125	97,0110015869141
0,803833012469113	1,68919177246094	97,1110000610352
0,804697687271982	1,69069458007813	97,2109985351563
0,805511488579214	1,69229638671875	97,3109970092773
0,806325231678784	1,69369396972656	97,411003112793
0,807139091193676	1,69508374023438	97,5110015869141
0,807952892500907	1,69660778808594	97,6110000610352
0,808766635600477	1,69787841796875	97,7109985351563
0,809631368611008	1,69938745117188	97,8109970092773
0,810445111710578	1,70076403808594	97,911003112793
0,81125897122547	1,70233203125	98,0110015869141
0,812072772532701	1,703744140625	98,1110000610352
0,812886515632272	1,70506005859375	98,2109985351563
0,813700375147164	1,70643823242188	98,3109970092773
0,814514176454395	1,70757556152344	98,411003112793
0,815327919553965	1,70936706542969	98,5110015869141
0,816141779068857	1,71078723144531	98,6110000610352
0,817006395664066	1,7121650390625	98,7109985351563
0,817820255178958	1,71361962890625	98,8109970092773
0,818634056486189	1,71513293457031	98,911003112793
0,81944779958576	1,71645483398438	99,0110015869141
0,820261659100652	1,71786499023438	99,1110000610352
0,82112627569586	1,71912341308594	99,2109985351563
0,821940135210752	1,72076208496094	99,3109970092773
0,822804751805961	1,72222644042969	99,411003112793
0,823618611320853	1,7234853515625	99,5110015869141
0,824483227916062	1,72538488769531	99,6110000610352
0,825297029223293	1,72643725585938	99,7109985351563
0,826161704026163	1,72799182128906	99,8109970092773
0,827026378829032	1,72943640136719	99,911003112793
0,827840121928602	1,73126232910156	100,011001586914
0,828704854939133	1,73271130371094	100,111000061035
0,829518598038703	1,73401550292969	100,210998535156
0,830332457553595	1,73533325195313	100,310997009277
0,831197074148804	1,73711828613281	100,411003112793
0,832010933663696	1,73853259277344	100,511001586914
0,832824734970927	1,73972778320313	100,611000061035
0,833689409773797	1,74133471679688	100,710998535156
0,834503152873367	1,74266552734375	100,810997009277
0,835316954180598	1,74395422363281	100,911003112793
0,83613081369549	1,74546716308594	101,011001586914
0,836944556795061	1,74685314941406	101,111000061035
0,837809289805591	1,74870886230469	101,210998535156
0,838623032905161	1,74980029296875	101,310997009277
0,839487707708031	1,75131140136719	101,411003112793
0,840301509015262	1,75262939453125	101,511001586914
0,841115310322493	1,75408325195313	101,611000061035
0,841979985125363	1,75561828613281	101,710998535156
0,842793786432594	1,75689147949219	101,810997009277
0,843658461235464	1,7583486328125	101,911003112793
0,844472204335034	1,75982165527344	102,011001586914
0,845336937345564	1,76147045898438	102,111000061035
0,846150680445135	1,76278491210938	102,210998535156
0,847015355248004	1,76411645507813	102,310997009277
0,847880088258535	1,76556823730469	102,411003112793
0,848693831358105	1,76711840820313	102,511001586914
0,849507632665336	1,76838745117188	102,611000061035
0,850372307468206	1,76998693847656	102,710998535156
0,851186108775437	1,77118395996094	102,810997009277
0,851999910082668	1,77209155273438	102,911003112793
0,852813711389899	1,77341467285156	103,011001586914
0,85362751269713	1,77479016113281	103,111000061035
0,854441372212023	1,77598083496094	103,210998535156
0,855255115311593	1,77759301757813	103,310997009277
0,856068916618824	1,77903002929688	103,411003112793
0,856933591421694	1,78008288574219	103,511001586914
0,857747392728925	1,78176281738281	103,611000061035
0,858561194036156	1,78306762695313	103,710998535156
0,859374995343387	1,78450659179688	103,810997009277
0,860188796650618	1,78594360351563	103,911003112793
0,86100259795785	1,78727099609375	104,011001586914
0,861816399265081	1,78869665527344	104,111000061035
0,862630200572312	1,78992907714844	104,210998535156
0,863444001879543	1,79154064941406	104,310997009277
0,864308676682413	1,79287145996094	104,411003112793
0,865122477989644	1,7941689453125	104,511001586914
0,865987094584852	1,79563012695313	104,611000061035
0,866800954099745	1,79713989257813	104,710998535156
0,867665570694953	1,79849523925781	104,810997009277
0,868479430209845	1,79990686035156	104,911003112793
0,869344046805054	1,80146215820313	105,011001586914
0,870208721607924	1,80281750488281	105,111000061035
0,871073396410793	1,80433459472656	105,210998535156
0,871938071213663	1,80588879394531	105,310997009277
0,872802746016532	1,80730102539063	105,411003112793
0,873667420819402	1,80880883789063	105,511001586914
0,874481222126633	1,81012609863281	105,611000061035
0,875345896929502	1,81137829589844	105,710998535156
0,876159640029073	1,81290576171875	105,810997009277
0,876973441336304	1,81404272460938	105,911003112793
0,877838116139174	1,81531640625	106,011001586914
0,878651917446405	1,81694873046875	106,111000061035
0,879465776961297	1,81813916015625	106,210998535156
0,880279520060867	1,81957397460938	106,310997009277
0,881093321368098	1,82100402832031	106,411003112793
0,881957996170968	1,82208276367188	106,511001586914
0,882771797478199	1,82337316894531	106,611000061035
0,883585656993091	1,82488793945313	106,710998535156
0,884399400092661	1,82620703125	106,810997009277
0,885264074895531	1,82755871582031	106,911003112793
0,886077876202762	1,82893286132813	107,011001586914
0,886891677509993	1,83012451171875	107,111000061035
0,887705478817225	1,83156506347656	107,210998535156
0,888570153620094	1,83282849121094	107,310997009277
0,889383954927325	1,83427270507813	107,411003112793
0,890197756234556	1,83554345703125	107,511001586914
0,891062431037426	1,837419921875	107,611000061035
0,891876232344657	1,83835034179688	107,710998535156
0,892740907147527	1,8398388671875	107,810997009277
0,893554708454758	1,84097717285156	107,911003112793
0,894419383257627	1,84239147949219	108,011001586914
0,895233126357198	1,84369665527344	108,111000061035
0,896097859367728	1,84507019042969	108,210998535156
0,896911602467299	1,84636596679688	108,310997009277
0,89772540377453	1,84769360351563	108,411003112793
0,898539263289422	1,84924499511719	108,511001586914
0,89940387988463	1,85031994628906	108,611000061035
0,900217739399523	1,85160363769531	108,710998535156
0,901031482499093	1,85325219726563	108,810997009277
0,901845283806324	1,85414416503906	108,911003112793
0,902659143321216	1,85568310546875	109,011001586914
0,903472886420786	1,85667199707031	109,111000061035
0,904286687728018	1,85788037109375	109,210998535156
0,90510054724291	1,85927661132813	109,310997009277
0,90591429034248	1,86042309570313	109,411003112793
0,906728091649711	1,86180212402344	109,511001586914
0,907541951164603	1,863044921875	109,611000061035
0,908355694264174	1,86439038085938	109,710998535156
0,909169495571405	1,86567590332031	109,810997009277
0,910034170374274	1,86665417480469	109,911003112793
0,910847971681505	1,86837622070313	110,011001586914
0,911661831196398	1,86967260742188	110,111000061035
0,912526447791606	1,87111804199219	110,210998535156
0,913340249098837	1,87227819824219	110,310997009277
0,914204923901707	1,873552734375	110,411003112793
0,915069598704576	1,87495288085938	110,511001586914
0,915934273507446	1,87620068359375	110,611000061035
0,916798890102655	1,87761999511719	110,710998535156
0,917663564905524	1,87896752929688	110,810997009277
0,918477366212755	1,880228515625	110,911003112793
0,919342041015625	1,88190283203125	111,011001586914
0,920206715818495	1,88305810546875	111,111000061035
0,921020517125726	1,88417236328125	111,210998535156
0,921885191928595	1,88559094238281	111,310997009277
0,922698993235826	1,88674475097656	111,411003112793
0,923512736335397	1,88809814453125	111,511001586914
0,924377469345927	1,88901538085938	111,611000061035
0,925191212445498	1,89034765625	111,710998535156
0,92600507196039	1,89181481933594	111,810997009277
0,926818873267621	1,89304577636719	111,911003112793
0,927632616367191	1,89420922851563	112,011001586914
0,928446475882083	1,89547265625	112,111000061035
0,929311092477292	1,89685424804688	112,210998535156
0,930124951992184	1,89812670898438	112,310997009277
0,930938695091754	1,89922241210938	112,411003112793
0,931752496398985	1,90055517578125	112,511001586914
0,932617171201855	1,90183972167969	112,611000061035
0,933430972509086	1,90319836425781	112,710998535156
0,934244832023978	1,90443420410156	112,810997009277
0,935109448619187	1,90565759277344	112,911003112793
0,935923249926418	1,90696496582031	113,011001586914
0,936787924729288	1,90819921875	113,111000061035
0,937601726036519	1,90930993652344	113,210998535156
0,938466342631727	1,91068090820313	113,310997009277
0,93928020214662	1,91208898925781	113,411003112793
0,940144818741828	1,91344213867188	113,511001586914
0,941009493544698	1,91464575195313	113,611000061035
0,941823294851929	1,91582788085938	113,710998535156
0,942687969654799	1,91711096191406	113,810997009277
0,94350177096203	1,91828479003906	113,911003112793
0,944315630476922	1,91970043945313	114,011001586914
0,94518024707213	1,92076879882813	114,111000061035
0,945994106587023	1,92191015625	114,210998535156
0,946807849686593	1,92323071289063	114,310997009277
0,947621650993824	1,92420556640625	114,411003112793
0,948435510508716	1,9260283203125	114,511001586914
0,949249253608286	1,92660705566406	114,611000061035
0,950063054915518	1,92821936035156	114,710998535156
0,95087691443041	1,92930310058594	114,810997009277
0,95169065752998	1,93014025878906	114,911003112793
0,952504458837211	1,93112890625	115,011001586914
0,953318318352103	1,93258215332031	115,111000061035
0,954132061451674	1,93368701171875	115,210998535156
0,954945862758905	1,93489086914063	115,310997009277
0,955759722273797	1,93622045898438	115,411003112793
0,956573465373367	1,93764489746094	115,511001586914
0,957438198383898	1,93824731445313	115,611000061035
0,958251941483468	1,93946691894531	115,710998535156
0,959116616286337	1,94087084960938	115,810997009277
0,959930417593569	1,94212573242188	115,911003112793
0,960795092396438	1,94365930175781	116,011001586914
0,961608893703669	1,944353515625	116,111000061035
0,962473568506539	1,94587536621094	116,210998535156
0,963338185101748	1,94726123046875	116,310997009277
0,964202859904617	1,94866040039063	116,411003112793
0,965067592915148	1,94943701171875	116,511001586914
0,965881336014718	1,95093310546875	116,611000061035
0,966746010817587	1,95194909667969	116,710998535156
0,967610685620457	1,95321142578125	116,810997009277
0,968424486927688	1,95477856445313	116,911003112793
0,969289103522897	1,95570288085938	117,011001586914
0,970102963037789	1,95704272460938	117,111000061035
0,970967579632998	1,95845690917969	117,210998535156
0,97178143914789	1,95954650878906	117,310997009277
0,972595240455121	1,96089318847656	117,411003112793
0,97345991525799	1,96181298828125	117,511001586914
0,974273658357561	1,96291687011719	117,611000061035
0,975087459664792	1,96424975585938	117,710998535156
0,975901319179684	1,96523352050781	117,810997009277
0,976715120486915	1,9664501953125	117,911003112793
0,977528863586485	1,96755224609375	118,011001586914
0,978342723101377	1,9688681640625	118,111000061035
0,979207339696586	1,97004150390625	118,210998535156
0,980021199211478	1,97124633789063	118,310997009277
0,980834942311049	1,97243054199219	118,411003112793
0,981699675321579	1,97356274414063	118,511001586914
0,982513418421149	1,97473059082031	118,611000061035
0,98337815143168	1,97587670898438	118,710998535156
0,98419189453125	1,97698962402344	118,810997009277
0,98505662754178	1,97830773925781	118,911003112793
0,985921244136989	1,97959265136719	119,011001586914
0,986785860732198	1,98068249511719	119,111000061035
0,98759972024709	1,9818798828125	119,210998535156
0,988464336842299	1,98304272460938	119,310997009277
0,989278079941869	1,98417053222656	119,411003112793
0,990091939456761	1,98547387695313	119,511001586914
0,99095655605197	1,98636352539063	119,611000061035
0,991770415566862	1,98756127929688	119,710998535156
0,992584275081754	1,98872985839844	119,810997009277
0,993398018181324	1,98983166503906	119,911003112793
0,994211877696216	1,99099353027344	120,011001586914
0,995025620795786	1,992109375	120,111000061035
0,995839363895357	1,99298254394531	120,210998535156
0,996653223410249	1,99421484375	120,310997009277
0,997467082925141	1,99522790527344	120,411003112793
0,998280826024711	1,99645764160156	120,511001586914
0,999094685539603	1,99734790039063	120,611000061035
0,999908428639174	1,99838916015625	120,710998535156
1,00072228815407	1,9995712890625	120,810997009277
1,00153603125364	2,00115466308594	120,911003112793
1,00240076426417	2,00177001953125	121,011001586914
1,00321450736374	2,00282006835938	121,111000061035
1,00402836687863	2,00403686523438	121,210998535156
1,0048421099782	2,00510424804688	121,310997009277
1,00570684298873	2,00617822265625	121,411003112793
1,0065205860883	2,00728576660156	121,511001586914
1,00738520268351	2,00851928710938	121,611000061035
1,00824993569404	2,00964953613281	121,710998535156
1,00911466870457	2,01047338867188	121,810997009277
1,00992829538882	2,01131628417969	121,911003112793
1,01079314481467	2,01265991210938	122,011001586914
1,01165776140988	2,01400561523438	122,111000061035
1,01252237800509	2,01511022949219	122,210998535156
1,01333623751998	2,01632299804688	122,310997009277
1,01420085411519	2,01716101074219	122,411003112793
1,01501459721476	2,01897314453125	122,511001586914
1,01587933022529	2,01962963867188	122,611000061035
1,01669307332486	2,02056237792969	122,710998535156
1,01750693283975	2,02194470214844	122,810997009277
1,01832067593932	2,02326257324219	122,911003112793
1,01913453545421	2,02386120605469	123,011001586914
1,01999915204942	2,02526574707031	123,111000061035
1,02081301156431	2,02587121582031	123,210998535156
1,02162687107921	2,02679553222656	123,310997009277
1,02244049776345	2,02824694824219	123,411003112793
1,02325435727835	2,02895458984375	123,511001586914
1,02411897387356	2,03024609375	123,611000061035
1,02493283338845	2,03160498046875	123,710998535156
1,02579744998366	2,0325126953125	123,810997009277
1,02661130949855	2,03333862304688	123,911003112793
1,02747592609376	2,03464489746094	124,011001586914
1,02828978560865	2,03568823242188	124,111000061035
1,02910364512354	2,03678308105469	124,210998535156
1,02996826171875	2,03808410644531	124,310997009277
1,03078212123364	2,03867492675781	124,411003112793
1,03164673782885	2,04009716796875	124,511001586914
1,03246059734374	2,04117932128906	124,611000061035
1,03332521393895	2,04196569824219	124,710998535156
1,03418983053416	2,04308142089844	124,810997009277
1,03500369004905	2,04410864257813	124,911003112793
1,03581754956394	2,04553698730469	125,011001586914
1,03668216615915	2,04653393554688	125,111000061035
1,03749602567405	2,04706518554688	125,210998535156
1,03830965235829	2,04805322265625	125,310997009277
1,03912351187319	2,04895947265625	125,411003112793
1,03993737138808	2,050279296875	125,511001586914
1,04075111448765	2,05123608398438	125,611000061035
1,04156497400254	2,05249731445313	125,710998535156
1,04237883351743	2,05326123046875	125,810997009277
1,04319246020168	2,0541806640625	125,911003112793
1,04400631971657	2,05512890625	126,011001586914
1,04482017923146	2,05619848632813	126,111000061035
1,04563392233104	2,05690356445313	126,210998535156
1,04644778184593	2,05805883789063	126,310997009277
1,04726164136082	2,0587470703125	126,411003112793
1,04812625795603	2,06006640625	126,511001586914
1,04894011747092	2,0608818359375	126,611000061035
1,04975374415517	2,06200170898438	126,710998535156
1,0506184771657	2,06296508789063	126,810997009277
1,05143222026527	2,06402294921875	126,911003112793
1,0522969532758	2,06517260742188	127,011001586914
1,05311069637537	2,06607983398438	127,111000061035
1,0539754293859	2,06724975585938	127,210998535156
1,05484004598111	2,06852001953125	127,310997009277
1,05570466257632	2,06941821289063	127,411003112793
1,05656951200217	2,07045776367188	127,511001586914
1,05738313868642	2,07164331054688	127,611000061035
1,05824787169695	2,07255151367188	127,710998535156
1,05911260470748	2,07371704101563	127,810997009277
1,05997722130269	2,07458740234375	127,911003112793
1,06084195431322	2,07556030273438	128,011001586914
1,06165569741279	2,076580078125	128,110992431641
1,06246944051236	2,07756518554688	128,210998535156
1,06328330002725	2,07853295898438	128,311004638672
1,06414791662246	2,07943798828125	128,410995483398
1,06496177613735	2,08034985351563	128,511001586914
1,06577551923692	2,08117358398438	128,610992431641
1,06658937875181	2,08227124023438	128,710998535156
1,06740323826671	2,08320825195313	128,811004638672
1,06821686495095	2,0839423828125	128,910995483398
1,06908171437681	2,0849677734375	129,011001586914
1,06989534106106	2,08612280273438	129,110992431641
1,07070920057595	2,086857421875	129,210998535156
1,07152306009084	2,087841796875	129,311004638672
1,07238767668605	2,08865283203125	129,410995483398
1,07320153620094	2,08968139648438	129,511001586914
1,07406615279615	2,09061669921875	129,610992431641
1,07488001231104	2,09138208007813	129,710998535156
1,07569375541061	2,09254125976563	129,811004638672
1,07655848842114	2,09328051757813	129,910995483398
1,07742310501635	2,09430908203125	130,011001586914
1,07823696453124	2,09532055664063	130,110992431641
1,07910158112645	2,09623461914063	130,210998535156
1,07991544064134	2,097162109375	130,311004638672
1,08072918374091	2,09794360351563	130,410995483398
1,08159391675144	2,09884228515625	130,511001586914
1,08240754343569	2,0999306640625	130,610992431641
1,08327239286155	2,10073999023438	130,710998535156
1,08408601954579	2,10169409179688	130,811004638672
1,08489987906069	2,10258837890625	130,910995483398
1,08571373857558	2,10342163085938	131,011001586914
1,08652748167515	2,10430639648438	131,110992431641
1,08734134119004	2,10504809570313	131,210998535156
1,08815520070493	2,10600048828125	131,311004638672
1,08896882738918	2,10683837890625	131,410995483398
1,08978268690407	2,10765673828125	131,511001586914
1,09059654641896	2,10850952148438	131,610992431641
1,09141028951854	2,10955615234375	131,710998535156
1,09222414903343	2,11031225585938	131,811004638672
1,09303800854832	2,11114184570313	131,910995483398
1,09385163523257	2,11200634765625	132,011001586914
1,09471648465842	2,11290844726563	132,110992431641
1,09553011134267	2,1137197265625	132,210998535156
1,09634397085756	2,11464868164063	132,311004638672
1,09720858745277	2,113626953125	132,410995483398
1,09802244696766	2,1147705078125	132,511001586914
1,09888706356287	2,11560864257813	132,610992431641
1,09970092307776	2,11680615234375	132,710998535156
1,10056553967297	2,11773828125	132,811004638672
1,1014302726835	2,11889477539063	132,910995483398
1,10229488927871	2,11981884765625	133,011001586914
1,10315950587392	2,12076000976563	133,110992431641
1,10402423888445	2,12173071289063	133,210998535156
1,10488897189498	2,12267993164063	133,311004638672
1,10570271499455	2,12361059570313	133,410995483398
1,10656733158976	2,1246123046875	133,511001586914
1,10738119110465	2,1254189453125	133,610992431641
1,10824580769986	2,12625854492188	133,710998535156
1,10905966721475	2,1270947265625	133,811004638672
1,10987341031432	2,1281630859375	133,910995483398
1,11073814332485	2,12893603515625	134,011001586914
1,11155188642442	2,12977172851563	134,110992431641
1,11236574593931	2,130673828125	134,210998535156
1,11317960545421	2,13152905273438	134,311004638672
1,11399323213845	2,13229760742188	134,410995483398
1,11480709165335	2,13313354492188	134,511001586914
1,11567170824856	2,13395874023438	134,610992431641
1,11648556776345	2,13473266601563	134,710998535156
1,11729942727834	2,13565869140625	134,811004638672
1,11811317037791	2,13634155273438	134,910995483398
1,11897790338844	2,13738623046875	135,011001586914
1,11979164648801	2,1379384765625	135,110992431641
1,12065637949854	2,13885375976563	135,210998535156
1,12147012259811	2,13985498046875	135,311004638672
1,122283982113	2,14051879882813	135,410995483398
1,12314859870821	2,141486328125	135,511001586914
1,12401333171874	2,14247192382813	135,610992431641
1,12482707481831	2,1431318359375	135,710998535156
1,12569180782884	2,14409716796875	135,811004638672
1,12650555092841	2,14486645507813	135,910995483398
1,12737028393894	2,14558056640625	136,011001586914
1,12818391062319	2,14635791015625	136,110992431641
1,12899777013808	2,14712109375	136,210998535156
1,12986238673329	2,14800268554688	136,311004638672
1,13067624624819	2,14859814453125	136,410995483398
1,13149010576308	2,1493828125	136,511001586914
1,13230384886265	2,150126953125	136,610992431641
1,13311770837754	2,15091625976563	136,710998535156
1,13393156789243	2,15150561523438	136,811004638672
1,13474519457668	2,15219873046875	136,910995483398
1,13555905409157	2,1529931640625	137,011001586914
1,13637291360646	2,15355053710938	137,110992431641
1,13713589962572	2,15416577148438	137,210998535156
1,13794964272529	2,154947265625	137,311004638672
1,13876338582486	2,15574487304688	137,410995483398
1,13962800242007	2,15631518554688	137,511001586914
1,14044186193496	2,157068359375	137,610992431641
1,14125572144985	2,15783129882813	137,710998535156
1,14206946454942	2,15840844726563	137,811004638672
1,14293419755995	2,15901977539063	137,910995483398
1,14379881415516	2,16016796875	138,011001586914
1,14461267367005	2,16107861328125	138,110992431641
1,14547729026526	2,16171728515625	138,210998535156
1,14634190686047	2,16240771484375	138,311004638672
1,147206639871	2,16281201171875	138,410995483398
1,14802038297057	2,16404614257813	138,511001586914
1,1488851159811	2,16472583007813	138,610992431641
1,14974973257631	2,16537133789063	138,710998535156
1,15061434917152	2,1662919921875	138,811004638672
1,15147908218205	2,16682104492188	138,910995483398
1,15234369877726	2,16769262695313	139,011001586914
1,15315755829215	2,16819848632813	139,110992431641
1,15402217488736	2,16913061523438	139,210998535156
1,15483603440225	2,16985668945313	139,311004638672
1,15564977750182	2,170228515625	139,410995483398
1,15651451051235	2,17105444335938	139,511001586914
1,15732825361192	2,171671875	139,610992431641
1,15814211312681	2,17224682617188	139,710998535156
1,15895597264171	2,17301611328125	139,811004638672
1,15982058923692	2,17380419921875	139,910995483398
1,16063444875181	2,1745185546875	140,011001586914
1,16144807543606	2,17486254882813	140,110992431641
1,16226193495095	2,17563623046875	140,210998535156
1,16312655154616	2,17640893554688	140,311004638672
1,16394041106105	2,17711108398438	140,410995483398
1,16480502765626	2,17760278320313	140,511001586914
1,16561888717115	2,178322265625	140,610992431641
1,16643274668604	2,17901000976563	140,710998535156
1,16729736328125	2,17963208007813	140,811004638672
1,16811122279614	2,18025610351563	140,910995483398
1,16897583939135	2,181041015625	141,011001586914
1,16978969890624	2,18144165039063	141,110992431641
1,17065431550145	2,18203466796875	141,210998535156
1,17146817501634	2,1822158203125	141,311004638672
1,17233279161155	2,18276879882813	141,410995483398
1,17314665112644	2,1833916015625	141,511001586914
1,17401126772165	2,18416870117188	141,610992431641
1,17482512723655	2,184755859375	141,710998535156
1,17563875392079	2,18538891601563	141,811004638672
1,17645261343569	2,18605639648438	141,910995483398
1,17731723003089	2,18675439453125	142,011001586914
1,17813108954579	2,18727001953125	142,110992431641
1,17894494906068	2,1879150390625	142,210998535156
1,17975869216025	2,1885322265625	142,311004638672
1,18057255167514	2,18917944335938	142,410995483398
1,18138629477471	2,18964575195313	142,511001586914
1,18220003787428	2,19045556640625	142,610992431641
1,18301389738917	2,19107275390625	142,710998535156
1,18382775690407	2,19139575195313	142,811004638672
1,18469237349927	2,1921298828125	142,910995483398
1,18550623301417	2,19265771484375	143,011001586914
1,18631997611374	2,19313940429688	143,110992431641
1,18713383562863	2,19383178710938	143,210998535156
1,1879475787282	2,19429956054688	143,311004638672
1,18881231173873	2,1950205078125	143,410995483398
1,1896260548383	2,19550732421875	143,511001586914
1,19043979793787	2,19598681640625	143,610992431641
1,1913045309484	2,19659716796875	143,710998535156
1,19211827404797	2,1972509765625	143,811004638672
1,1929830070585	2,1978125	143,910995483398
1,19384762365371	2,19829125976563	144,011001586914
1,19471224024892	2,199048828125	144,110992431641
1,19552609976381	2,19964404296875	144,210998535156
1,19639071635902	2,20027978515625	144,311004638672
1,19725544936955	2,20072387695313	144,410995483398
1,19806919246912	2,2014208984375	144,511001586914
1,19893392547965	2,201939453125	144,610992431641
1,19979854207486	2,20256958007813	144,710998535156
1,20061240158975	2,20299438476563	144,811004638672
1,20142614468932	2,20351245117188	144,910995483398
1,20229087769985	2,20415112304688	145,011001586914
1,20310462079942	2,20481469726563	145,110992431641
1,20391848031431	2,204888671875	145,210998535156
1,20473233982921	2,20547607421875	145,311004638672
1,20559695642442	2,20589575195313	145,410995483398
1,20641081593931	2,20663818359375	145,511001586914
1,20722444262356	2,2070693359375	145,610992431641
1,20808917563409	2,20743627929688	145,710998535156
1,20890291873366	2,20800756835938	145,811004638672
1,20971677824855	2,20829638671875	145,910995483398
1,21053063776344	2,2087724609375	146,011001586914
1,21139525435865	2,209275390625	146,110992431641
1,21220911387354	2,20992724609375	146,210998535156
1,21302285697311	2,21019555664063	146,311004638672
1,21388758998364	2,21076879882813	146,410995483398
1,21470133308321	2,21060815429688	146,511001586914
1,21556606609374	2,2113125	146,610992431641
1,21637980919331	2,211896484375	146,710998535156
1,21724454220384	2,21250512695313	146,811004638672
1,21810915879905	2,21278344726563	146,910995483398
1,21892301831394	2,21331860351563	147,011001586914
1,21978763490915	2,21394555664063	147,110992431641
1,22060149442405	2,21427978515625	147,210998535156
1,22146611101925	2,21499755859375	147,311004638672
1,22227985411882	2,215396484375	147,410995483398
1,22309359721839	2,21587963867188	147,511001586914
1,22390745673329	2,21639111328125	147,610992431641
1,22472131624818	2,21668212890625	147,710998535156
1,22553505934775	2,2171015625	147,811004638672
1,22639979235828	2,2174833984375	147,910995483398
1,22721353545785	2,21792016601563	148,011001586914
1,22802739497274	2,21834838867188	148,110992431641
1,22884113807231	2,21877685546875	148,210998535156
1,22965488117188	2,2190341796875	148,311004638672
1,23046874068677	2,2194501953125	148,410995483398
1,23128260020167	2,21989501953125	148,511001586914
1,23209634330124	2,22009033203125	148,610992431641
1,23291020281613	2,22039111328125	148,710998535156
1,23377481941134	2,22091723632813	148,811004638672
1,23458867892623	2,22120825195313	148,910995483398
1,2354024220258	2,22158129882813	149,011001586914
1,23626703862101	2,22207421875	149,110992431641
1,2370808981359	2,22246801757813	149,210998535156
1,23794551473111	2,22303271484375	149,311004638672
1,238759374246	2,22334301757813	149,410995483398
1,23962399084121	2,22371923828125	149,511001586914
1,24048860743642	2,22423022460938	149,610992431641
1,24135334044695	2,22460791015625	149,710998535156
1,24221807345748	2,22485083007813	149,811004638672
1,24308269005269	2,225427734375	149,910995483398
1,24394742306322	2,22567993164063	150,011001586914
1,24476116616279	2,22617504882813	150,110992431641
1,24562589917332	2,22633227539063	150,210998535156
1,24643952585757	2,22691552734375	150,311004638672
1,24730437528342	2,22730444335938	150,410995483398
1,24811800196767	2,227474609375	150,511001586914
1,24893186148256	2,2277294921875	150,610992431641
1,24974572099745	2,22818310546875	150,710998535156
1,25061033759266	2,22799560546875	150,811004638672
1,25142419710755	2,22832861328125	150,910995483398
1,25223794020712	2,228734375	151,011001586914
1,25305179972202	2,22905419921875	151,110992431641
1,25386554282159	2,22935571289063	151,210998535156
1,25467928592116	2,22979736328125	151,311004638672
1,25549314543605	2,23003735351563	151,410995483398
1,25635776203126	2,230095703125	151,511001586914
1,25717162154615	2,23062744140625	151,610992431641
1,25798548106104	2,23089624023438	151,710998535156
1,25885009765625	2,23110961914063	151,811004638672
1,25966395717114	2,23159838867188	151,910995483398
1,26052857376635	2,2317666015625	152,011001586914
1,26134243328124	2,23203881835938	152,110992431641
1,26220704987645	2,23240625	152,210998535156
1,26302090939134	2,23278442382813	152,311004638672
1,26388552598655	2,23303979492188	152,410995483398
1,26475014258176	2,23326538085938	152,511001586914
1,26556400209665	2,23345263671875	152,610992431641
1,26642861869186	2,23387475585938	152,710998535156
1,26724247820675	2,23409790039063	152,811004638672
1,26805622130632	2,23434985351563	152,910995483398
1,26892095431685	2,23449609375	153,011001586914
1,26973469741642	2,23488525390625	153,110992431641
1,270548440516	2,23508276367188	153,210998535156
1,27136230003089	2,23513940429688	153,311004638672
1,27217615954578	2,23520385742188	153,410995483398
1,27298990264535	2,23541333007813	153,511001586914
1,27380376216024	2,2355166015625	153,610992431641
1,27461750525981	2,23571484375	153,710998535156
1,27543124835938	2,23576098632813	153,811004638672
1,27624510787427	2,23615356445313	153,910995483398
1,27705896738917	2,23634643554688	154,011001586914
1,27787271048874	2,23642846679688	154,110992431641
1,27868657000363	2,2364677734375	154,210998535156
1,2795003131032	2,23644897460938	154,311004638672
1,28031405620277	2,23682250976563	154,410995483398
1,2811787892133	2,23712890625	154,511001586914
1,28199253231287	2,2372880859375	154,610992431641
1,2828572653234	2,23745629882813	154,710998535156
1,28367100842297	2,23762670898438	154,811004638672
1,2845357414335	2,2374990234375	154,910995483398
1,28540035802871	2,23763696289063	155,011001586914
1,28626497462392	2,23794604492188	155,110992431641
1,28712970763445	2,23815698242188	155,210998535156
1,28799444064498	2,23837060546875	155,311004638672
1,28885905724019	2,23858520507813	155,410995483398
1,28967280033976	2,2389853515625	155,511001586914
1,29053753335029	2,23931958007813	155,610992431641
1,29140226636082	2,23924755859375	155,710998535156
1,29221589304507	2,2393271484375	155,811004638672
1,29308074247092	2,2395400390625	155,910995483398
1,29389436915517	2,23963745117188	156,011001586914
1,29470822867006	2,23999926757813	156,110992431641
1,29557284526527	2,23989282226563	156,210998535156
1,29638670478016	2,23982104492188	156,311004638672
1,29720056429505	2,24015454101563	156,410995483398
1,29801430739462	2,24026879882813	156,511001586914
1,29882816690952	2,239984375	156,610992431641
1,29964191000909	2,24037646484375	156,710998535156
1,30050664301962	2,24022924804688	156,811004638672
1,30132038611919	2,2405458984375	156,910995483398
1,30213412921876	2,24066723632813	157,011001586914
1,30299886222929	2,24068627929688	157,110992431641
1,30381260532886	2,24074169921875	157,210998535156
1,30467733833939	2,24104028320313	157,311004638672
1,30549108143896	2,24063037109375	157,410995483398
1,30635581444949	2,24115307617188	157,511001586914
1,30716955754906	2,24102709960938	157,610992431641
1,30803429055959	2,24147973632813	157,710998535156
1,30884803365916	2,24121850585938	157,811004638672
1,30971276666969	2,24111474609375	157,910995483398
1,3105773832649	2,24123022460938	158,011001586914
1,31144199986011	2,24140014648438	158,110992431641
1,312255859375	2,24157373046875	158,210998535156
1,31312047597021	2,241572265625	158,311004638672
1,3139343354851	2,24133642578125	158,410995483398
1,31474819499999	2,24156518554688	158,511001586914
1,3156128115952	2,24142407226563	158,610992431641
1,31642667111009	2,24160034179688	158,710998535156
1,31724041420966	2,24124633789063	158,811004638672
1,31805415730923	2,24109790039063	158,910995483398
1,31886801682413	2,24122900390625	159,011001586914
1,3196817599237	2,24113940429688	159,110992431641
1,32049561943859	2,241146484375	159,210998535156
1,32130947895348	2,2410205078125	159,311004638672
1,32212322205305	2,24096630859375	159,410995483398
1,32293696515262	2,24084301757813	159,511001586914
1,32375082466751	2,24040747070313	159,610992431641
1,32456456776708	2,240515625	159,710998535156
1,32537842728198	2,24012548828125	159,811004638672
1,32619228679687	2,24001025390625	159,910995483398
1,32705690339208	2,24028125	160,011001586914
1,32787076290697	2,24009985351563	160,110992431641
1,32868450600654	2,240162109375	160,210998535156
1,32954923901707	2,24013818359375	160,311004638672
1,33036286570132	2,24030517578125	160,410995483398
1,33122771512717	2,24008666992188	160,511001586914
1,33209233172238	2,24009594726563	160,610992431641
1,33290607482195	2,24006225585938	160,710998535156
1,33377080783248	2,24020922851563	160,811004638672
1,33463542442769	2,240060546875	160,910995483398
1,33550015743822	2,2400625	161,011001586914
1,33636477403343	2,23991186523438	161,110992431641
1,33717863354832	2,23978247070313	161,210998535156
1,33804325014353	2,2401474609375	161,311004638672
1,33890786673874	2,239876953125	161,410995483398
1,33972172625363	2,24043383789063	161,511001586914
1,34058634284884	2,24000390625	161,610992431641
1,34140020236373	2,23989501953125	161,710998535156
1,34226481895894	2,23925366210938	161,811004638672
1,34307856205851	2,23911376953125	161,910995483398
1,3438924215734	2,23898022460938	162,011001586914
1,34475703816861	2,23890869140625	162,110992431641
1,3455708976835	2,23870385742188	162,210998535156
1,34638464078307	2,2385498046875	162,311004638672
1,3472493737936	2,23841186523438	162,410995483398
1,34806311689317	2,23852465820313	162,511001586914
1,34887697640806	2,23803149414063	162,610992431641
1,34974159300327	2,23772119140625	162,710998535156
1,35055545251817	2,23752026367188	162,811004638672
1,35136931203306	2,23726879882813	162,910995483398
1,35218293871731	2,23701220703125	163,011001586914
1,35304767172784	2,23683471679688	163,110992431641
1,35386141482741	2,23671606445313	163,210998535156
1,35472614783794	2,23675732421875	163,311004638672
1,35553989093751	2,2365322265625	163,410995483398
1,3563537504524	2,23605249023438	163,511001586914
1,35721836704761	2,23569995117188	163,610992431641
1,35808310005814	2,23593310546875	163,710998535156
1,35889684315771	2,23540795898438	163,811004638672
1,35976157616824	2,23514892578125	163,910995483398
1,36057531926781	2,234892578125	164,011001586914
1,3613891787827	2,23448706054688	164,110992431641
1,36220303829759	2,23480786132813	164,210998535156
1,3630676548928	2,2341572265625	164,311004638672
1,36388151440769	2,2334912109375	164,410995483398
1,36469514109194	2,234048828125	164,511001586914
1,36550900060683	2,23318505859375	164,610992431641
1,36632286012173	2,23284765625	164,710998535156
1,3671366032213	2,232333984375	164,811004638672
1,36795046273619	2,23211645507813	164,910995483398
1,36876432225108	2,23199584960938	165,011001586914
1,36962893884629	2,23163208007813	165,110992431641
1,37044279836118	2,23132006835938	165,210998535156
1,37125642504543	2,23101928710938	165,311004638672
1,37212115805596	2,2306416015625	165,410995483398
1,37293490115553	2,23046337890625	165,511001586914
1,37374876067042	2,22986962890625	165,610992431641
1,37461337726563	2,22967333984375	165,710998535156
1,37542723678052	2,22929858398438	165,811004638672
1,37629185337573	2,22893115234375	165,910995483398
1,37710571289063	2,22860815429688	166,011001586914
1,37797032948583	2,22818090820313	166,110992431641
1,37878418900073	2,22792651367188	166,210998535156
1,37964880559593	2,2276884765625	166,311004638672
1,38051353860646	2,2271953125	166,410995483398
1,38137815520167	2,22705249023438	166,511001586914
1,38224277179688	2,22682641601563	166,610992431641
1,38310750480741	2,22621923828125	166,710998535156
1,38397212140262	2,22599340820313	166,811004638672
1,38478598091751	2,2255498046875	166,910995483398
1,38565059751272	2,22520068359375	167,011001586914
1,38646445702761	2,22469555664063	167,110992431641
1,38732907362282	2,22431958007813	167,210998535156
1,38814293313771	2,2240869140625	167,311004638672
1,38895667623729	2,2235751953125	167,410995483398
1,38982140924782	2,22315869140625	167,511001586914
1,39063515234739	2,22258227539063	167,610992431641
1,39144901186228	2,22211694335938	167,710998535156
1,39226287137717	2,22165869140625	167,811004638672
1,39307649806142	2,22086938476563	167,910995483398
1,39389035757631	2,22064404296875	168,011001586914
1,3947042170912	2,22018481445313	168,110992431641
1,39556883368641	2,21959936523438	168,210998535156
1,3963826932013	2,219021484375	168,311004638672
1,39719643630087	2,21853662109375	168,410995483398
1,39801029581577	2,21812890625	168,511001586914
1,39887491241097	2,21764184570313	168,610992431641
1,39968877192587	2,21712719726563	168,710998535156
1,40055338852108	2,21663525390625	168,811004638672
1,40136713162065	2,21610522460938	168,910995483398
1,40218099113554	2,21547265625	169,011001586914
1,40304560773075	2,21496337890625	169,110992431641
1,40391022432595	2,21444946289063	169,210998535156
1,40472408384085	2,213958984375	169,311004638672
1,40558870043606	2,2132626953125	169,410995483398
1,40640255995095	2,21278247070313	169,511001586914
1,40721641946584	2,21230078125	169,610992431641
1,40803016256541	2,21156640625	169,710998535156
1,4088440220803	2,21094018554688	169,811004638672
1,40965788159519	2,21034936523438	169,910995483398
1,4105224981904	2,20959814453125	170,011001586914
1,4113363577053	2,20893310546875	170,110992431641
1,41214998438954	2,2082763671875	170,210998535156
1,41296384390444	2,20760009765625	170,311004638672
1,41377770341933	2,20676904296875	170,410995483398
1,4145914465189	2,20613061523438	170,511001586914
1,41540530603379	2,20539526367188	170,610992431641
1,41621916554868	2,20466821289063	170,710998535156
1,41708378214389	2,20381591796875	170,811004638672
1,41789752524346	2,2033779296875	170,910995483398
1,41871126834303	2,2025859375	171,011001586914
1,41952512785792	2,20176025390625	171,110992431641
1,42038974445313	2,20094165039063	171,210998535156
1,42120360396802	2,20042260742188	171,311004638672
1,42206822056323	2,19963232421875	171,410995483398
1,42288208007813	2,19874951171875	171,511001586914
1,42374669667333	2,19815698242188	171,610992431641
1,42461142968386	2,19735693359375	171,710998535156
1,42547604627907	2,19658569335938	171,811004638672
1,42634066287428	2,195880859375	171,910995483398
1,42715452238917	2,19512890625	172,011001586914
1,42801913898438	2,19436767578125	172,110992431641
1,42888387199491	2,19358227539063	172,210998535156
1,42974848859012	2,19269873046875	172,311004638672
1,43056234810501	2,19197265625	172,410995483398
1,43142696470022	2,19102758789063	172,511001586914
1,43224082421511	2,1902431640625	172,610992431641
1,43310544081032	2,18941552734375	172,710998535156
1,43391930032521	2,18841821289063	172,811004638672
1,43473304342479	2,18746508789063	172,910995483398
1,43559777643532	2,18676611328125	173,011001586914
1,43641151953489	2,1856435546875	173,110992431641
1,43722537904978	2,18459423828125	173,210998535156
1,43803923856467	2,18371362304688	173,311004638672
1,43890385515988	2,18270483398438	173,410995483398
1,43971759825945	2,181783203125	173,511001586914
1,44053134135902	2,18074194335938	173,610992431641
1,44134520087391	2,18020678710938	173,710998535156
1,44220981746912	2,17873217773438	173,811004638672
1,44302367698401	2,17773486328125	173,910995483398
1,44388829357922	2,1768662109375	174,011001586914
1,44470215309411	2,1756787109375	174,110992431641
1,44556676968932	2,1747001953125	174,210998535156
1,44638062920421	2,17343383789063	174,311004638672
1,44724524579942	2,17241748046875	174,410995483398
1,44810997880995	2,171263671875	174,511001586914
1,44892372190952	2,1704462890625	174,610992431641
1,44978845492005	2,16911181640625	174,710998535156
1,45065307151526	2,16776245117188	174,811004638672
1,45146693103015	2,16667529296875	174,910995483398
1,45228067412972	2,1654453125	175,011001586914
1,45314540714026	2,16411083984375	175,110992431641
1,45395915023983	2,16276684570313	175,210998535156
1,4547728933394	2,161451171875	175,311004638672
1,45563762634993	2,15997192382813	175,410995483398
1,4564513694495	2,15845434570313	175,511001586914
1,45726522896439	2,15703247070313	175,610992431641
1,45807897206396	2,1556630859375	175,710998535156
1,45889283157885	2,15375024414063	175,811004638672
1,45970669109374	2,15243212890625	175,910995483398
1,46052043419331	2,15017919921875	176,011001586914
1,46133417729288	2,14867407226563	176,110992431641
1,46214803680778	2,14680737304688	176,210998535156
1,46296177990735	2,14484448242188	176,311004638672
1,46377563942224	2,14302954101563	176,410995483398
1,46464025601745	2,14141015625	176,511001586914
1,46545411553234	2,13899389648438	176,610992431641
1,46631873212755	2,1371689453125	176,710998535156
1,46713259164244	2,13512329101563	176,811004638672
1,46794645115733	2,13283935546875	176,910995483398
1,46881106775254	2,13067749023438	177,011001586914
1,46967568434775	2,128505859375	177,110992431641
1,47048954386264	2,12608349609375	177,210998535156
1,47135416045785	2,12354565429688	177,311004638672
1,47221889346838	2,12121875	177,410995483398
1,47303263656795	2,11846044921875	177,511001586914
1,47389736957848	2,1158662109375	177,610992431641
1,47476198617369	2,11291357421875	177,710998535156
1,4756266027689	2,11029077148438	177,811004638672
1,47649133577943	2,10710009765625	177,910995483398
1,477305078879	2,10408740234375	178,011001586914
1,47816981188953	2,10076904296875	178,110992431641
1,47903442848474	2,0975205078125	178,210998535156
1,47984828799963	2,09381762695313	178,311004638672
1,4806620310992	2,09037963867188	178,410995483398
1,48152676410973	2,08668212890625	178,511001586914
1,4823405072093	2,08243920898438	178,610992431641
1,48320524021983	2,07830053710938	178,710998535156
1,48401886690408	2,07384130859375	178,811004638672
1,48483272641897	2,06982788085938	178,910995483398
1,48564658593386	2,064904296875	179,011001586914
1,48651120252907	2,06032958984375	179,110992431641
1,48732506204396	2,05541870117188	179,210998535156
1,48813880514354	2,05026684570313	179,311004638672
1,48900353815407	2,04484106445313	179,410995483398
1,48981728125364	2,0390244140625	179,511001586914
1,49063114076853	2,03265734863281	179,610992431641
1,49149575736374	2,02647766113281	179,710998535156
1,49236049037427	2,019685546875	179,811004638672
1,49317423347384	2,0118544921875	179,910995483398
1,49403896648437	2,00293920898438	180,011001586914
1,49485270958394	1,99301086425781	180,110992431641
1,49571744259447	1,98184790039063	180,210998535156
1,49658205918968	1,96808068847656	180,311004638672
1,49744667578489	1,95085363769531	180,410995483398
1,49831140879542	1,92930004882813	180,511001586914
1,49912515189499	1,90192248535156	180,610992431641
1,49998988490552	1,86173327636719	180,710998535156
1,50090537499636	1,78625744628906	180,811004638672
1,50192261207849	1,57133666992188	180,910995483398
1,5039062127471	-0,0948362350463867	180,938003540039
