File Path: D:\Ensayos Víctor\Fase III\Reciclado\vertical\Test Run 5 16-05-2019 13 31 22\DAQ- Crosshead; … - (Timed).txt   
Test: ENSAYOS TRACCION PLA 4
Test Run: Test Run 5
Date: 16/05/2019 13:29:05


Crosshead 	Load 	Time 
mm	kN	sec
0,000203450511548908	0,0618415794372559	0,111000001430511
0,00055948896715563	0,06206396484375	0,210999995470047
0,00116984040232637	0,0620785026550293	0,310999989509583
0,00172932948316884	0,0621566123962402	0,41100001335144
0,00213623047784495	0,0621334648132324	0,510999977588654
0,00259399416790984	0,062342170715332	0,611000001430511
0,00300089527627279	0,0623752365112305	0,711000025272369
0,00345865896633768	0,062673656463623	0,810999989509583
0,00401814804718015	0,0629697723388672	0,91100001335144
0,00467936160930549	0,0631350708007813	1,0110000371933
0,00544230124432943	0,0633010673522949	1,11099994182587
0,00625610346105532	0,063547435760498	1,21099996566772
0,00706990567778121	0,0635963745117188	1,31099998950958
0,0079345700214617	0,0639378852844238	1,41100001335144
0,00879923572938424	0,064052001953125	1,5110000371933
0,00966389961831737	0,064086181640625	1,61099994182587
0,0104777018350433	0,0641747055053711	1,71099996566772
0,0113423666334711	0,0646343154907227	1,81099998950958
0,012156168850197	0,0646228179931641	1,91100001335144
0,0130208327391301	0,0647684326171875	2,01099991798401
0,0138346358653507	0,0650362701416016	2,11100006103516
0,0146992997542839	0,0653346557617188	2,21099996566772
0,0155131019710097	0,0654723587036133	2,31100010871887
0,0163269050972303	0,0656106109619141	2,41100001335144
0,0171407064044615	0,0658418426513672	2,51099991798401
0,0179545077116927	0,065811164855957	2,61100006103516
0,0187683108379133	0,0661146469116211	2,71099996566772
0,0195821139641339	0,0662471008300781	2,81100010871887
0,020446777853067	0,066391487121582	2,91100001335144
0,0212605791602982	0,0666346969604492	3,01099991798401
0,0220743804675294	0,0669782409667969	3,11100006103516
0,02288818359375	0,0671266326904297	3,21099996566772
0,0237019867199706	0,0673236694335938	3,31100010871887
0,0245157880272018	0,0675407180786133	3,41100001335144
0,0253804537351243	0,067883903503418	3,51099991798401
0,0261942532233661	0,0681549377441406	3,61100006103516
0,0270080563495867	0,068438606262207	3,71099996566772
0,0278727202385198	0,0686560974121094	3,81100010871887
0,0286865233647404	0,0687828903198242	3,91100001335144
0,0295511872536736	0,0691836471557617	4,01100015640259
0,0303649903798942	0,0695188522338867	4,11100006103516
0,0312296542688273	0,0699861145019531	4,21099996566772
0,0320943181577604	0,0703239822387695	4,31099987030029
0,0329081231029704	0,0708816070556641	4,41099977493286
0,0337727869919036	0,0713530960083008	4,51100015640259
0,0346374508808367	0,0719909591674805	4,61100006103516
0,0355021184077486	0,072593879699707	4,71099996566772
0,036366778658703	0,0732340698242188	4,81099987030029
0,037180583603913	0,0739675598144531	4,91099977493286
0,0380452474928461	0,0745021820068359	5,01100015640259
0,0389099113817792	0,075192008972168	5,11100006103516
0,0397237126890104	0,0757362213134766	5,21099996566772
0,0405883802159224	0,0761955871582031	5,31099987030029
0,0414021815231536	0,0769225997924805	5,41099977493286
0,0422159828303847	0,0774130172729492	5,51100015640259
0,0430297841376159	0,0779257736206055	5,61100006103516
0,0438435854448471	0,0783332824707031	5,71099996566772
0,0447082529717591	0,0790763778686523	5,81099987030029
0,0455220542789903	0,0796171722412109	5,91099977493286
0,0463358555862214	0,0804245758056641	6,01100015640259
0,0471496568934526	0,0811588363647461	6,11100006103516
0,0480143244203646	0,0818856353759766	6,21099996566772
0,0488281257275958	0,0826337432861328	6,31099987030029
0,0496419270348269	0,0837138442993164	6,41099977493286
0,0505065909237601	0,0852785491943359	6,51100015640259
0,0513203922309913	0,0866464385986328	6,61100006103516
0,0521341971762013	0,087910270690918	6,71099996566772
0,0529988610651344	0,0891092224121094	6,81099987030029
0,0538126623723656	0,0904831237792969	6,91099977493286
0,0546773262612987	0,091749397277832	7,01100015640259
0,0554911312065087	0,0929139862060547	7,11100006103516
0,0563557914574631	0,0940720443725586	7,21099996566772
0,0571695964026731	0,0954870376586914	7,31099987030029
0,0580342602916062	0,0967435150146484	7,41099977493286
0,0588989241805393	0,0977744522094727	7,51100015640259
0,0597127254877705	0,0992323760986328	7,61100006103516
0,0605773930146825	0,100461158752441	7,71099996566772
0,0613911906839348	0,101666038513184	7,81099987030029
0,0622049992671236	0,102816993713379	7,91099977493286
0,0630696667940356	0,104098007202148	8,01099967956543
0,0638834608253092	0,105416938781738	8,11100006103516
0,0646972621325403	0,106531448364258	8,21100044250488
0,0655110707157291	0,107831970214844	8,31099987030029
0,0663248647470027	0,109033264160156	8,41100025177002
0,0671386733301915	0,110207588195801	8,51099967956543
0,0679524746374227	0,111248893737793	8,61100006103516
0,0688171421643347	0,112297225952148	8,71100044250488
0,0696309434715658	0,113259567260742	8,81099987030029
0,0704447375028394	0,114193252563477	8,91100025177002
0,071309412305709	0,115183639526367	9,01099967956543
0,0721232063369825	0,116334449768066	9,11100006103516
0,0729370149201714	0,117320053100586	9,21100044250488
0,0738016751711257	0,11828833770752	9,31099987030029
0,0746154764783569	0,119450004577637	9,41100025177002
0,0754801440052688	0,120329940795898	9,51099967956543
0,0762939453125	0,121316123962402	9,61100006103516
0,0771586055634543	0,12230216217041	9,71100044250488
0,0780232803663239	0,123015098571777	9,81099987030029
0,0788370743975975	0,123964218139648	9,91100025177002
0,0797017419245094	0,125013793945313	10,0109996795654
0,0805664094514214	0,125976776123047	10,1110000610352
0,0813802107586525	0,127016914367676	10,2110004425049
0,0822448710096069	0,128025314331055	10,3109998703003
0,0830586795927957	0,129327850341797	10,41100025177
0,08392333984375	0,130241271972656	10,5109996795654
0,0847371411509812	0,131147888183594	10,6110000610352
0,0856018086778931	0,132222183227539	10,7110004425049
0,0864156099851243	0,133072113037109	10,8109998703003
0,0872802702360787	0,134166061401367	10,91100025177
0,0880940788192675	0,134989105224609	11,0109996795654
0,088907872850541	0,136104522705078	11,1110000610352
0,0897216814337298	0,137273147583008	11,2110004425049
0,090535482740961	0,13816877746582	11,3109998703003
0,0914001429919153	0,139363983154297	11,41100025177
0,0922139515751041	0,140152954101563	11,5109996795654
0,0930277456063777	0,14110368347168	11,6110000610352
0,0938415541895665	0,142199310302734	11,7110004425049
0,0946553554967977	0,143324020385742	11,8109998703003
0,0955200230237097	0,144631546020508	11,91100025177
0,0963338243309408	0,146040435791016	12,0109996795654
0,0971984845818952	0,14758024597168	12,1110000610352
0,098012293165084	0,148933395385742	12,2110004425049
0,0988769534160383	0,150610275268555	12,3109998703003
0,0996907547232695	0,152232696533203	12,41100025177
0,100555422250181	0,153733703613281	12,5109996795654
0,101369223557413	0,155073181152344	12,6110000610352
0,102233883808367	0,156684677124023	12,7110004425049
0,103098551335279	0,157880584716797	12,8109998703003
0,10391235264251	0,159507247924805	12,91100025177
0,104726161225699	0,160959564208984	13,0109996795654
0,105590821476653	0,16219091796875	13,1110000610352
0,106404622783884	0,163797988891602	13,2110004425049
0,107269290310796	0,165112869262695	13,3109998703003
0,108083091618028	0,166580902099609	13,41100025177
0,108896885649301	0,167910827636719	13,5109996795654
0,10971069423249	0,169473403930664	13,6110000610352
0,110524495539721	0,170810119628906	13,7110004425049
0,111338296846952	0,172075958251953	13,8109998703003
0,112152098154183	0,173550598144531	13,91100025177
0,112965906737372	0,174895294189453	14,0109996795654
0,113779700768646	0,176249465942383	14,1110000610352
0,114593509351835	0,177819427490234	14,2110004425049
0,115458169602789	0,179294097900391	14,3109998703003
0,11627197091002	0,180672485351563	14,41100025177
0,117085779493209	0,182370056152344	14,5109996795654
0,117899573524483	0,183688186645508	14,6110000610352
0,118713382107671	0,18523779296875	14,7110004425049
0,119578042358626	0,186666687011719	14,8109998703003
0,120391843665857	0,18822966003418	14,91100025177
0,121256511192769	0,189731002807617	15,0109996795654
0,1220703125	0,191295883178711	15,1110000610352
0,122934972750954	0,192714324951172	15,2110004425049
0,123748774058186	0,194346145629883	15,3109998703003
0,12461343430914	0,19582893371582	15,41100025177
0,125427250168286	0,197234313964844	15,5109996795654
0,126291910419241	0,199029586791992	15,6110000610352
0,127156570670195	0,200683212280273	15,7110004425049
0,127970386529341	0,202280471801758	15,8109998703003
0,12883503222838	0,203701675415039	15,91100025177
0,129648848087527	0,205329986572266	16,0109996795654
0,130513508338481	0,206987121582031	16,1110000610352
0,131378168589436	0,208291656494141	16,2110004425049
0,132191969896667	0,20977848815918	16,3110008239746
0,133005785755813	0,21139289855957	16,4109992980957
0,133819587063044	0,213030349731445	16,5109996795654
0,134684247313999	0,214508773803711	16,6110000610352
0,13549804862123	0,216165908813477	16,7110004425049
0,136311849928461	0,217755462646484	16,8110008239746
0,137125651235692	0,218998733520508	16,9109992980957
0,137990311486647	0,220746353149414	17,0109996795654
0,138804127345793	0,222152252197266	17,1110000610352
0,139617914101109	0,223941345214844	17,2110004425049
0,140482588903978	0,225520874023438	17,3110008239746
0,14129639021121	0,227062225341797	17,4109992980957
0,142161050462164	0,228628189086914	17,5109996795654
0,142974851769395	0,230083740234375	17,6110000610352
0,143839526572265	0,231707855224609	17,7110004425049
0,144653313327581	0,233292266845703	17,8110008239746
0,14551798813045	0,234818328857422	17,9109992980957
0,146382648381405	0,23624348449707	18,0109996795654
0,147196449688636	0,237979904174805	18,1110000610352
0,148010250995867	0,239592712402344	18,2110004425049
0,148874925798737	0,240789367675781	18,3110008239746
0,149688727105968	0,242449005126953	18,4109992980957
0,150553387356922	0,243998062133789	18,5109996795654
0,151367188664153	0,245953125	18,6110000610352
0,152231863467023	0,247309814453125	18,7110004425049
0,153045650222339	0,24878532409668	18,8110008239746
0,153910325025208	0,250546371459961	18,9109992980957
0,154724126332439	0,251942153930664	19,0109996795654
0,155537913087755	0,253508087158203	19,1110000610352
0,156351728946902	0,254938034057617	19,2110004425049
0,157165530254133	0,256383239746094	19,3110008239746
0,157979331561364	0,258202667236328	19,4109992980957
0,158793132868595	0,259650634765625	19,5109996795654
0,159606934175827	0,261161193847656	19,6110000610352
0,160420735483058	0,262607635498047	19,7110004425049
0,161234536790289	0,264232299804688	19,8110008239746
0,16204833809752	0,265782135009766	19,9109992980957
0,16291301290039	0,267303497314453	20,0109996795654
0,163726799655706	0,2688212890625	20,1110000610352
0,164540600962937	0,270464294433594	20,2110004425049
0,165354416822083	0,272125549316406	20,3110008239746
0,166219077073038	0,273778564453125	20,4109992980957
0,167032878380269	0,275336578369141	20,5109996795654
0,1678466796875	0,276878051757813	20,6110000610352
0,16871135449037	0,27848193359375	20,7110004425049
0,169525141245686	0,280158111572266	20,8110008239746
0,170389816048555	0,281773834228516	20,9109992980957
0,171203617355786	0,28334423828125	21,0109996795654
0,172068277606741	0,284967681884766	21,1110000610352
0,172932937857695	0,286590911865234	21,2110004425049
0,173746753716841	0,288074584960938	21,3110008239746
0,17461139941588	0,289934051513672	21,4109992980957
0,17547607421875	0,291492401123047	21,5109996795654
0,17634074902162	0,293046508789063	21,6110000610352
0,177154535776936	0,29468994140625	21,7110004425049
0,178019210579805	0,296321899414063	21,8110008239746
0,178833011887036	0,297960357666016	21,9109992980957
0,179697672137991	0,299750762939453	22,0109996795654
0,180511473445222	0,30117724609375	22,1110000610352
0,181325274752453	0,302862548828125	22,2110004425049
0,182189935003407	0,304095153808594	22,3110008239746
0,183003736310638	0,305813262939453	22,4109992980957
0,183817552169785	0,307327880859375	22,5109996795654
0,184631353477016	0,308938293457031	22,6110000610352
0,185445140232332	0,310407867431641	22,7110004425049
0,186258956091478	0,312183563232422	22,8110008239746
0,18707275739871	0,313431518554688	22,9109992980957
0,187937417649664	0,315178466796875	23,0109996795654
0,188751218956895	0,316857330322266	23,1110000610352
0,189565020264126	0,318404083251953	23,2110004425049
0,190429680515081	0,319911071777344	23,3110008239746
0,191243481822312	0,321477630615234	23,4109992980957
0,192057297681458	0,322992980957031	23,5109996795654
0,192921957932413	0,324692779541016	23,6110000610352
0,193735759239644	0,326205993652344	23,7110004425049
0,194600419490598	0,327903656005859	23,8110008239746
0,195414235349745	0,329600921630859	23,9109992980957
0,196278881048784	0,331118225097656	24,0109996795654
0,19709269690793	0,332743530273438	24,1110000610352
0,197906498215161	0,334248840332031	24,2110004425049
0,198771158466116	0,335916198730469	24,3110008239746
0,199584959773347	0,337408599853516	24,4109992980957
0,200398761080578	0,338986694335938	24,5109996795654
0,201263421331532	0,340591430664063	24,6110000610352
0,202077222638763	0,342130767822266	24,7110004425049
0,20289103849791	0,343700134277344	24,8110008239746
0,203704839805141	0,3453271484375	24,9109992980957
0,204518626560457	0,346796752929688	25,0109996795654
0,205332442419603	0,348427551269531	25,1110000610352
0,206146243726835	0,349932342529297	25,2110004425049
0,206960030482151	0,351425537109375	25,3110008239746
0,207773846341297	0,353101654052734	25,4109992980957
0,208587647648528	0,354574890136719	25,5109996795654
0,209401448955759	0,356170196533203	25,6110000610352
0,210215250262991	0,357802581787109	25,7110004425049
0,211079910513945	0,359265899658203	25,8110008239746
0,211893726373091	0,360882171630859	25,9109992980957
0,212707513128407	0,362400604248047	26,0109996795654
0,213572187931277	0,364019622802734	26,1110000610352
0,214385989238508	0,365659271240234	26,2110004425049
0,215250649489462	0,367098388671875	26,3110008239746
0,216064450796694	0,369002685546875	26,4109992980957
0,216929125599563	0,370468719482422	26,5109996795654
0,217793771298602	0,372086639404297	26,6110000610352
0,218607587157749	0,373811798095703	26,7110004425049
0,219472247408703	0,375398834228516	26,8110008239746
0,220336907659657	0,376872619628906	26,9109992980957
0,221201582462527	0,378740051269531	27,0109996795654
0,222066242713481	0,380315551757813	27,1110000610352
0,222930902964436	0,381982116699219	27,2110004425049
0,223744704271667	0,383523406982422	27,3110008239746
0,224609379074536	0,385073028564453	27,4109992980957
0,225423165829852	0,386765869140625	27,5109996795654
0,226236981688999	0,388351196289063	27,6110000610352
0,227101641939953	0,39000927734375	27,7110004425049
0,227915457799099	0,391572906494141	27,8110008239746
0,228729244554415	0,393057250976563	27,9109992980957
0,229543045861647	0,394466735839844	28,0109996795654
0,230356861720793	0,39616552734375	28,1110000610352
0,231170648476109	0,397526733398438	28,2110004425049
0,23198444978334	0,399213684082031	28,3110008239746
0,232798265642487	0,400811889648438	28,4109992980957
0,233662911341526	0,402207702636719	28,5109996795654
0,234476727200672	0,403962219238281	28,6110000610352
0,235290528507903	0,405672698974609	28,7110004425049
0,236155203310773	0,406953094482422	28,8110008239746
0,236968990066089	0,408771331787109	28,9109992980957
0,23778279137332	0,410190673828125	29,0109996795654
0,238647466176189	0,411798431396484	29,1110000610352
0,239461252931505	0,413497253417969	29,2110004425049
0,240325927734375	0,415020294189453	29,3110008239746
0,241139729041606	0,416569000244141	29,4109992980957
0,241953530348837	0,418325561523438	29,5109996795654
0,242818190599792	0,419831909179688	29,6110000610352
0,243682865402661	0,42148486328125	29,7110004425049
0,244496652157977	0,423000213623047	29,8110008239746
0,245361326960847	0,424420288085938	29,9109992980957
0,246175128268078	0,426198028564453	30,0109996795654
0,246988929575309	0,427846496582031	30,1110000610352
0,24780273088254	0,42936083984375	30,2110004425049
0,24866740568541	0,431043487548828	30,3110008239746
0,249481206992641	0,432483245849609	30,4109992980957
0,250295008299872	0,434020721435547	30,5109996795654
0,251108809607103	0,435791809082031	30,6110000610352
0,251922610914335	0,437187835693359	30,7110004425049
0,252736412221566	0,438840850830078	30,8110008239746
0,253550213528797	0,440215454101563	30,9109992980957
0,254364014836028	0,44200048828125	31,0109996795654
0,255177816143259	0,443428100585938	31,1110000610352
0,255991617450491	0,445055297851563	31,2110004425049
0,256805418757722	0,446614624023438	31,3110008239746
0,257670064456761	0,448237487792969	31,4109992980957
0,258483894867823	0,449836181640625	31,5109996795654
0,259297696175054	0,451332275390625	31,6110000610352
0,260162341874093	0,4528603515625	31,7110004425049
0,261027016676962	0,454589416503906	31,8110008239746
0,261840817984194	0,456140167236328	31,9109992980957
0,262705463683233	0,457667907714844	32,0110015869141
0,263570167589933	0,459256866455078	32,1110000610352
0,264383939793333	0,460982330322266	32,2109985351563
0,265248614596203	0,462515167236328	32,3110008239746
0,266113289399073	0,464034240722656	32,4109992980957
0,266927090706304	0,465754852294922	32,5110015869141
0,267791736405343	0,467376373291016	32,6110000610352
0,268656411208212	0,468893646240234	32,7109985351563
0,269470212515444	0,470355590820313	32,8110008239746
0,270334858214483	0,471947875976563	32,9109992980957
0,271148688625544	0,473589508056641	33,0110015869141
0,272013334324583	0,475049438476563	33,1110000610352
0,272827135631815	0,476761932373047	33,2109985351563
0,273640966042876	0,478241729736328	33,3110008239746
0,274454738246277	0,479883392333984	33,4109992980957
0,275319413049147	0,481452972412109	33,5110015869141
0,276133214356378	0,483017028808594	33,6110000610352
0,276947015663609	0,484645874023438	33,7109985351563
0,277760846074671	0,486097961425781	33,8110008239746
0,278574618278071	0,487697082519531	33,9109992980957
0,279439293080941	0,488982879638672	34,0110015869141
0,280253094388172	0,490852996826172	34,1110000610352
0,281066895695403	0,492241149902344	34,2109985351563
0,281931541394442	0,493912414550781	34,3110008239746
0,282745371805504	0,49553759765625	34,4109992980957
0,283559173112735	0,496910247802734	34,5110015869141
0,284423818811774	0,498680999755859	34,6110000610352
0,285237649222836	0,500148803710938	34,7109985351563
0,286102294921875	0,501571166992188	34,8110008239746
0,286916096229106	0,503344329833984	34,9109992980957
0,287729897536337	0,504658111572266	35,0110015869141
0,288594572339207	0,506562347412109	35,1110000610352
0,289408344542608	0,507895843505859	35,2109985351563
0,290273048449308	0,509527069091797	35,3110008239746
0,291086820652708	0,511220153808594	35,4109992980957
0,291951495455578	0,512667846679688	35,5110015869141
0,292765296762809	0,514359619140625	35,6110000610352
0,293629971565679	0,51583154296875	35,7109985351563
0,294443743769079	0,517326904296875	35,8110008239746
0,295257574180141	0,518916687011719	35,9109992980957
0,296071375487372	0,520535583496094	36,0110015869141
0,296885176794603	0,522077087402344	36,1110000610352
0,297698978101835	0,523401916503906	36,2109985351563
0,298512779409066	0,524959655761719	36,3110008239746
0,299326580716297	0,526533569335938	36,4109992980957
0,300140382023528	0,528202270507813	36,5110015869141
0,300954183330759	0,529555603027344	36,6110000610352
0,301818858133629	0,531135009765625	36,7109985351563
0,30263265944086	0,532552978515625	36,8110008239746
0,303446431644261	0,534297119140625	36,9109992980957
0,304260262055323	0,535762756347656	37,0110015869141
0,305124907754362	0,537318176269531	37,1110000610352
0,305938709061593	0,538893310546875	37,2109985351563
0,306752539472654	0,5404365234375	37,3110008239746
0,307617185171694	0,541948120117188	37,4109992980957
0,308430986478925	0,543508361816406	37,5110015869141
0,309295661281794	0,545050354003906	37,6110000610352
0,310109462589026	0,546754028320313	37,7109985351563
0,310974108288065	0,548157165527344	37,8110008239746
0,311787938699126	0,549806091308594	37,9109992980957
0,312652584398165	0,551480163574219	38,0110015869141
0,313517230097204	0,55297265625	38,1110000610352
0,314331060508266	0,554478210449219	38,2109985351563
0,315195706207305	0,556157470703125	38,3110008239746
0,316060381010175	0,557908935546875	38,4109992980957
0,316874182317406	0,559322387695313	38,5110015869141
0,317687983624637	0,560917419433594	38,6110000610352
0,318552629323676	0,562434326171875	38,7109985351563
0,319366459734738	0,563808715820313	38,8110008239746
0,320180261041969	0,565450500488281	38,9109992980957
0,3209940623492	0,567030212402344	39,0110015869141
0,32185873715207	0,568495544433594	39,1110000610352
0,322672509355471	0,570054443359375	39,2109985351563
0,323486339766532	0,571360900878906	39,3110008239746
0,324300141073763	0,573095031738281	39,4109992980957
0,325113913277164	0,574552001953125	39,5110015869141
0,325927743688226	0,575988342285156	39,6110000610352
0,326792389387265	0,577560729980469	39,7109985351563
0,327606190694496	0,579141235351563	39,8110008239746
0,328420021105558	0,580597717285156	39,9109992980957
0,329233793308958	0,582183715820313	40,0110015869141
0,330098468111828	0,583729248046875	40,1110000610352
0,330912269419059	0,585126220703125	40,2109985351563
0,331776944221929	0,586688903808594	40,3110008239746
0,332641589920968	0,588306701660156	40,4109992980957
0,333455420332029	0,589828918457031	40,5110015869141
0,334320066031069	0,591490783691406	40,6110000610352
0,3351338673383	0,593037719726563	40,7109985351563
0,335998542141169	0,594468566894531	40,8110008239746
0,336812343448401	0,596043518066406	40,9109992980957
0,33767698914744	0,597625305175781	41,0110015869141
0,338490819558501	0,59917529296875	41,1110000610352
0,339304591761902	0,600689880371094	41,2109985351563
0,340169266564772	0,602138366699219	41,3110008239746
0,340983067872003	0,603557250976563	41,4109992980957
0,341796869179234	0,605190124511719	41,5110015869141
0,342610699590296	0,606479125976563	41,6110000610352
0,343424471793696	0,607974304199219	41,7109985351563
0,344238273100927	0,609497924804688	41,8110008239746
0,345052103511989	0,610967102050781	41,9109992980957
0,34586587571539	0,61243798828125	42,0110015869141
0,346679677022621	0,613868713378906	42,1110000610352
0,347493507433683	0,615375183105469	42,2109985351563
0,348307279637083	0,616915100097656	42,3110008239746
0,349121080944315	0,61822119140625	42,4109992980957
0,349934911355376	0,619782165527344	42,5110015869141
0,350748683558777	0,621255249023438	42,6110000610352
0,351613358361647	0,622835327148438	42,7109985351563
0,352427159668878	0,624313110351563	42,8110008239746
0,353240960976109	0,626093688964844	42,9109992980957
0,354105635778978	0,627209289550781	43,0110015869141
0,35491943708621	0,628752014160156	43,1110000610352
0,355784082785249	0,630521057128906	43,2109985351563
0,35659791319631	0,632077392578125	43,3110008239746
0,35746255889535	0,63375927734375	43,4109992980957
0,358276360202581	0,635106323242188	43,5110015869141
0,35914103500545	0,636761901855469	43,6110000610352
0,36000570980832	0,638257019042969	43,7109985351563
0,360819482011721	0,639782775878906	43,8110008239746
0,361684185918421	0,641375793457031	43,9109992980957
0,36254883161746	0,642863708496094	44,0110015869141
0,363362632924691	0,644586608886719	44,1110000610352
0,36422730772756	0,64618408203125	44,2109985351563
0,365041109034792	0,647645690917969	44,3110008239746
0,365854881238192	0,649170593261719	44,4109992980957
0,366719585144892	0,650604370117188	44,5110015869141
0,367533357348293	0,652215087890625	44,6110000610352
0,368347158655524	0,6536826171875	44,7109985351563
0,369211833458394	0,655110534667969	44,8110008239746
0,370025634765625	0,656647705078125	44,9109992980957
0,370839436072856	0,658073181152344	45,0110015869141
0,371653237380087	0,659566101074219	45,1110000610352
0,372517912182957	0,661064147949219	45,2109985351563
0,373331684386358	0,662604919433594	45,3110008239746
0,374145514797419	0,664240966796875	45,4109992980957
0,375010160496458	0,665643310546875	45,5110015869141
0,37582396180369	0,667234985351563	45,6110000610352
0,376688636606559	0,668789672851563	45,7109985351563
0,37750243791379	0,670171142578125	45,8110008239746
0,378316239221022	0,671571166992188	45,9109992980957
0,379180914023891	0,673066833496094	46,0110015869141
0,379994715331122	0,67459716796875	46,1110000610352
0,380859361030161	0,676129089355469	46,2109985351563
0,381673191441223	0,677476684570313	46,3110008239746
0,382537837140262	0,679127075195313	46,4109992980957
0,383351667551324	0,680708068847656	46,5110015869141
0,384165439754725	0,68216796875	46,6110000610352
0,385030114557594	0,683660461425781	46,7109985351563
0,385843915864825	0,685170166015625	46,8110008239746
0,386657717172056	0,686582702636719	46,9109992980957
0,387471518479288	0,688097412109375	47,0110015869141
0,388336193282157	0,689544494628906	47,1110000610352
0,389149994589388	0,690964965820313	47,2109985351563
0,389963766792789	0,692445861816406	47,3110008239746
0,390777597203851	0,6938701171875	47,4109992980957
0,391540525015444	0,695250732421875	47,5110015869141
0,392354326322675	0,696615966796875	47,6110000610352
0,393219001125544	0,698313659667969	47,7109985351563
0,394032802432776	0,699822021484375	47,8110008239746
0,394846574636176	0,701207763671875	47,9109992980957
0,395660405047238	0,702503967285156	48,0110015869141
0,396474206354469	0,703984802246094	48,1110000610352
0,3972880076617	0,705535400390625	48,2109985351563
0,39815268246457	0,706905639648438	48,3110008239746
0,398966454667971	0,708380676269531	48,4109992980957
0,399780285079032	0,709980529785156	48,5110015869141
0,400644930778071	0,711400634765625	48,6110000610352
0,401458732085302	0,7127373046875	48,7109985351563
0,402272562496364	0,714295593261719	48,8110008239746
0,403137208195403	0,715953918457031	48,9109992980957
0,403951009502634	0,71754443359375	49,0110015869141
0,404815684305504	0,718885009765625	49,1110000610352
0,405680330004543	0,720472839355469	49,2109985351563
0,406545004807413	0,722102355957031	49,3110008239746
0,407358806114644	0,723602233886719	49,4109992980957
0,408223480917513	0,725061645507813	49,5110015869141
0,409088126616552	0,726518676757813	49,6110000610352
0,409901957027614	0,728033264160156	49,7109985351563
0,410766602726653	0,729710815429688	49,8110008239746
0,411580404033884	0,731167602539063	49,9109992980957
0,412445078836754	0,732656921386719	50,0110015869141
0,413258880143985	0,734166931152344	50,1110000610352
0,414072652347386	0,735558959960938	50,2109985351563
0,414886482758448	0,736796569824219	50,3110008239746
0,415751128457487	0,73828662109375	50,4109992980957
0,416564929764718	0,739610290527344	50,5110015869141
0,417378760175779	0,741018615722656	50,6110000610352
0,41819253237918	0,74266943359375	50,7109985351563
0,41905720718205	0,743944519042969	50,8110008239746
0,419871008489281	0,745487548828125	50,9109992980957
0,420684809796512	0,746912414550781	51,0110015869141
0,421498640207574	0,748285095214844	51,1110000610352
0,422363285906613	0,749877075195313	51,2109985351563
0,423177087213844	0,751346618652344	51,3110008239746
0,424041762016714	0,752988830566406	51,4109992980957
0,424855563323945	0,754220947265625	51,5110015869141
0,425669335527346	0,755629943847656	51,6110000610352
0,426534039434046	0,757393493652344	51,7109985351563
0,427347811637446	0,7587626953125	51,8110008239746
0,428212486440316	0,760023376464844	51,9109992980957
0,429026287747547	0,7615615234375	52,0110015869141
0,429890962550417	0,762932434082031	52,1110000610352
0,430704734753817	0,764438720703125	52,2109985351563
0,431569438660517	0,766055603027344	52,3110008239746
0,432383210863918	0,767299072265625	52,4109992980957
0,433197012171149	0,768812805175781	52,5110015869141
0,434010842582211	0,770349304199219	52,6110000610352
0,434824614785612	0,771705017089844	52,7109985351563
0,435638416092843	0,773172302246094	52,8110008239746
0,436452246503904	0,774759216308594	52,9109992980957
0,437316892202944	0,776153564453125	53,0110015869141
0,438130693510175	0,777524780273438	53,1110000610352
0,438944494817406	0,779018859863281	53,2109985351563
0,439758296124637	0,78036865234375	53,3110008239746
0,440572126535699	0,781856140136719	53,4109992980957
0,4413858987391	0,783296020507813	53,5110015869141
0,442199700046331	0,784654724121094	53,6110000610352
0,443013530457392	0,7861044921875	53,7109985351563
0,443827302660793	0,787554931640625	53,8110008239746
0,444691977463663	0,789183410644531	53,9109992980957
0,445505778770894	0,790454956054688	54,0110015869141
0,446370453573763	0,791926635742188	54,1110000610352
0,447184225777164	0,793369384765625	54,2109985351563
0,447998056188226	0,794769104003906	54,3110008239746
0,448862701887265	0,796288269042969	54,4109992980957
0,449727376690134	0,797557678222656	54,5110015869141
0,450592051493004	0,799013916015625	54,6110000610352
0,451456697192043	0,800722473144531	54,7109985351563
0,452321371994913	0,802342468261719	54,8110008239746
0,453186046797782	0,803488037109375	54,9109992980957
0,453999848105013	0,805212097167969	55,0110015869141
0,454864493804052	0,806525756835938	55,1110000610352
0,455678324215114	0,808085510253906	55,2109985351563
0,456542969914153	0,809395202636719	55,3110008239746
0,457356771221384	0,811046264648438	55,4109992980957
0,458170572528616	0,812405883789063	55,5110015869141
0,458984373835847	0,813719970703125	55,6110000610352
0,459798175143078	0,815036926269531	55,7109985351563
0,460662849945948	0,816671081542969	55,8110008239746
0,461476651253179	0,818044311523438	55,9109992980957
0,462290423456579	0,819389343261719	56,0110015869141
0,463104253867641	0,820934387207031	56,1110000610352
0,463918055174872	0,822193298339844	56,2109985351563
0,464731856482103	0,823540466308594	56,3110008239746
0,465596531284973	0,824927795410156	56,4109992980957
0,466410303488374	0,82637841796875	56,5110015869141
0,467224133899435	0,827778015136719	56,6110000610352
0,468037935206667	0,829220764160156	56,7109985351563
0,468902580905706	0,8306484375	56,8110008239746
0,469716411316767	0,832131958007813	56,9109992980957
0,470581057015806	0,833502624511719	57,0110015869141
0,471394858323038	0,834897705078125	57,1110000610352
0,472259533125907	0,836421936035156	57,2109985351563
0,473073334433138	0,837870361328125	57,3110008239746
0,473887106636539	0,839465270996094	57,4109992980957
0,474751810543239	0,840483154296875	57,5110015869141
0,47556558274664	0,842284057617188	57,6110000610352
0,476430257549509	0,843726013183594	57,7109985351563
0,477244058856741	0,844942932128906	57,8110008239746
0,47810873365961	0,846488586425781	57,9109992980957
0,478922505863011	0,847881042480469	58,0110015869141
0,479736336274073	0,849320190429688	58,1110000610352
0,480550137581304	0,850515319824219	58,2109985351563
0,481363909784704	0,851931640625	58,3110008239746
0,482177740195766	0,853376586914063	58,4109992980957
0,482991541502997	0,8546845703125	58,5110015869141
0,483805342810228	0,856288879394531	58,6110000610352
0,48461914411746	0,857633483886719	58,7109985351563
0,485432945424691	0,858800842285156	58,8110008239746
0,486246746731922	0,8601962890625	58,9109992980957
0,487111421534792	0,861629760742188	59,0110015869141
0,487925193738192	0,863044372558594	59,1110000610352
0,488738995045424	0,864347473144531	59,2109985351563
0,489552854560316	0,865797058105469	59,3110008239746
0,490417471155524	0,8672802734375	59,4109992980957
0,491231272462755	0,868579284667969	59,5110015869141
0,492095947265625	0,869940124511719	59,6110000610352
0,492909748572856	0,871180297851563	59,7109985351563
0,493774423375726	0,872860168457031	59,8110008239746
0,494588224682957	0,874235290527344	59,9109992980957
0,495452899485826	0,875663146972656	60,0110015869141
0,496317516081035	0,877277160644531	60,1110000610352
0,497131375595927	0,878398620605469	60,2109985351563
0,497995992191136	0,880174743652344	60,3110008239746
0,498809793498367	0,881369384765625	60,4109992980957
0,499674468301237	0,88282958984375	60,5110015869141
0,500539143104106	0,8843515625	60,6110000610352
0,501352944411337	0,88574560546875	60,7109985351563
0,502217619214207	0,887068115234375	60,8110008239746
0,503031420521438	0,888426147460938	60,9109992980957
0,503845221828669	0,889844970703125	61,0110015869141
0,504709896631539	0,891352355957031	61,1110000610352
0,50552369793877	0,892561706542969	61,2109985351563
0,50633744103834	0,893886535644531	61,3110008239746
0,507151300553232	0,895325073242188	61,4109992980957
0,507965101860464	0,896822265625	61,5110015869141
0,508778844960034	0,8981279296875	61,6110000610352
0,509643577970564	0,899357971191406	61,7109985351563
0,510457321070135	0,900783752441406	61,8110008239746
0,511271180585027	0,902029357910156	61,9109992980957
0,512084981892258	0,903716369628906	62,0110015869141
0,512949656695127	0,905020690917969	62,1110000610352
0,513763399794698	0,90641845703125	62,2109985351563
0,514577201101929	0,907843444824219	62,3110008239746
0,515391060616821	0,909068481445313	62,4109992980957
0,51625567721203	0,910450805664063	62,5110015869141
0,517069536726922	0,911817504882813	62,6110000610352
0,51793415332213	0,913362670898438	62,7109985351563
0,518748012837023	0,914694763183594	62,8110008239746
0,519612629432231	0,915899841308594	62,9109992980957
0,520426430739462	0,917387329101563	63,0110015869141
0,521291105542332	0,918813110351563	63,1110000610352
0,522104906849563	0,920211853027344	63,2109985351563
0,522969523444772	0,921484985351563	63,3110008239746
0,523783382959664	0,922811767578125	63,4109992980957
0,524647999554873	0,9242783203125	63,5110015869141
0,525461859069765	0,925690612792969	63,6110000610352
0,526275660376996	0,926981567382813	63,7109985351563
0,527089403476566	0,928318908691406	63,8110008239746
0,527903262991458	0,929708740234375	63,9109992980957
0,528717064298689	0,930879699707031	64,0110015869141
0,52953080739826	0,932341918945313	64,1110000610352
0,530344666913152	0,933564819335938	64,2109985351563
0,531158468220383	0,934823181152344	64,3109970092773
0,531972211319953	0,936041137695313	64,411003112793
0,532786070834845	0,937537780761719	64,5110015869141
0,533650687430054	0,939026123046875	64,6110000610352
0,534464546944946	0,940218933105469	64,7109985351563
0,535278348252177	0,94142626953125	64,8109970092773
0,536092091351748	0,942980590820313	64,911003112793
0,53690595086664	0,944206481933594	65,0110015869141
0,537770567461848	0,945603393554688	65,1110000610352
0,53858442697674	0,946927368164063	65,2109985351563
0,539449043571949	0,948368286132813	65,3109970092773
0,540262903086841	0,949813537597656	65,411003112793
0,54112751968205	0,951120178222656	65,5110015869141
0,541941320989281	0,952402893066406	65,6110000610352
0,542805995792151	0,953818542480469	65,7109985351563
0,543619797099382	0,955219055175781	65,8109970092773
0,54448441369459	0,956549011230469	65,911003112793
0,545298273209482	0,957910034179688	66,0110015869141
0,546162889804691	0,959379699707031	66,1110000610352
0,547027564607561	0,960680114746094	66,2109985351563
0,547892297618091	0,962187744140625	66,3109970092773
0,548706040717661	0,963423706054688	66,411003112793
0,549519842024893	0,965111999511719	66,5110015869141
0,550384516827762	0,966127685546875	66,6110000610352
0,551198318134993	0,967351440429688	66,7109985351563
0,552012119442225	0,96883544921875	66,8109970092773
0,552825920749456	0,970214416503906	66,911003112793
0,553690595552325	0,971552062988281	67,0110015869141
0,554504396859556	0,972777893066406	67,1110000610352
0,555318198166788	0,974179931640625	67,2109985351563
0,556182872969657	0,975273376464844	67,3109970092773
0,556996616069227	0,976817504882813	67,411003112793
0,55781047558412	0,977967956542969	67,5110015869141
0,558624276891351	0,979365844726563	67,6110000610352
0,559438078198582	0,980753723144531	67,7109985351563
0,560251879505813	0,982157958984375	67,8109970092773
0,561116496101022	0,983533752441406	67,911003112793
0,561930355615914	0,984748901367188	68,0110015869141
0,562794972211123	0,985942138671875	68,1110000610352
0,563608831726015	0,987357971191406	68,2109985351563
0,564473448321223	0,988609680175781	68,3109970092773
0,565338123124093	0,990148559570313	68,411003112793
0,566151924431324	0,991521118164063	68,5110015869141
0,567016599234194	0,992601379394531	68,6110000610352
0,567830400541425	0,994088684082031	68,7109985351563
0,568695075344294	0,995322998046875	68,8109970092773
0,569559750147164	0,996648620605469	68,911003112793
0,570373551454395	0,998007141113281	69,0110015869141
0,571187294553965	0,999320007324219	69,1110000610352
0,572052027564496	1,00077716064453	69,2109985351563
0,572865770664066	1,00179461669922	69,3109970092773
0,573679630178958	1,00321881103516	69,411003112793
0,574493431486189	1,00430389404297	69,5110015869141
0,57530717458576	1,00553692626953	69,6110000610352
0,576121034100652	1,00683404541016	69,7109985351563
0,576934835407883	1,00819207763672	69,8109970092773
0,577748578507453	1,00937091064453	69,911003112793
0,578562438022345	1,01063214111328	70,0110015869141
0,579376239329576	1,01205651855469	70,1110000610352
0,580189982429147	1,01334692382813	70,2109985351563
0,581003841944039	1,01454809570313	70,3109970092773
0,58181764325127	1,01562738037109	70,411003112793
0,58263138635084	1,01692401123047	70,5110015869141
0,583445245865732	1,01837268066406	70,6110000610352
0,584309862460941	1,01975445556641	70,7109985351563
0,585123721975833	1,02090618896484	70,8109970092773
0,585937523283064	1,02213537597656	70,911003112793
0,586802198085934	1,02371954345703	71,0110015869141
0,587615941185504	1,02476916503906	71,1110000610352
0,588480674196035	1,02617333984375	71,2109985351563
0,589294417295605	1,02738720703125	71,3109970092773
0,590159092098475	1,02872570800781	71,411003112793
0,591023766901344	1,03004614257813	71,5110015869141
0,591888441704214	1,03143835449219	71,6110000610352
0,592702184803784	1,03276599121094	71,7109985351563
0,593566917814314	1,03418786621094	71,8109970092773
0,594380660913885	1,03558923339844	71,911003112793
0,595245335716754	1,03673999023438	72,0110015869141
0,596059137023985	1,03812768554688	72,1110000610352
0,596923811826855	1,03920593261719	72,2109985351563
0,597737613134086	1,040638671875	72,3109970092773
0,598551472648978	1,04202282714844	72,411003112793
0,599365215748549	1,04329663085938	72,5110015869141
0,60017901705578	1,04440661621094	72,6110000610352
0,600992876570672	1,04573803710938	72,7109985351563
0,60185749316588	1,04713720703125	72,8109970092773
0,602671352680773	1,0482880859375	72,911003112793
0,603485095780343	1,0501689453125	73,0110015869141
0,604298897087574	1,0506708984375	73,1110000610352
0,605163571890444	1,05209033203125	73,2109985351563
0,605977373197675	1,05323193359375	73,3109970092773
0,606791174504906	1,05447497558594	73,411003112793
0,607655849307776	1,05596862792969	73,5110015869141
0,608469650615007	1,05751806640625	73,6110000610352
0,609334267210215	1,05820129394531	73,7109985351563
0,610148126725107	1,05965588378906	73,8109970092773
0,611012743320316	1,06082568359375	73,911003112793
0,611826602835208	1,06211999511719	74,0110015869141
0,612691219430417	1,06344775390625	74,1110000610352
0,613505078945309	1,06487622070313	74,2109985351563
0,614369695540518	1,06607885742188	74,3109970092773
0,61518355505541	1,06714294433594	74,411003112793
0,616048171650618	1,06848254394531	74,5110015869141
0,61686197295785	1,06973095703125	74,6110000610352
0,617675774265081	1,07102673339844	74,7109985351563
0,618489575572312	1,07223828125	74,8109970092773
0,619303376879543	1,07350012207031	74,911003112793
0,620117178186774	1,07469311523438	75,0110015869141
0,620930979494005	1,07604211425781	75,1110000610352
0,621744839008898	1,07715563964844	75,2109985351563
0,622609455604106	1,07833227539063	75,3109970092773
0,623423256911337	1,07956591796875	75,411003112793
0,624237058218569	1,08080932617188	75,5110015869141
0,6250508595258	1,08197534179688	75,6110000610352
0,625864660833031	1,083259765625	75,7109985351563
0,626678462140262	1,0846396484375	75,8109970092773
0,627492263447493	1,08594470214844	75,911003112793
0,628356938250363	1,0867880859375	76,0110015869141
0,629170739557594	1,08834680175781	76,1110000610352
0,629984540864825	1,08940625	76,2109985351563
0,630798342172056	1,09066552734375	76,3109970092773
0,631612143479288	1,09171667480469	76,411003112793
0,632476818282157	1,09309753417969	76,5110015869141
0,633290561381727	1,09434985351563	76,6110000610352
0,634155294392258	1,09565197753906	76,7109985351563
0,634969037491828	1,09690734863281	76,8109970092773
0,635833712294698	1,09824963378906	76,911003112793
0,636698445305228	1,09936499023438	77,0110015869141
0,637563061900437	1,10078503417969	77,1110000610352
0,638376863207668	1,1020078125	77,2109985351563
0,639241538010538	1,10323413085938	77,3109970092773
0,640106212813407	1,10476501464844	77,411003112793
0,640970887616277	1,10600964355469	77,5110015869141
0,641784688923508	1,10729467773438	77,6110000610352
0,642649363726377	1,10832983398438	77,7109985351563
0,643463106825948	1,10964953613281	77,8109970092773
0,644276908133179	1,11084143066406	77,911003112793
0,645141582936049	1,1119736328125	78,0110015869141
0,64595538424328	1,11313330078125	78,1110000610352
0,646769243758172	1,11445031738281	78,2109985351563
0,647582986857742	1,11555944824219	78,3109970092773
0,648396788164973	1,11684033203125	78,411003112793
0,649261462967843	1,11797045898438	78,5110015869141
0,650075264275074	1,11909948730469	78,6110000610352
0,650889123789966	1,12031860351563	78,7109985351563
0,651702866889536	1,12145983886719	78,8109970092773
0,652567541692406	1,12272546386719	78,911003112793
0,653381342999637	1,1238671875	79,0110015869141
0,654195144306868	1,12513220214844	79,1110000610352
0,655059819109738	1,12665014648438	79,2109985351563
0,655873620416969	1,12729272460938	79,3109970092773
0,656738295219839	1,12854125976563	79,411003112793
0,657552038319409	1,13004040527344	79,5110015869141
0,658416771329939	1,13100610351563	79,6110000610352
0,65923051442951	1,13231860351563	79,7109985351563
0,660095189232379	1,13357653808594	79,8109970092773
0,66090899053961	1,13464074707031	79,911003112793
0,66177366534248	1,13589208984375	80,0110015869141
0,662587466649711	1,13683911132813	80,1110000610352
0,663452141452581	1,13689831542969	80,2109985351563
0,664265942759812	1,13884655761719	80,3109970092773
0,665079744067043	1,14027270507813	80,411003112793
0,665893545374274	1,14113684082031	80,5110015869141
0,666707346681505	1,14246716308594	80,6110000610352
0,667521206196398	1,14407250976563	80,7109985351563
0,668334949295968	1,14422119140625	80,8109970092773
0,669148750603199	1,14548876953125	80,911003112793
0,669962610118091	1,14701403808594	81,0110015869141
0,670776353217661	1,147794921875	81,1110000610352
0,671539281029254	1,14877722167969	81,2109985351563
0,672353082336485	1,15002160644531	81,3109970092773
0,673166941851377	1,15114916992188	81,411003112793
0,673980684950948	1,15196325683594	81,5110015869141
0,674845417961478	1,15337622070313	81,6110000610352
0,675659161061049	1,15436657714844	81,7109985351563
0,67647296236828	1,15548168945313	81,8109970092773
0,677286821883172	1,15679553222656	81,911003112793
0,67815143847838	1,15780334472656	82,0110015869141
0,678965297993273	1,15903503417969	82,1110000610352
0,679779041092843	1,16016271972656	82,2109985351563
0,680643715895712	1,16127062988281	82,3109970092773
0,681457517202944	1,16248840332031	82,411003112793
0,682322192005813	1,16339050292969	82,5110015869141
0,683135993313044	1,16483312988281	82,6110000610352
0,684000668115914	1,16597644042969	82,7109985351563
0,684865284711123	1,16707727050781	82,8109970092773
0,685729959513992	1,16848815917969	82,911003112793
0,686594692524523	1,16957189941406	83,0110015869141
0,687408435624093	1,17076928710938	83,1110000610352
0,688273110426962	1,17202429199219	83,2109985351563
0,689137785229832	1,17284411621094	83,3109970092773
0,689951586537063	1,17420336914063	83,411003112793
0,690816203132272	1,175314453125	83,5110015869141
0,691630062647164	1,1766357421875	83,6110000610352
0,692443863954395	1,17750952148438	83,7109985351563
0,693308538757265	1,17887329101563	83,8109970092773
0,694122340064496	1,17992639160156	83,911003112793
0,694936083164066	1,18079284667969	84,0110015869141
0,695749942678958	1,18212829589844	84,1110000610352
0,696614559274167	1,18313745117188	84,2109985351563
0,697428418789059	1,18427514648438	84,3109970092773
0,698242161888629	1,18531762695313	84,411003112793
0,69910689489916	1,18648095703125	84,5110015869141
0,69992063799873	1,18759399414063	84,6110000610352
0,700734439305961	1,18864233398438	84,7109985351563
0,701599114108831	1,18991271972656	84,8109970092773
0,702412915416062	1,19095642089844	84,911003112793
0,703277590218931	1,19199011230469	85,0110015869141
0,704091391526163	1,19316748046875	85,1110000610352
0,704956066329032	1,19421228027344	85,2109985351563
0,705769809428602	1,19533081054688	85,3109970092773
0,706634542439133	1,19647888183594	85,411003112793
0,707448285538703	1,19759130859375	85,5110015869141
0,708262145053595	1,19871618652344	85,6110000610352
0,709126761648804	1,19978759765625	85,7109985351563
0,709940621163696	1,20071557617188	85,8109970092773
0,710754422470927	1,20198229980469	85,911003112793
0,711568165570498	1,20291003417969	86,0110015869141
0,712432840373367	1,204138671875	86,1110000610352
0,713246641680598	1,2050537109375	86,2109985351563
0,71406050119549	1,20623620605469	86,3109970092773
0,714874244295061	1,20722424316406	86,411003112793
0,715688045602292	1,20818908691406	86,5110015869141
0,716501905117184	1,20935180664063	86,6110000610352
0,717315648216754	1,21040991210938	86,7109985351563
0,718129449523985	1,21155737304688	86,8109970092773
0,718943309038877	1,21252453613281	86,911003112793
0,719757052138448	1,2134267578125	87,0110015869141
0,720621785148978	1,2145654296875	87,1110000610352
0,721435528248549	1,21575720214844	87,2109985351563
0,72224932955578	1,21676538085938	87,3109970092773
0,723114004358649	1,21775622558594	87,411003112793
0,72392780566588	1,21873120117188	87,5110015869141
0,724741665180773	1,21984619140625	87,6110000610352
0,725606281775981	1,22081506347656	87,7109985351563
0,726420083083212	1,22185205078125	87,8109970092773
0,727284757886082	1,22283471679688	87,911003112793
0,728149432688951	1,22402709960938	88,0110015869141
0,729014107491821	1,2250263671875	88,1110000610352
0,72987872408703	1,22603259277344	88,2109985351563
0,730692583601922	1,22700939941406	88,3109970092773
0,73155720019713	1,22811413574219	88,411003112793
0,732421875	1,22905493164063	88,5110015869141
0,733235676307231	1,23015234375	88,6110000610352
0,734100351110101	1,23115148925781	88,7109985351563
0,734914152417332	1,23226770019531	88,8109970092773
0,735778827220201	1,23310375976563	88,911003112793
0,736592570319772	1,23395959472656	89,0110015869141
0,737406429834664	1,23504931640625	89,1110000610352
0,738220231141895	1,23622790527344	89,2109985351563
0,739033974241465	1,23682202148438	89,3109970092773
0,739898707251996	1,23787194824219	89,411003112793
0,740712450351566	1,23867395019531	89,5110015869141
0,741526309866458	1,23975598144531	89,6110000610352
0,742340111173689	1,24068054199219	89,7109985351563
0,74315385427326	1,24151953125	89,8109970092773
0,744018529076129	1,24246459960938	89,911003112793
0,74483233038336	1,24343518066406	90,0110015869141
0,745646189898252	1,24431372070313	90,1110000610352
0,746510806493461	1,245373046875	90,2109985351563
0,747324666008353	1,24641198730469	90,3109970092773
0,748189282603562	1,24731201171875	90,411003112793
0,749003083910793	1,24835571289063	90,5110015869141
0,749867758713663	1,24899462890625	90,6110000610352
0,750681560020894	1,25019885253906	90,7109985351563
0,751546176616102	1,25119885253906	90,8109970092773
0,752360036130995	1,25213220214844	90,911003112793
0,753224652726203	1,25307202148438	91,0110015869141
0,754089327529073	1,25433740234375	91,1110000610352
0,754903128836304	1,25503442382813	91,2109985351563
0,755767803639174	1,25604931640625	91,3109970092773
0,756632478442043	1,25692578125	91,411003112793
0,757446279749274	1,2578994140625	91,5110015869141
0,758260081056505	1,2588486328125	91,6110000610352
0,759073940571398	1,25986499023438	91,7109985351563
0,759887683670968	1,260646484375	91,8109970092773
0,760752358473837	1,26138403320313	91,911003112793
0,761566159781069	1,26254724121094	92,0110015869141
0,7623799610883	1,26316076660156	92,1110000610352
0,763193762395531	1,26414074707031	92,2109985351563
0,764007563702762	1,26491149902344	92,3109970092773
0,764821365009993	1,26578967285156	92,411003112793
0,765635166317225	1,26675512695313	92,5110015869141
0,766499841120094	1,26757543945313	92,6110000610352
0,767313642427325	1,2684404296875	92,7109985351563
0,768127443734556	1,26932385253906	92,8109970092773
0,768992118537426	1,27028588867188	92,911003112793
0,769805919844657	1,27123571777344	93,0110015869141
0,770619662944227	1,27203515625	93,1110000610352
0,771484395954758	1,27286267089844	93,2109985351563
0,772298139054328	1,273765625	93,3109970092773
0,77311199856922	1,27473950195313	93,411003112793
0,773976615164429	1,2756962890625	93,5110015869141
0,774841289967299	1,27657214355469	93,6110000610352
0,77565509127453	1,2774443359375	93,7109985351563
0,776519766077399	1,27835571289063	93,8109970092773
0,777384440880269	1,27940417480469	93,911003112793
0,7781982421875	1,28028161621094	94,0110015869141
0,77906291699037	1,28102282714844	94,1110000610352
0,779876718297601	1,28198498535156	94,2109985351563
0,78074139310047	1,28277099609375	94,3109970092773
0,781555194407701	1,28374621582031	94,411003112793
0,782368937507272	1,28452404785156	94,5110015869141
0,783233670517802	1,28536389160156	94,6110000610352
0,784047413617373	1,28613781738281	94,7109985351563
0,784861273132265	1,28701672363281	94,8109970092773
0,785675074439496	1,28780395507813	94,911003112793
0,786539749242365	1,28876696777344	95,0110015869141
0,787353492341936	1,28945837402344	95,1110000610352
0,788167293649167	1,2904794921875	95,2109985351563
0,788981153164059	1,2911796875	95,3109970092773
0,789845769759268	1,292009765625	95,411003112793
0,79065962927416	1,2927353515625	95,5110015869141
0,79147337237373	1,29350231933594	95,6110000610352
0,7923380471766	1,2943037109375	95,7109985351563
0,793151848483831	1,29514782714844	95,8109970092773
0,793965649791062	1,29583642578125	95,911003112793
0,794830324593931	1,2966767578125	96,0110015869141
0,795694999396801	1,29736547851563	96,1110000610352
0,796508800704032	1,29821264648438	96,2109985351563
0,797373475506902	1,29889172363281	96,3109970092773
0,798187276814133	1,29978491210938	96,411003112793
0,799051951617002	1,30052648925781	96,5110015869141
0,799865694716573	1,30117456054688	96,6110000610352
0,800730427727103	1,30206726074219	96,7109985351563
0,801544170826674	1,30271252441406	96,8109970092773
0,802357972133905	1,303328125	96,911003112793
0,803222646936774	1,30391259765625	97,0110015869141
0,804036448244005	1,30447058105469	97,1110000610352
0,804850307758898	1,30508044433594	97,2109985351563
0,805664050858468	1,30553527832031	97,3109970092773
0,806477852165699	1,30621667480469	97,411003112793
0,807291711680591	1,30668640136719	97,5110015869141
0,808105454780161	1,30737927246094	97,6110000610352
0,808919256087393	1,30780249023438	97,7109985351563
0,809733115602285	1,30835900878906	97,8109970092773
0,810546858701855	1,30879528808594	97,911003112793
0,811360660009086	1,30922509765625	98,0110015869141
0,812174519523978	1,30962219238281	98,1110000610352
0,812988262623549	1,310078125	98,2109985351563
0,81380206393078	1,31048559570313	98,3109970092773
0,814666738733649	1,31096020507813	98,411003112793
0,81548054004088	1,31132727050781	98,5110015869141
0,816294399555773	1,31165563964844	98,6110000610352
0,817159016150981	1,31192565917969	98,7109985351563
0,817972817458212	1,31204064941406	98,8109970092773
0,818837492261082	1,31223840332031	98,911003112793
0,819702167063951	1,31233215332031	99,0110015869141
0,820515910163522	1,31213806152344	99,1110000610352
0,821380643174052	1,31216064453125	99,2109985351563
0,822245317976922	1,31171862792969	99,3109970092773
0,82310993457213	1,31128381347656	99,411003112793
0,823923794087023	1,31073303222656	99,5110015869141
0,824788410682231	1,30892004394531	99,6110000610352
0,825653085485101	1,30643334960938	99,7109985351563
0,826466886792332	1,30265344238281	99,8109970092773
0,827331561595201	1,29587487792969	99,911003112793
0,828196236398071	1,24847607421875	100,011001586914
0,82962034502998	-0,0642093353271484	100,027000427246
