File Path: D:\Ensayos Víctor\Fase II\PLA virgen\Test Run 4 16-05-2019 11 01 42\DAQ- Crosshead; … - (Timed).txt   
Test: ENSAYOS TRACCION PLA 2
Test Run: Test Run 4
Date: 16/05/2019 10:58:00


Crosshead 	Load 	Time 
mm	kN	sec
0,000203450511548908	0,061877815246582	0,111000001430511
0,00055948896715563	0,06203662109375	0,210999995470047
0,00127156579310395	0,0634724082946777	0,310999989509583
0,002085367896143	0,0643492279052734	0,41100001335144
0,00289916988549521	0,0650620651245117	0,510999977588654
0,00376383468392305	0,0654008026123047	0,611000001430511
0,00457763690064894	0,0656217880249023	0,711000025272369
0,00544230124432943	0,0658039398193359	0,810999989509583
0,00625610346105532	0,0660685195922852	0,91100001335144
0,00712076825948316	0,0661932220458984	1,0110000371933
0,00798543260316364	0,0661464614868164	1,11099994182587
0,00885009740159148	0,0664258728027344	1,21099996566772
0,00966389961831737	0,0666519012451172	1,31099998950958
0,0105285644167452	0,0669249877929688	1,41100001335144
0,0113932292151731	0,0669096527099609	1,5110000371933
0,0122578940136009	0,0672922134399414	1,61099994182587
0,0130716962303268	0,0673143081665039	1,71099996566772
0,0139363601192599	0,0676421356201172	1,81099998950958
0,0147501632454805	0,0678515167236328	1,91100001335144
0,0156148271344136	0,0686239547729492	2,01099991798401
0,0164286284416448	0,0688439636230469	2,11100006103516
0,0172424315678654	0,0694569778442383	2,21099996566772
0,0181070954567986	0,0699728698730469	2,31100010871887
0,0189208985830192	0,0706704940795898	2,41100001335144
0,0197347017092397	0,0711893157958984	2,51099991798401
0,0205485011974815	0,0716980209350586	2,61100006103516
0,0214131687243935	0,0721788177490234	2,71099996566772
0,0222269682126353	0,0727965316772461	2,81100010871887
0,0230407713388558	0,0734671630859375	2,91100001335144
0,0238545744650764	0,0738644332885742	3,01099991798401
0,0247192383540096	0,0742785797119141	3,11100006103516
0,0255330414802302	0,0746664123535156	3,21099996566772
0,0263977053691633	0,0751814956665039	3,31100010871887
0,0272115084953839	0,0754020233154297	3,41100001335144
0,028076172384317	0,0756765747070313	3,51099991798401
0,0288899736915482	0,0759293746948242	3,61100006103516
0,0297546393994708	0,0763190002441406	3,71099996566772
0,0306193032884039	0,0763830413818359	3,81100010871887
0,031483967177337	0,0766029815673828	3,91100001335144
0,032297772122547	0,0768735733032227	4,01100015640259
0,0331624323735014	0,0772614212036133	4,11100006103516
0,0340270999004133	0,0776503067016602	4,21099996566772
0,0348409012076445	0,077855598449707	4,31099987030029
0,0357055650965776	0,0789016418457031	4,41099977493286
0,0365702326234896	0,0792499389648438	4,51100015640259
0,0373840339307208	0,079671028137207	4,61100006103516
0,0382486978196539	0,0801653594970703	4,71099996566772
0,0390624991268851	0,0808879089355469	4,81099987030029
0,039927166653797	0,0815305023193359	4,91099977493286
0,0407409679610282	0,082325813293457	5,01100015640259
0,0415547692682594	0,0831628265380859	5,11100006103516
0,0423685705754906	0,0840023956298828	5,21099996566772
0,0432332344644237	0,0846105804443359	5,31099987030029
0,0440470394096337	0,0855019149780273	5,41099977493286
0,0449116996605881	0,0864018020629883	5,51100015640259
0,0457255046057981	0,0878802261352539	5,61100006103516
0,0465901684947312	0,0892817230224609	5,71099996566772
0,0474039734399412	0,0908289108276367	5,81099987030029
0,0482177747471724	0,0923990707397461	5,91099977493286
0,0490824386361055	0,0939549713134766	6,01100015640259
0,0499471025250386	0,0954913940429688	6,11100006103516
0,0507609074702486	0,0971825942993164	6,21099996566772
0,051625567721203	0,0985829086303711	6,31099987030029
0,052439372666413	0,10024634552002	6,41099977493286
0,0533040365553461	0,101733627319336	6,51100015640259
0,0541178415005561	0,103333984375	6,61100006103516
0,0549825017515104	0,104853775024414	6,71099996566772
0,0557963066967204	0,106385673522949	6,81099987030029
0,0566609705856536	0,107999710083008	6,91099977493286
0,0574747718928847	0,109563697814941	7,01100015640259
0,0582885732001159	0,110960395812988	7,11100006103516
0,0591532407270279	0,112533760070801	7,21099996566772
0,0599670420342591	0,114052879333496	7,31099987030029
0,0607808433414903	0,115491348266602	7,41099977493286
0,0615946482867002	0,116983932495117	7,51100015640259
0,0624084495939314	0,118591064453125	7,61100006103516
0,0632222509011626	0,119918571472168	7,71099996566772
0,0640360522083938	0,121264434814453	7,81099987030029
0,064849853515625	0,122660163879395	7,91099977493286
0,0656636548228562	0,123904441833496	8,01099967956543
0,0664774561300874	0,125278442382813	8,11100006103516
0,0672912574373186	0,126568061828613	8,21100044250488
0,0681559249642305	0,127777267456055	8,31099987030029
0,0689697262714617	0,128764709472656	8,41100025177002
0,0697835275786929	0,129668655395508	8,51099967956543
0,0706481951056048	0,130575286865234	8,61100006103516
0,071461996412836	0,131547027587891	8,71100044250488
0,0722757977200672	0,132783142089844	8,81099987030029
0,0731404652469791	0,133631820678711	8,91100025177002
0,0740051254979335	0,134812805175781	9,01099967956543
0,0748189340811223	0,135948333740234	9,11100006103516
0,0756835943320766	0,137114776611328	9,21100044250488
0,0764973956393078	0,138181945800781	9,31099987030029
0,0773620631662197	0,139263061523438	9,41100025177002
0,0782267234171741	0,140633148193359	9,51099967956543
0,079091390944086	0,141662384033203	9,61100006103516
0,0799560511950403	0,142938293457031	9,71100044250488
0,0807698597782291	0,144072341918945	9,81099987030029
0,0816345200291835	0,145293258666992	9,91100025177002
0,0824991802801378	0,146368377685547	10,0109996795654
0,0833129888633266	0,147704788208008	10,1110000610352
0,0841267901705578	0,149058822631836	10,2110004425049
0,0849914576974697	0,150528854370117	10,3109998703003
0,0858052590047009	0,15175813293457	10,41100025177
0,0866190603119321	0,153399200439453	10,5109996795654
0,0874328616191633	0,154820251464844	10,6110000610352
0,0882466629263945	0,156396865844727	10,7110004425049
0,0891113304533064	0,157641082763672	10,8109998703003
0,0899251317605376	0,159197952270508	10,91100025177
0,0907389330677688	0,16041194152832	11,0109996795654
0,0916036005946808	0,161900512695313	11,1110000610352
0,0924173946259543	0,162929733276367	11,2110004425049
0,0932312032091431	0,164001983642578	11,3109998703003
0,0940958634600975	0,165246109008789	11,41100025177
0,0949096647673287	0,166393692016602	11,5109996795654
0,0957743322942406	0,167666580200195	11,6110000610352
0,0965881336014718	0,168997314453125	11,7110004425049
0,0974527938524261	0,170346328735352	11,8109998703003
0,0982666024356149	0,171995269775391	11,91100025177
0,0991312626865692	0,17365950012207	12,0109996795654
0,0999959302134812	0,175397048950195	12,1110000610352
0,100809731520712	0,177360809326172	12,2110004425049
0,101623532827944	0,179353744506836	12,3109998703003
0,102488200354856	0,181122116088867	12,41100025177
0,103352867881767	0,182944442749023	12,5109996795654
0,104166661913041	0,184739532470703	12,6110000610352
0,10498047049623	0,186600372314453	12,7110004425049
0,105845130747184	0,188417526245117	12,8109998703003
0,106658932054415	0,190069046020508	12,91100025177
0,107472740637604	0,192080657958984	13,0109996795654
0,108286534668878	0,19389111328125	13,1110000610352
0,109100343252067	0,195837432861328	13,2110004425049
0,109914144559298	0,197502182006836	13,3109998703003
0,110727945866529	0,199305282592773	13,41100025177
0,11154174717376	0,201076751708984	13,5109996795654
0,112355555756949	0,202990737915039	13,6110000610352
0,113220216007903	0,204810531616211	13,7110004425049
0,114034017315134	0,206687255859375	13,8109998703003
0,114847818622366	0,208553970336914	13,91100025177
0,115661619929597	0,210274002075195	14,0109996795654
0,116526280180551	0,212280517578125	14,1110000610352
0,11734008876374	0,214128753662109	14,2110004425049
0,118204749014694	0,215946258544922	14,3109998703003
0,119018557597883	0,218090133666992	14,41100025177
0,119883217848837	0,219813461303711	14,5109996795654
0,120697019156069	0,221673370361328	14,6110000610352
0,121561686682981	0,223785903930664	14,7110004425049
0,122375495266169	0,225488830566406	14,8109998703003
0,123240155517124	0,227436920166016	14,91100025177
0,124104815768078	0,229393218994141	15,0109996795654
0,124969476019032	0,231407287597656	15,1110000610352
0,125783277326263	0,233184326171875	15,2110004425049
0,126647952129133	0,235133453369141	15,3109998703003
0,127461753436364	0,237288177490234	15,41100025177
0,128326413687319	0,239224533081055	15,5109996795654
0,12914021499455	0,241099563598633	15,6110000610352
0,130004889797419	0,243011489868164	15,7110004425049
0,130818676552735	0,244867462158203	15,8109998703003
0,131632492411882	0,246957992553711	15,91100025177
0,132497152662836	0,248536911010742	16,0109996795654
0,133310953970067	0,250511535644531	16,1110000610352
0,134124755277298	0,252454772949219	16,2110004425049
0,13493855658453	0,254475112915039	16,3110008239746
0,135803216835484	0,256406066894531	16,4109992980957
0,136617018142715	0,25830908203125	16,5109996795654
0,137430834001862	0,260201019287109	16,6110000610352
0,138244635309093	0,262197570800781	16,7110004425049
0,139058422064409	0,264154876708984	16,8110008239746
0,139923096867278	0,266022613525391	16,9109992980957
0,140736898174509	0,268078063964844	17,0109996795654
0,141550699481741	0,270071807861328	17,1110000610352
0,142415359732695	0,272169036865234	17,2110004425049
0,143280034535564	0,274011169433594	17,3110008239746
0,14409382129088	0,276050567626953	17,4109992980957
0,14495849609375	0,27811962890625	17,5109996795654
0,145772297400981	0,280036468505859	17,6110000610352
0,146636957651936	0,282090148925781	17,7110004425049
0,147450758959167	0,284165191650391	17,8110008239746
0,148315433762036	0,285987091064453	17,9109992980957
0,149129220517352	0,288170196533203	18,0109996795654
0,149943036376499	0,290207794189453	18,1110000610352
0,150807696627453	0,292134124755859	18,2110004425049
0,151621512486599	0,293773834228516	18,3110008239746
0,152435299241915	0,295875854492188	18,4109992980957
0,153249100549147	0,298082641601563	18,5109996795654
0,154062916408293	0,300127746582031	18,6110000610352
0,154876703163609	0,301947021484375	18,7110004425049
0,15569050447084	0,303800842285156	18,8110008239746
0,15655517927371	0,305773010253906	18,9109992980957
0,157318121637218	0,30783837890625	19,0109996795654
0,158131908392534	0,309610870361328	19,1110000610352
0,158996583195403	0,311408416748047	19,2110004425049
0,159810384502634	0,313356719970703	19,3110008239746
0,160624185809866	0,315542663574219	19,4109992980957
0,161437987117097	0,317567230224609	19,5109996795654
0,162251788424328	0,319524261474609	19,6110000610352
0,163116448675282	0,321739776611328	19,7110004425049
0,163930249982513	0,323720672607422	19,8110008239746
0,164794924785383	0,325782440185547	19,9109992980957
0,165608726092614	0,32747265625	20,0109996795654
0,166473386343569	0,329902099609375	20,1110000610352
0,1672871876508	0,331966156005859	20,2110004425049
0,168151862453669	0,333659942626953	20,3110008239746
0,168965649208985	0,336036102294922	20,4109992980957
0,169830324011855	0,338110290527344	20,5109996795654
0,170694998814724	0,34013623046875	20,6110000610352
0,17150878557004	0,342180267333984	20,7110004425049
0,17237346037291	0,343977264404297	20,8110008239746
0,173238120623864	0,346799530029297	20,9109992980957
0,174051921931095	0,348291168212891	21,0109996795654
0,17491658218205	0,350298980712891	21,1110000610352
0,175730398041196	0,352665924072266	21,2110004425049
0,176595043740235	0,354585327148438	21,3110008239746
0,177408859599382	0,357102630615234	21,4109992980957
0,178222660906613	0,358589111328125	21,5109996795654
0,179087321157567	0,360851654052734	21,6110000610352
0,179901122464798	0,362659057617188	21,7110004425049
0,18071492377203	0,364010833740234	21,8110008239746
0,181528725079261	0,366593994140625	21,9109992980957
0,182342526386492	0,368529327392578	22,0109996795654
0,183156327693723	0,370505676269531	22,1110000610352
0,184021002496593	0,372525421142578	22,2110004425049
0,184834789251909	0,374626922607422	22,3110008239746
0,185648605111055	0,376616790771484	22,4109992980957
0,186513265362009	0,379207305908203	22,5109996795654
0,187327066669241	0,381197418212891	22,6110000610352
0,188191726920195	0,382954956054688	22,7110004425049
0,189005542779341	0,385092926025391	22,8110008239746
0,189819329534657	0,387081237792969	22,9109992980957
0,190684004337527	0,388923706054688	23,0109996795654
0,191497805644758	0,391163696289063	23,1110000610352
0,192311606951989	0,393324188232422	23,2110004425049
0,193176267202944	0,395187591552734	23,3110008239746
0,193990068510175	0,397071899414063	23,4109992980957
0,194854743313044	0,399584533691406	23,5109996795654
0,19566853006836	0,401613739013672	23,6110000610352
0,19653320487123	0,403349792480469	23,7110004425049
0,197347006178461	0,405484222412109	23,8110008239746
0,198211666429415	0,407209320068359	23,9109992980957
0,199025467736647	0,409506958007813	24,0109996795654
0,199839283595793	0,411759033203125	24,1110000610352
0,200653070351109	0,41387646484375	24,2110004425049
0,20146687165834	0,415133941650391	24,3110008239746
0,202280687517487	0,417348815917969	24,4109992980957
0,203094488824718	0,4194013671875	24,5109996795654
0,203908275580034	0,421350128173828	24,6110000610352
0,20472209143918	0,423331909179688	24,7110004425049
0,205535892746411	0,425225311279297	24,8110008239746
0,206400552997366	0,427389312744141	24,9109992980957
0,207214354304597	0,429601226806641	25,0109996795654
0,208028155611828	0,431363403320313	25,1110000610352
0,208841971470974	0,433422729492188	25,2110004425049
0,20965575822629	0,435925964355469	25,3110008239746
0,21052043302916	0,437955078125	25,4109992980957
0,211334234336391	0,440206085205078	25,5109996795654
0,212198894587345	0,442138610839844	25,6110000610352
0,213012695894577	0,444021697998047	25,7110004425049
0,213826497201808	0,446317810058594	25,8110008239746
0,214691157452762	0,448449462890625	25,9109992980957
0,215555832255632	0,450538726806641	26,0109996795654
0,216369633562863	0,452606109619141	26,1110000610352
0,217234293813817	0,45486474609375	26,2110004425049
0,218098954064772	0,456847625732422	26,3110008239746
0,218963628867641	0,459074829101563	26,4109992980957
0,219828289118595	0,461118835449219	26,5109996795654
0,220642090425827	0,463360900878906	26,6110000610352
0,221506765228696	0,465357757568359	26,7110004425049
0,222371410927735	0,467642456054688	26,8110008239746
0,223185226786882	0,470111053466797	26,9109992980957
0,224049887037836	0,471839660644531	27,0109996795654
0,224863688345067	0,473641662597656	27,1110000610352
0,225677489652298	0,475789459228516	27,2110004425049
0,22649129095953	0,477943054199219	27,3110008239746
0,227305092266761	0,480113220214844	27,4109992980957
0,228169752517715	0,481876342773438	27,5109996795654
0,228983568376862	0,483893035888672	27,6110000610352
0,229797369684093	0,486277282714844	27,7110004425049
0,230611156439409	0,488127685546875	27,8110008239746
0,231475831242278	0,489691284179688	27,9109992980957
0,232289632549509	0,49194677734375	28,0109996795654
0,233103433856741	0,494308471679688	28,1110000610352
0,233968094107695	0,496094604492188	28,2110004425049
0,234781909966841	0,4983642578125	28,3110008239746
0,235595696722157	0,500414001464844	28,4109992980957
0,236460371525027	0,502292144775391	28,5109996795654
0,237274172832258	0,504155120849609	28,6110000610352
0,238138833083212	0,506284820556641	28,7110004425049
0,238952634390444	0,508628082275391	28,8110008239746
0,239766435697675	0,510294281005859	28,9109992980957
0,240631110500544	0,51252001953125	29,0109996795654
0,24144489725586	0,514615234375	29,1110000610352
0,24230957205873	0,517286499023438	29,2110004425049
0,243123373365961	0,518953186035156	29,3110008239746
0,243988033616915	0,521121765136719	29,4109992980957
0,244801834924147	0,523021484375	29,5109996795654
0,245615636231378	0,524902282714844	29,6110000610352
0,246429437538609	0,527241149902344	29,7110004425049
0,24724323884584	0,529085388183594	29,8110008239746
0,248057040153071	0,53094677734375	29,9109992980957
0,248870841460302	0,533163635253906	30,0109996795654
0,249684642767534	0,534743591308594	30,1110000610352
0,250498444074765	0,5367880859375	30,2110004425049
0,251312245381996	0,538920288085938	30,3110008239746
0,252126075793058	0,540975280761719	30,4109992980957
0,252939847996458	0,542981384277344	30,5109996795654
0,253804522799328	0,545148864746094	30,6110000610352
0,254618324106559	0,547183166503906	30,7110004425049
0,25543212541379	0,549294921875	30,8110008239746
0,256296771112829	0,551341186523438	30,9109992980957
0,257110601523891	0,553523132324219	31,0109996795654
0,257924402831122	0,555568359375	31,1110000610352
0,258789048530161	0,557617797851563	31,2110004425049
0,259602878941223	0,559607055664063	31,3110008239746
0,260467524640262	0,561785461425781	31,4109992980957
0,261281355051324	0,564509704589844	31,5109996795654
0,262146000750363	0,565955810546875	31,6110000610352
0,263010646449402	0,568047241210938	31,7110004425049
0,263875321252272	0,570310974121094	31,8110008239746
0,264689122559503	0,572424438476563	31,9109992980957
0,265553797362372	0,574360412597656	32,0110015869141
0,266418443061411	0,576280883789063	32,1110000610352
0,267232273472473	0,578662536621094	32,2109985351563
0,268046045675874	0,580544555664063	32,3110008239746
0,268910749582574	0,582590148925781	32,4109992980957
0,269724521785975	0,584698120117188	32,5110015869141
0,270538323093206	0,586670776367188	32,6110000610352
0,271352153504267	0,588444030761719	32,7109985351563
0,272216799203306	0,590925415039063	32,8110008239746
0,273030600510538	0,592595520019531	32,9109992980957
0,273844401817769	0,594719909667969	33,0110015869141
0,274658203125	0,596707580566406	33,1110000610352
0,275472004432231	0,598920654296875	33,2109985351563
0,276285805739462	0,600862060546875	33,3110008239746
0,277150480542332	0,602611145019531	33,4109992980957
0,277964252745733	0,6044052734375	33,5110015869141
0,278778083156794	0,607246520996094	33,6110000610352
0,279591884464026	0,608792297363281	33,7109985351563
0,280456530163065	0,610895324707031	33,8110008239746
0,281270360574126	0,612855407714844	33,9109992980957
0,282084132777527	0,615112121582031	34,0110015869141
0,282948807580397	0,61711474609375	34,1110000610352
0,283762608887628	0,619113220214844	34,2109985351563
0,284576410194859	0,620951293945313	34,3110008239746
0,285441084997728	0,623504089355469	34,4109992980957
0,286305759800598	0,625069763183594	34,5110015869141
0,287119532003999	0,627065673828125	34,6110000610352
0,287984235910699	0,629414611816406	34,7109985351563
0,2887980081141	0,631159362792969	34,8110008239746
0,289662682916969	0,633622680664063	34,9109992980957
0,2904764842242	0,635453369140625	35,0110015869141
0,291290285531431	0,637620910644531	35,1110000610352
0,292154931230471	0,639533508300781	35,2109985351563
0,292968761641532	0,641523193359375	35,3110008239746
0,293782562948763	0,643725646972656	35,4109992980957
0,294545490760356	0,645517517089844	35,5110015869141
0,295359292067587	0,647381042480469	35,6110000610352
0,296223966870457	0,649513916015625	35,7109985351563
0,297037739073858	0,651249877929688	35,8110008239746
0,297851569484919	0,65357421875	35,9109992980957
0,298665370792151	0,65552685546875	36,0110015869141
0,299479142995551	0,657461669921875	36,1110000610352
0,300292973406613	0,659566345214844	36,2109985351563
0,301106774713844	0,661392578125	36,3110008239746
0,301971449516714	0,663368774414063	36,4109992980957
0,302785250823945	0,665560729980469	36,5110015869141
0,303649896522984	0,667691223144531	36,6110000610352
0,304463726934046	0,66968896484375	36,7109985351563
0,305328372633085	0,671813354492188	36,8110008239746
0,306193018332124	0,673778015136719	36,9109992980957
0,307006848743185	0,676251953125	37,0110015869141
0,307871494442225	0,678066711425781	37,1110000610352
0,308685295749456	0,679822509765625	37,2109985351563
0,309549970552325	0,682146240234375	37,3110008239746
0,310414645355195	0,684469360351563	37,4109992980957
0,311228417558596	0,685978149414063	37,5110015869141
0,312093121465296	0,688251220703125	37,6110000610352
0,312957767164335	0,690587341308594	37,7109985351563
0,313771568471566	0,692413208007813	37,8110008239746
0,314636243274435	0,694480041503906	37,9109992980957
0,315450044581667	0,696703430175781	38,0110015869141
0,316263816785067	0,698753967285156	38,1110000610352
0,317128520691767	0,700488891601563	38,2109985351563
0,317942292895168	0,702534484863281	38,3110008239746
0,318756094202399	0,704722900390625	38,4109992980957
0,319569924613461	0,706553283691406	38,5110015869141
0,320383696816862	0,708599304199219	38,6110000610352
0,321248371619731	0,710662048339844	38,7109985351563
0,322062172926962	0,7126572265625	38,8110008239746
0,322875974234194	0,714841369628906	38,9109992980957
0,323689775541425	0,716808776855469	39,0110015869141
0,324554450344294	0,719051086425781	39,1110000610352
0,325368251651526	0,720639587402344	39,2109985351563
0,326182023854926	0,723253967285156	39,3110008239746
0,327046727761626	0,724695495605469	39,4109992980957
0,327860499965027	0,726816955566406	39,5110015869141
0,328725174767897	0,728765075683594	39,6110000610352
0,329538976075128	0,730787353515625	39,7109985351563
0,330352777382359	0,732877258300781	39,8110008239746
0,331217452185228	0,73505712890625	39,9109992980957
0,33203125349246	0,737263000488281	40,0110015869141
0,332895899191499	0,739144470214844	40,1110000610352
0,333760603098199	0,74091357421875	40,2109985351563
0,3345743753016	0,742923645019531	40,3110008239746
0,335439050104469	0,744916259765625	40,4109992980957
0,3362528514117	0,746827209472656	40,5110015869141
0,337066652718931	0,749217895507813	40,6110000610352
0,337931298417971	0,751177490234375	40,7109985351563
0,338745128829032	0,753103576660156	40,8110008239746
0,339558930136263	0,755072937011719	40,9109992980957
0,340372702339664	0,757013061523438	41,0110015869141
0,341186532750726	0,759001098632813	41,1110000610352
0,342000334057957	0,760935546875	41,2109985351563
0,342814106261358	0,763004150390625	41,3110008239746
0,343627936672419	0,76485302734375	41,4109992980957
0,344441737979651	0,766853149414063	41,5110015869141
0,345255510183051	0,769029846191406	41,6110000610352
0,346069340594113	0,770627014160156	41,7109985351563
0,346883141901344	0,772518371582031	41,8110008239746
0,347696943208575	0,774598571777344	41,9109992980957
0,348510744515806	0,776254760742188	42,0110015869141
0,349324545823038	0,778708862304688	42,1110000610352
0,350189220625907	0,780369140625	42,2109985351563
0,351003021933138	0,782496520996094	42,3110008239746
0,351816794136539	0,784532653808594	42,4109992980957
0,352681498043239	0,786374389648438	42,5110015869141
0,35349527024664	0,788687805175781	42,6110000610352
0,354309071553871	0,790236267089844	42,7109985351563
0,355173746356741	0,792484252929688	42,8110008239746
0,355987547663972	0,794404541015625	42,9109992980957
0,356852193363011	0,796328247070313	43,0110015869141
0,357716897269711	0,798793090820313	43,1110000610352
0,35858154296875	0,800641296386719	43,2109985351563
0,359395344275981	0,80269482421875	43,3110008239746
0,360260019078851	0,804690307617188	43,4109992980957
0,361073820386082	0,806591186523438	43,5110015869141
0,361887592589483	0,808672424316406	43,6110000610352
0,362752296496183	0,810581848144531	43,7109985351563
0,363566068699583	0,812575439453125	43,8110008239746
0,364379870006815	0,814470581054688	43,9109992980957
0,365244544809684	0,816614868164063	44,0110015869141
0,366058346116915	0,818429870605469	44,1110000610352
0,366872147424147	0,820413330078125	44,2109985351563
0,367685948731378	0,822254943847656	44,3110008239746
0,368499750038609	0,824339416503906	44,4109992980957
0,369364424841478	0,826185119628906	44,5110015869141
0,37017822614871	0,8282197265625	44,6110000610352
0,370992027455941	0,830269165039063	44,7109985351563
0,37185670225881	0,832475830078125	44,8110008239746
0,372670503566042	0,834205505371094	44,9109992980957
0,373535149265081	0,836409240722656	45,0110015869141
0,374348979676142	0,838411804199219	45,1110000610352
0,375162751879543	0,840448974609375	45,2109985351563
0,376027426682413	0,842451721191406	45,3110008239746
0,376841227989644	0,844663146972656	45,4109992980957
0,377705902792513	0,846603820800781	45,5110015869141
0,378570548491552	0,848489013671875	45,6110000610352
0,379384378902614	0,8503671875	45,7109985351563
0,380249024601653	0,85244091796875	45,8110008239746
0,381062825908884	0,854451965332031	45,9109992980957
0,381927500711754	0,856455993652344	46,0110015869141
0,382741302018985	0,858380737304688	46,1110000610352
0,383555074222386	0,860445983886719	46,2109985351563
0,384368904633448	0,862415222167969	46,3110008239746
0,385233550332487	0,864345153808594	46,4109992980957
0,386047351639718	0,866464721679688	46,5110015869141
0,386861182050779	0,868320983886719	46,6110000610352
0,38767495425418	0,870230529785156	46,7109985351563
0,388488755561411	0,872140991210938	46,8110008239746
0,389302585972473	0,874125915527344	46,9109992980957
0,390116358175874	0,875961242675781	47,0110015869141
0,390930188586935	0,878258178710938	47,1110000610352
0,391743989894167	0,880234069824219	47,2109985351563
0,392557762097567	0,881807922363281	47,3110008239746
0,393371592508629	0,883882629394531	47,4109992980957
0,39418539381586	0,885867797851563	47,5110015869141
0,395050039514899	0,887737365722656	47,6110000610352
0,395863869925961	0,889968200683594	47,7109985351563
0,396728515625	0,891708618164063	47,8110008239746
0,397542316932231	0,893841857910156	47,9109992980957
0,398356118239462	0,895786437988281	48,0110015869141
0,399220793042332	0,897672241210938	48,1110000610352
0,400034565245733	0,899741088867188	48,2109985351563
0,400899269152433	0,901774291992188	48,3110008239746
0,401763914851472	0,903813720703125	48,4109992980957
0,402577716158703	0,905840087890625	48,5110015869141
0,403442390961573	0,907869323730469	48,6110000610352
0,404307036660612	0,909844482421875	48,7109985351563
0,405120837967843	0,911809509277344	48,8110008239746
0,405985512770712	0,913923278808594	48,9109992980957
0,406850187573582	0,915717529296875	49,0110015869141
0,407663959776983	0,917862365722656	49,1110000610352
0,408477790188044	0,919877624511719	49,2109985351563
0,409342435887083	0,921691833496094	49,3110008239746
0,410156237194315	0,923629577636719	49,4109992980957
0,410970067605376	0,925542663574219	49,5110015869141
0,411783839808777	0,927293273925781	49,6110000610352
0,412648514611647	0,929303283691406	49,7109985351563
0,413462315918878	0,931274230957031	49,8110008239746
0,414276117226109	0,933123596191406	49,9109992980957
0,415089947637171	0,935007934570313	50,0110015869141
0,415903719840571	0,936846984863281	50,1110000610352
0,416768394643441	0,938946960449219	50,2109985351563
0,417582195950672	0,940849365234375	50,3110008239746
0,418395997257903	0,94290771484375	50,4109992980957
0,419260642956942	0,944997131347656	50,5110015869141
0,420074473368004	0,94684716796875	50,6110000610352
0,420939119067043	0,948790405273438	50,7109985351563
0,421752920374274	0,950750854492188	50,8110008239746
0,422617595177144	0,952798156738281	50,9109992980957
0,423431396484375	0,954784545898438	51,0110015869141
0,424296042183414	0,956666870117188	51,1110000610352
0,425109872594476	0,958802001953125	51,2109985351563
0,425923673901707	0,960578552246094	51,3110008239746
0,426788319600746	0,962548767089844	51,4109992980957
0,427602150011808	0,964740295410156	51,5110015869141
0,428466795710847	0,966670532226563	51,6110000610352
0,429280597018078	0,968463623046875	51,7109985351563
0,430094398325309	0,970414733886719	51,8110008239746
0,43090819963254	0,972421691894531	51,9109992980957
0,431772845331579	0,974168518066406	52,0110015869141
0,432586675742641	0,976130737304688	52,1110000610352
0,433400477049872	0,977852478027344	52,2109985351563
0,434214278357103	0,97999072265625	52,3110008239746
0,435028079664335	0,981960693359375	52,4109992980957
0,435841880971566	0,983610778808594	52,5110015869141
0,436655682278797	0,985673461914063	52,6110000610352
0,437469483586028	0,987639587402344	52,7109985351563
0,438283284893259	0,989468139648438	52,8110008239746
0,439097086200491	0,991335144042969	52,9109992980957
0,439910887507722	0,993260925292969	53,0110015869141
0,440775533206761	0,99521044921875	53,1110000610352
0,441589363617823	0,997382934570313	53,2109985351563
0,442403164925054	0,999194580078125	53,3110008239746
0,443267810624093	1,00124133300781	53,4109992980957
0,444081641035154	1,00315032958984	53,5110015869141
0,444895413238555	1,00513293457031	53,6110000610352
0,445760088041425	1,00707000732422	53,7109985351563
0,446573889348656	1,00895141601563	53,8110008239746
0,447438564151526	1,01085119628906	53,9109992980957
0,448303209850565	1,01296295166016	54,0110015869141
0,449117040261626	1,01501104736328	54,1110000610352
0,449981685960665	1,01693304443359	54,2109985351563
0,450846331659704	1,01895684814453	54,3110008239746
0,451660162070766	1,02097729492188	54,4109992980957
0,452524807769805	1,02298541259766	54,5110015869141
0,453389482572675	1,02486157226563	54,6110000610352
0,454203283879906	1,02692248535156	54,7109985351563
0,455067958682776	1,02885693359375	54,8110008239746
0,455881730886176	1,0307373046875	54,9109992980957
0,456695561297238	1,03236389160156	55,0110015869141
0,457509362604469	1,03446398925781	55,1110000610352
0,458374037407339	1,03628771972656	55,2109985351563
0,45918783871457	1,03841748046875	55,3110008239746
0,460001610917971	1,04035375976563	55,4109992980957
0,460815441329032	1,0421171875	55,5110015869141
0,461629242636263	1,04403271484375	55,6110000610352
0,462443014839664	1,04582055664063	55,7109985351563
0,463307718746364	1,04767932128906	55,8110008239746
0,464121490949765	1,04972546386719	55,9109992980957
0,464935292256996	1,05160302734375	56,0110015869141
0,465799967059866	1,05366015625	56,1110000610352
0,466613768367097	1,05563732910156	56,2109985351563
0,467427569674328	1,05741833496094	56,3110008239746
0,468292244477198	1,05945349121094	56,4109992980957
0,469106045784429	1,06124877929688	56,5110015869141
0,469970691483468	1,06322583007813	56,6110000610352
0,470784521894529	1,065298828125	56,7109985351563
0,47159829409793	1,06705029296875	56,8110008239746
0,4724629689008	1,06904040527344	56,9109992980957
0,473276770208031	1,0709326171875	57,0110015869141
0,474141445010901	1,07270910644531	57,1110000610352
0,474955217214301	1,07471484375	57,2109985351563
0,475769047625363	1,07653576660156	57,3110008239746
0,476633693324402	1,07866271972656	57,4109992980957
0,477447523735464	1,08036303710938	57,5110015869141
0,478261325042695	1,08228332519531	57,6110000610352
0,479075097246096	1,08434851074219	57,7109985351563
0,479888927657157	1,0859873046875	57,8110008239746
0,480702728964388	1,08788720703125	57,9109992980957
0,481516501167789	1,08980786132813	58,0110015869141
0,482330331578851	1,09164477539063	58,1110000610352
0,483144132886082	1,09364453125	58,2109985351563
0,483957905089483	1,09533728027344	58,3110008239746
0,484771735500544	1,097216796875	58,4109992980957
0,485585536807776	1,09923669433594	58,5110015869141
0,486450182506815	1,10100830078125	58,6110000610352
0,487264012917876	1,10288916015625	58,7109985351563
0,488077785121277	1,10466467285156	58,8110008239746
0,488891615532339	1,10642517089844	58,9109992980957
0,489756232127547	1,10832421875	59,0110015869141
0,490570091642439	1,11063500976563	59,1110000610352
0,491383892949671	1,11254479980469	59,2109985351563
0,492248509544879	1,11454296875	59,3110008239746
0,493062369059771	1,11635217285156	59,4109992980957
0,49392698565498	1,11832983398438	59,5110015869141
0,49479166045785	1,12026611328125	59,6110000610352
0,495605461765081	1,12227697753906	59,7109985351563
0,49647013656795	1,12413891601563	59,8110008239746
0,49733481137082	1,12604345703125	59,9109992980957
0,498199486173689	1,12820727539063	60,0110015869141
0,499064102768898	1,13011437988281	60,1110000610352
0,499877904076129	1,13196008300781	60,2109985351563
0,50074263708666	1,13396765136719	60,3110008239746
0,50155638018623	1,13580639648438	60,4109992980957
0,502370181493461	1,13764416503906	60,5110015869141
0,503184041008353	1,13949072265625	60,6110000610352
0,504048657603562	1,14132385253906	60,7109985351563
0,504862458910793	1,14325891113281	60,8110008239746
0,505676260218024	1,14525610351563	60,9109992980957
0,506490061525255	1,14690808105469	61,0110015869141
0,507303921040148	1,14898327636719	61,1110000610352
0,508168537635356	1,15083337402344	61,2109985351563
0,508982338942587	1,15283337402344	61,3110008239746
0,509796140249819	1,15455944824219	61,4109992980957
0,51060994155705	1,15669177246094	61,5110015869141
0,511474616359919	1,15855859375	61,6110000610352
0,512288417667151	1,16006860351563	61,7109985351563
0,513102218974382	1,16230859375	61,8110008239746
0,51396683556959	1,16417260742188	61,9109992980957
0,514780695084482	1,16591674804688	62,0110015869141
0,515645311679691	1,16782556152344	62,1110000610352
0,516459171194583	1,16975390625	62,2109985351563
0,517323787789792	1,17163806152344	62,3110008239746
0,518137647304684	1,1736337890625	62,4109992980957
0,519002263899893	1,1754765625	62,5110015869141
0,519816123414785	1,17746752929688	62,6110000610352
0,520680740009993	1,17924145507813	62,7109985351563
0,521494541317225	1,18123876953125	62,8110008239746
0,522308342624456	1,18302087402344	62,9109992980957
0,523173017427325	1,18486938476563	63,0110015869141
0,523986818734556	1,1867197265625	63,1110000610352
0,524800620041788	1,18848815917969	63,2109985351563
0,525614421349019	1,19038098144531	63,3110008239746
0,52642822265625	1,19228295898438	63,4109992980957
0,527242023963481	1,19408227539063	63,5110015869141
0,528055825270712	1,19585473632813	63,6110000610352
0,528869626577944	1,19751452636719	63,7109985351563
0,529632554389536	1,19913098144531	63,8110008239746
0,530446355696768	1,20116516113281	63,9109992980957
0,531311030499637	1,20307751464844	64,0110015869141
0,532124831806868	1,20485998535156	64,1110000610352
0,5329386331141	1,20670361328125	64,2109985351563
0,533752434421331	1,20852197265625	64,3109970092773
0,534566235728562	1,21034912109375	64,411003112793
0,535430910531431	1,21234216308594	64,5110015869141
0,536244711838663	1,2141171875	64,6110000610352
0,537058513145894	1,21606701660156	64,7109985351563
0,537923129741102	1,21784790039063	64,8109970092773
0,538787862751633	1,21974047851563	64,911003112793
0,539601605851203	1,22174682617188	65,0110015869141
0,540466280654073	1,223580078125	65,1110000610352
0,541331013664603	1,22567419433594	65,2109985351563
0,542144756764174	1,22758776855469	65,3109970092773
0,543009431567043	1,22939001464844	65,411003112793
0,543874106369913	1,23128149414063	65,5110015869141
0,544738781172782	1,23293298339844	65,6110000610352
0,545552524272352	1,23503515625	65,7109985351563
0,546366383787245	1,23685241699219	65,8109970092773
0,547231000382453	1,23891906738281	65,911003112793
0,548044859897345	1,24070568847656	66,0110015869141
0,548858661204576	1,24243896484375	66,1110000610352
0,549723336007446	1,24429467773438	66,2109985351563
0,550537137314677	1,24613269042969	66,3109970092773
0,551350880414248	1,24778686523438	66,411003112793
0,55216473992914	1,24985559082031	66,5110015869141
0,552978541236371	1,25160888671875	66,6110000610352
0,553792284335941	1,25315576171875	66,7109985351563
0,554606143850833	1,25504724121094	66,8109970092773
0,555470760446042	1,25696325683594	66,911003112793
0,556284619960934	1,25865014648438	67,0110015869141
0,557098363060504	1,26045983886719	67,1110000610352
0,557912164367735	1,2624189453125	67,2109985351563
0,558776839170605	1,26428747558594	67,3109970092773
0,559590640477836	1,26611193847656	67,411003112793
0,560404499992728	1,26776647949219	67,5110015869141
0,561269116587937	1,26944604492188	67,6110000610352
0,562082917895168	1,27152661132813	67,7109985351563
0,562896719202399	1,27339733886719	67,8109970092773
0,563761394005269	1,2753798828125	67,911003112793
0,5645751953125	1,27685424804688	68,0110015869141
0,56543987011537	1,27897814941406	68,1110000610352
0,566253671422601	1,2809794921875	68,2109985351563
0,56711834622547	1,28258117675781	68,3109970092773
0,567932147532701	1,28468395996094	68,411003112793
0,568745890632272	1,28634704589844	68,5110015869141
0,569610623642802	1,2881298828125	68,6110000610352
0,570424366742373	1,28986157226563	68,7109985351563
0,571238226257265	1,29235192871094	68,8109970092773
0,572052027564496	1,29341967773438	68,911003112793
0,572865770664066	1,29551953125	69,0110015869141
0,573679630178958	1,29705615234375	69,1110000610352
0,574493431486189	1,29884912109375	69,2109985351563
0,57530717458576	1,30060864257813	69,3109970092773
0,576121034100652	1,30244775390625	69,411003112793
0,576934835407883	1,304146484375	69,5110015869141
0,577748578507453	1,30605139160156	69,6110000610352
0,578562438022345	1,30768969726563	69,7109985351563
0,579427054617554	1,30959509277344	69,8109970092773
0,580240914132446	1,31137634277344	69,911003112793
0,581054715439677	1,31309130859375	70,0110015869141
0,581868458539248	1,31504821777344	70,1110000610352
0,582733133342117	1,31674389648438	70,2109985351563
0,583546934649348	1,31850280761719	70,3109970092773
0,584411609452218	1,32041625976563	70,411003112793
0,585276284255087	1,32220703125	70,5110015869141
0,586140959057957	1,32418237304688	70,6110000610352
0,586954760365188	1,32600952148438	70,7109985351563
0,587819376960397	1,32784802246094	70,8109970092773
0,588633236475289	1,3297646484375	70,911003112793
0,589497853070498	1,3316416015625	71,0110015869141
0,590362527873367	1,33353747558594	71,1110000610352
0,591227260883898	1,33540539550781	71,2109985351563
0,592041003983468	1,33710278320313	71,3109970092773
0,592905678786337	1,33904797363281	71,411003112793
0,593719480093569	1,34081604003906	71,5110015869141
0,594584154896438	1,34255480957031	71,6110000610352
0,595397956203669	1,34449475097656	71,7109985351563
0,596211757510901	1,34608654785156	71,8109970092773
0,597025558818132	1,34795959472656	71,911003112793
0,597839360125363	1,3499267578125	72,0110015869141
0,598704034928232	1,35146032714844	72,1110000610352
0,599517836235464	1,35320471191406	72,2109985351563
0,600331579335034	1,35495727539063	72,3109970092773
0,601145438849926	1,35685424804688	72,411003112793
0,601959240157157	1,3586259765625	72,5110015869141
0,602772983256727	1,36034399414063	72,6110000610352
0,60358684277162	1,36222509765625	72,7109985351563
0,604451459366828	1,36388049316406	72,8109970092773
0,60526531888172	1,36563659667969	72,911003112793
0,606079120188951	1,36739221191406	73,0110015869141
0,606943794991821	1,36920947265625	73,1110000610352
0,607757596299052	1,370984375	73,2109985351563
0,608571339398623	1,37287829589844	73,3109970092773
0,609436014201492	1,37459619140625	73,411003112793
0,610249815508723	1,37663391113281	73,5110015869141
0,611114490311593	1,37834020996094	73,6110000610352
0,611928291618824	1,38014489746094	73,7109985351563
0,612792966421694	1,38200402832031	73,8109970092773
0,613657641224563	1,38383288574219	73,911003112793
0,614471442531794	1,38565979003906	74,0110015869141
0,615285243839026	1,38733349609375	74,1110000610352
0,616149918641895	1,38924255371094	74,2109985351563
0,616963661741465	1,39084436035156	74,3109970092773
0,617777521256357	1,39255358886719	74,411003112793
0,618591322563589	1,39443347167969	74,5110015869141
0,619405065663159	1,39611962890625	74,6110000610352
0,620218925178051	1,39780224609375	74,7109985351563
0,621032726485282	1,39938037109375	74,8109970092773
0,621846469584852	1,40124389648438	74,911003112793
0,622660329099745	1,40293127441406	75,0110015869141
0,623474130406976	1,40482751464844	75,1110000610352
0,624287931714207	1,40643359375	75,2109985351563
0,625101733021438	1,40820251464844	75,3109970092773
0,625915534328669	1,40985571289063	75,411003112793
0,626729335635901	1,41187414550781	75,5110015869141
0,627543136943132	1,41347985839844	75,6110000610352
0,62840775353834	1,41512280273438	75,7109985351563
0,629221613053232	1,41707739257813	75,8109970092773
0,630086229648441	1,41872692871094	75,911003112793
0,630900089163333	1,4205751953125	76,0110015869141
0,631764705758542	1,42230493164063	76,1110000610352
0,632578565273434	1,42415356445313	76,2109985351563
0,633443181868643	1,42582006835938	76,3109970092773
0,634257041383535	1,42774877929688	76,411003112793
0,635121657978743	1,429439453125	76,5110015869141
0,635986332781613	1,431189453125	76,6110000610352
0,636851007584482	1,43310510253906	76,7109985351563
0,637664808891714	1,43455676269531	76,8109970092773
0,638529483694583	1,43651818847656	76,911003112793
0,639343285001814	1,43844201660156	77,0110015869141
0,640207959804684	1,43996081542969	77,1110000610352
0,641021702904254	1,44189282226563	77,2109985351563
0,641835504211485	1,44354553222656	77,3109970092773
0,642649363726377	1,4451015625	77,411003112793
0,643513980321586	1,44690625	77,5110015869141
0,644327839836478	1,44785961914063	77,6110000610352
0,645141582936049	1,44946850585938	77,7109985351563
0,64595538424328	1,45130102539063	77,8109970092773
0,646820059046149	1,45265625	77,911003112793
0,64763386035338	1,45456823730469	78,0110015869141
0,648447719868273	1,45648315429688	78,1110000610352
0,649261462967843	1,45820166015625	78,2109985351563
0,650075264275074	1,45992663574219	78,3109970092773
0,650939939077944	1,46170471191406	78,411003112793
0,651753740385175	1,46317517089844	78,5110015869141
0,652567541692406	1,46523010253906	78,6110000610352
0,653432216495276	1,46706030273438	78,7109985351563
0,654246017802507	1,46884118652344	78,8109970092773
0,655110634397715	1,47053540039063	78,911003112793
0,655924493912607	1,472240234375	79,0110015869141
0,656789110507816	1,47388537597656	79,1110000610352
0,657653785310686	1,47615612792969	79,2109985351563
0,658467586617917	1,4776787109375	79,3109970092773
0,659332261420786	1,47938232421875	79,411003112793
0,660146062728018	1,48120886230469	79,5110015869141
0,661010737530887	1,48300695800781	79,6110000610352
0,661824538838118	1,48472619628906	79,7109985351563
0,66263834014535	1,48646313476563	79,8109970092773
0,663452141452581	1,48812817382813	79,911003112793
0,664265942759812	1,489810546875	80,0110015869141
0,665079744067043	1,49143957519531	80,1110000610352
0,665893545374274	1,49310986328125	80,2109985351563
0,666707346681505	1,49484558105469	80,3109970092773
0,667521206196398	1,49652502441406	80,411003112793
0,668334949295968	1,49825122070313	80,5110015869141
0,669148750603199	1,49985705566406	80,6110000610352
0,669962610118091	1,5016552734375	80,7109985351563
0,670776353217661	1,503244140625	80,8109970092773
0,671590154524893	1,50490637207031	80,911003112793
0,672404014039785	1,50658093261719	81,0110015869141
0,673268630634993	1,508228515625	81,1110000610352
0,674082431942225	1,51002209472656	81,2109985351563
0,674896233249456	1,51178527832031	81,3109970092773
0,675760908052325	1,51340673828125	81,411003112793
0,676574709359556	1,51527868652344	81,5110015869141
0,677439384162426	1,51682263183594	81,6110000610352
0,678253185469657	1,51884582519531	81,7109985351563
0,679117860272527	1,5203349609375	81,8109970092773
0,679931661579758	1,52224841308594	81,911003112793
0,680796336382627	1,52377600097656	82,0110015869141
0,681660952977836	1,52552453613281	82,1110000610352
0,682525627780706	1,52726574707031	82,2109985351563
0,683339429087937	1,52898718261719	82,3109970092773
0,684204103890806	1,53072778320313	82,411003112793
0,685017905198038	1,53244177246094	82,5110015869141
0,685882580000907	1,53424853515625	82,6110000610352
0,686696323100477	1,53584545898438	82,7109985351563
0,68751018261537	1,53748059082031	82,8109970092773
0,688323983922601	1,53930920410156	82,911003112793
0,689137785229832	1,54089880371094	83,0110015869141
0,690002460032701	1,54273657226563	83,1110000610352
0,690816203132272	1,54421606445313	83,2109985351563
0,691630062647164	1,54597546386719	83,3109970092773
0,692443863954395	1,5476298828125	83,411003112793
0,693257607053965	1,54928942871094	83,5110015869141
0,694071466568857	1,55093212890625	83,6110000610352
0,694936083164066	1,55271704101563	83,7109985351563
0,695749942678958	1,55443542480469	83,8109970092773
0,696563743986189	1,55596850585938	83,911003112793
0,697428418789059	1,55772668457031	84,0110015869141
0,698242161888629	1,55934765625	84,1110000610352
0,69910689489916	1,56101379394531	84,2109985351563
0,69992063799873	1,56288293457031	84,3109970092773
0,700734439305961	1,56442004394531	84,411003112793
0,701599114108831	1,56618249511719	84,5110015869141
0,7024637889117	1,56792712402344	84,6110000610352
0,703277590218931	1,56965185546875	84,7109985351563
0,704142265021801	1,57137902832031	84,8109970092773
0,70500688161701	1,57306408691406	84,911003112793
0,705820741131902	1,57476672363281	85,0110015869141
0,70668535772711	1,57645385742188	85,1110000610352
0,707499217242002	1,57821936035156	85,2109985351563
0,708312960341573	1,57984619140625	85,3109970092773
0,709126761648804	1,58130078125	85,411003112793
0,709991436451674	1,58304699707031	85,5110015869141
0,710805237758905	1,58464086914063	85,6110000610352
0,711619097273797	1,58631079101563	85,7109985351563
0,712432840373367	1,58785961914063	85,8109970092773
0,713246641680598	1,58953881835938	85,911003112793
0,71406050119549	1,59114501953125	86,0110015869141
0,714874244295061	1,59278063964844	86,1110000610352
0,715688045602292	1,59415844726563	86,2109985351563
0,716501905117184	1,5959248046875	86,3109970092773
0,717315648216754	1,59739624023438	86,411003112793
0,718129449523985	1,59952941894531	86,5110015869141
0,718943309038877	1,600728515625	86,6110000610352
0,719807925634086	1,60234375	86,7109985351563
0,720621785148978	1,60395556640625	86,8109970092773
0,721486401744187	1,60578979492188	86,911003112793
0,722300203051418	1,60746960449219	87,0110015869141
0,723114004358649	1,60911694335938	87,1110000610352
0,723978679161519	1,61083911132813	87,2109985351563
0,72479248046875	1,61240393066406	87,3109970092773
0,72565715527162	1,61411511230469	87,411003112793
0,726521771866828	1,61584350585938	87,5110015869141
0,72733563138172	1,6175986328125	87,6110000610352
0,728200247976929	1,61939758300781	87,7109985351563
0,729064922779799	1,62097509765625	87,8109970092773
0,72987872408703	1,62262194824219	87,911003112793
0,730743398889899	1,62428784179688	88,0110015869141
0,73155720019713	1,625861328125	88,1110000610352
0,732421875	1,62757995605469	88,2109985351563
0,733235676307231	1,62912817382813	88,3109970092773
0,734049477614462	1,63080078125	88,411003112793
0,734914152417332	1,63237536621094	88,5110015869141
0,735727953724563	1,63413391113281	88,6110000610352
0,736541755031794	1,63565966796875	88,7109985351563
0,737355556339026	1,63733679199219	88,8109970092773
0,738169357646257	1,63892077636719	88,911003112793
0,739033974241465	1,64054260253906	89,0110015869141
0,739847833756357	1,64219665527344	89,1110000610352
0,740661635063589	1,64382434082031	89,2109985351563
0,741475378163159	1,64554870605469	89,3109970092773
0,742340111173689	1,64699719238281	89,411003112793
0,74315385427326	1,64888537597656	89,5110015869141
0,743967713788152	1,65048107910156	89,6110000610352
0,74483233038336	1,65201049804688	89,7109985351563
0,745646189898252	1,65346435546875	89,8109970092773
0,746510806493461	1,65511535644531	89,911003112793
0,747324666008353	1,65677563476563	90,0110015869141
0,748138409107924	1,65833129882813	90,1110000610352
0,749003083910793	1,65990405273438	90,2109985351563
0,749816885218024	1,66151623535156	90,3109970092773
0,750681560020894	1,66314331054688	90,411003112793
0,751495361328125	1,66448803710938	90,5110015869141
0,752360036130995	1,66621948242188	90,6110000610352
0,753173837438226	1,66793957519531	90,7109985351563
0,753987638745457	1,6696005859375	90,8109970092773
0,754801440052688	1,67156042480469	90,911003112793
0,755666056647897	1,67258959960938	91,0110015869141
0,756479916162789	1,67417712402344	91,1110000610352
0,75729371747002	1,67583471679688	91,2109985351563
0,75810746056959	1,67726525878906	91,3109970092773
0,758921320084482	1,678927734375	91,411003112793
0,759735121391714	1,68053649902344	91,5110015869141
0,760548864491284	1,68198864746094	91,6110000610352
0,761362724006176	1,68363269042969	91,7109985351563
0,762176525313407	1,68497998046875	91,8109970092773
0,762990268412977	1,68662902832031	91,911003112793
0,76380412792787	1,68815026855469	92,0110015869141
0,764617929235101	1,68947314453125	92,1110000610352
0,765431730542332	1,69127746582031	92,2109985351563
0,766296405345201	1,692849609375	92,3109970092773
0,767110148444772	1,69440686035156	92,411003112793
0,767924007959664	1,69618786621094	92,5110015869141
0,768788624554873	1,69765234375	92,6110000610352
0,769602484069765	1,6990546875	92,7109985351563
0,770467100664973	1,70085009765625	92,8109970092773
0,771280960179865	1,70247399902344	92,911003112793
0,772145576775074	1,703974609375	93,0110015869141
0,773010251577944	1,705693359375	93,1110000610352
0,773824052885175	1,70741003417969	93,2109985351563
0,774688727688044	1,70891479492188	93,3109970092773
0,775553402490914	1,71053857421875	93,411003112793
0,776367203798145	1,71223095703125	93,5110015869141
0,777231878601015	1,7138154296875	93,6110000610352
0,778096495196223	1,71537512207031	93,7109985351563
0,778910354711115	1,71698498535156	93,8109970092773
0,779724097810686	1,71861560058594	93,911003112793
0,780588830821216	1,72011108398438	94,0110015869141
0,781402573920786	1,72142236328125	94,1110000610352
0,782216375228018	1,72314306640625	94,2109985351563
0,78303023474291	1,72458068847656	94,3109970092773
0,783894851338118	1,72604260253906	94,411003112793
0,78470865264535	1,72765112304688	94,5110015869141
0,785522453952581	1,72905932617188	94,6110000610352
0,786336255259812	1,73071423339844	94,7109985351563
0,787200930062681	1,73221630859375	94,8109970092773
0,788014731369913	1,73376586914063	94,911003112793
0,788828532677144	1,73516528320313	95,0110015869141
0,789693149272352	1,73689733886719	95,1110000610352
0,790507008787245	1,73857153320313	95,2109985351563
0,791320810094476	1,74011254882813	95,3109970092773
0,792185484897345	1,741537109375	95,411003112793
0,792999286204576	1,743248046875	95,5110015869141
0,793863961007446	1,74476440429688	95,6110000610352
0,794677762314677	1,7462626953125	95,7109985351563
0,795542437117547	1,74777429199219	95,8109970092773
0,796356180217117	1,74934594726563	95,911003112793
0,797220913227648	1,7508984375	96,0110015869141
0,798034656327218	1,75258386230469	96,1110000610352
0,798899331130087	1,75401843261719	96,2109985351563
0,799713132437319	1,75579541015625	96,3109970092773
0,80052693374455	1,75752661132813	96,411003112793
0,801391608547419	1,75846264648438	96,5110015869141
0,802205409854651	1,75991784667969	96,6110000610352
0,803019211161882	1,76159106445313	96,7109985351563
0,803833012469113	1,76325048828125	96,8109970092773
0,804646813776344	1,76466845703125	96,911003112793
0,805460615083575	1,76577124023438	97,0110015869141
0,806274416390806	1,76752038574219	97,1110000610352
0,807088217698038	1,76900427246094	97,2109985351563
0,807902019005269	1,77049755859375	97,3109970092773
0,8087158203125	1,7719619140625	97,411003112793
0,809529621619731	1,77334643554688	97,5110015869141
0,810343422926962	1,77500146484375	97,6110000610352
0,811157224234194	1,77640246582031	97,7109985351563
0,812021899037063	1,77839440917969	97,8109970092773
0,812835700344294	1,77939038085938	97,911003112793
0,813649501651526	1,78067980957031	98,0110015869141
0,814463302958757	1,78236157226563	98,1110000610352
0,815327919553965	1,78391687011719	98,2109985351563
0,816141779068857	1,78549096679688	98,3109970092773
0,816955580376089	1,78712670898438	98,411003112793
0,817820255178958	1,78854028320313	98,5110015869141
0,818684871774167	1,79001550292969	98,6110000610352
0,819549546577036	1,79198901367188	98,7109985351563
0,820363347884268	1,79327966308594	98,8109970092773
0,821228022687137	1,79480981445313	98,911003112793
0,822092697490007	1,79637548828125	99,0110015869141
0,822957314085215	1,7979638671875	99,1110000610352
0,823771173600107	1,79954846191406	99,2109985351563
0,824635790195316	1,80089343261719	99,3109970092773
0,825449649710208	1,80227185058594	99,411003112793
0,826314266305417	1,80384252929688	99,5110015869141
0,827128125820309	1,8053349609375	99,6110000610352
0,827941868919879	1,80666015625	99,7109985351563
0,82880660193041	1,8081015625	99,8109970092773
0,82962034502998	1,80860559082031	99,911003112793
0,830434146337211	1,81004772949219	100,011001586914
0,831248005852103	1,81172314453125	100,111000061035
0,832112622447312	1,813044921875	100,210998535156
0,832926423754543	1,81458422851563	100,310997009277
0,833740225061774	1,81607458496094	100,411003112793
0,834554026369005	1,81752746582031	100,511001586914
0,835418701171875	1,81921594238281	100,611000061035
0,836232502479106	1,82075317382813	100,710998535156
0,837097177281976	1,822048828125	100,810997009277
0,837910978589207	1,82358642578125	100,911003112793
0,838724779896438	1,825298828125	101,011001586914
0,839589396491647	1,82658081054688	101,111000061035
0,840403256006539	1,82799377441406	101,210998535156
0,84121705731377	1,82969836425781	101,310997009277
0,84208173211664	1,83116296386719	101,411003112793
0,842895533423871	1,83253076171875	101,511001586914
0,84376020822674	1,83404064941406	101,611000061035
0,844573951326311	1,83552612304688	101,710998535156
0,845438684336841	1,83709643554688	101,810997009277
0,846252427436411	1,83865942382813	101,911003112793
0,847117102239281	1,83997729492188	102,011001586914
0,847930903546512	1,84141760253906	102,111000061035
0,848744704853743	1,84283215332031	102,210998535156
0,849558506160975	1,84425732421875	102,310997009277
0,850372307468206	1,8457392578125	102,411003112793
0,851236982271075	1,8470283203125	102,511001586914
0,852050783578306	1,84869970703125	102,611000061035
0,852864584885538	1,85006005859375	102,710998535156
0,853678386192769	1,85144555664063	102,810997009277
0,8544921875	1,85295446777344	102,911003112793
0,855305988807231	1,85424890136719	103,011001586914
0,856119790114462	1,85580529785156	103,111000061035
0,856984464917332	1,85722204589844	103,210998535156
0,857798266224563	1,85862756347656	103,310997009277
0,858612067531794	1,859927734375	103,411003112793
0,859425868839026	1,86132702636719	103,511001586914
0,860290543641895	1,86270812988281	103,611000061035
0,861104286741465	1,86409545898438	103,710998535156
0,861918146256357	1,86571984863281	103,810997009277
0,862782762851566	1,86702990722656	103,911003112793
0,863647437654436	1,86849206542969	104,011001586914
0,864461238961667	1,87008361816406	104,111000061035
0,865325913764536	1,87146545410156	104,210998535156
0,866139715071768	1,87295166015625	104,310997009277
0,867004389874637	1,87434619140625	104,411003112793
0,867869064677507	1,87577966308594	104,511001586914
0,868682865984738	1,87715051269531	104,611000061035
0,869547540787607	1,87862719726563	104,710998535156
0,870412157382816	1,8801162109375	104,810997009277
0,871226016897708	1,88155065917969	104,911003112793
0,872090633492917	1,88289819335938	105,011001586914
0,872904493007809	1,8843896484375	105,111000061035
0,873718236107379	1,88555517578125	105,210998535156
0,87458296911791	1,88705212402344	105,310997009277
0,87539671221748	1,88845629882813	105,411003112793
0,876210513524711	1,88984350585938	105,511001586914
0,877024373039603	1,89124340820313	105,611000061035
0,877838116139174	1,89262866210938	105,710998535156
0,878702790942043	1,89403442382813	105,810997009277
0,879516592249274	1,89524108886719	105,911003112793
0,880330393556505	1,89679113769531	106,011001586914
0,881144253071398	1,89803588867188	106,111000061035
0,881957996170968	1,89946923828125	106,210998535156
0,882822670973837	1,9008154296875	106,310997009277
0,883636472281069	1,90202160644531	106,411003112793
0,8844502735883	1,90351049804688	106,511001586914
0,885314948391169	1,90497180175781	106,611000061035
0,886128749698401	1,90632983398438	106,710998535156
0,88699342450127	1,9078115234375	106,810997009277
0,88780716760084	1,9090400390625	106,911003112793
0,888671900611371	1,91042224121094	107,011001586914
0,88953657541424	1,9118994140625	107,111000061035
0,890350318513811	1,9133115234375	107,210998535156
0,891215051524341	1,91455993652344	107,310997009277
0,892028794623911	1,91598156738281	107,411003112793
0,892893469426781	1,91761999511719	107,511001586914
0,893707270734012	1,91876831054688	107,611000061035
0,894521072041243	1,92015551757813	107,710998535156
0,895334873348475	1,92155639648438	107,810997009277
0,896148674655706	1,92275036621094	107,911003112793
0,897013349458575	1,92400463867188	108,011001586914
0,897827150765806	1,92520520019531	108,111000061035
0,898590078577399	1,92673107910156	108,210998535156
0,89940387988463	1,92784985351563	108,310997009277
0,900217739399523	1,92924340820313	108,411003112793
0,901082355994731	1,93033276367188	108,511001586914
0,901845283806324	1,93189562988281	108,611000061035
0,902659143321216	1,93290466308594	108,710998535156
0,903472886420786	1,93150341796875	108,810997009277
0,904337561223656	1,93292333984375	108,911003112793
0,905151362530887	1,93448791503906	109,011001586914
0,905965163838118	1,93573828125	109,111000061035
0,90677896514535	1,93723559570313	109,210998535156
0,907643639948219	1,93875305175781	109,310997009277
0,90845744125545	1,93989428710938	109,411003112793
0,909322057850659	1,94149182128906	109,511001586914
0,910135917365551	1,94301428222656	109,611000061035
0,91100053396076	1,94437634277344	109,710998535156
0,911865208763629	1,94581506347656	109,810997009277
0,91272994177416	1,94748767089844	109,911003112793
0,91354368487373	1,94891223144531	110,011001586914
0,9144083596766	1,95016442871094	110,111000061035
0,915273034479469	1,95136669921875	110,210998535156
0,9160868357867	1,95322448730469	110,310997009277
0,916951452381909	1,95425939941406	110,411003112793
0,917816185392439	1,95581762695313	110,511001586914
0,91862992849201	1,95763110351563	110,611000061035
0,919443788006902	1,95849475097656	110,710998535156
0,92030840460211	1,95970251464844	110,810997009277
0,921122264117002	1,96123596191406	110,911003112793
0,921936007216573	1,96233654785156	111,011001586914
0,922749808523804	1,96389184570313	111,111000061035
0,923563668038696	1,96507104492188	111,210998535156
0,924428284633905	1,96668493652344	111,310997009277
0,925242144148797	1,96772412109375	111,411003112793
0,926055887248367	1,96909411621094	111,511001586914
0,926869688555598	1,97020007324219	111,611000061035
0,927734363358468	1,97137829589844	111,710998535156
0,928548164665699	1,97294982910156	111,810997009277
0,929362024180591	1,97437353515625	111,911003112793
0,9302266407758	1,97573791503906	112,011001586914
0,931040442083031	1,97680029296875	112,111000061035
0,931854243390262	1,97814489746094	112,210998535156
0,932718918193132	1,97954736328125	112,310997009277
0,933532719500363	1,98074938964844	112,411003112793
0,934397394303232	1,98215258789063	112,511001586914
0,935262010898441	1,98357873535156	112,611000061035
0,936126685701311	1,98465002441406	112,710998535156
0,936940487008542	1,98612634277344	112,810997009277
0,937805161811411	1,98726123046875	112,911003112793
0,938618963118643	1,98873986816406	113,011001586914
0,939483637921512	1,99002697753906	113,111000061035
0,940297439228743	1,99139929199219	113,210998535156
0,941111240535975	1,99290234375	113,310997009277
0,941925041843206	1,99406860351563	113,411003112793
0,942738843150437	1,99501208496094	113,511001586914
0,943552644457668	1,99593920898438	113,611000061035
0,944366445764899	1,99743395996094	113,710998535156
0,94518024707213	1,99851538085938	113,810997009277
0,945994106587023	1,999849609375	113,911003112793
0,946858723182231	2,00086694335938	114,011001586914
0,947672524489462	2,00203796386719	114,111000061035
0,948486325796694	2,0035068359375	114,210998535156
0,949300127103925	2,00470471191406	114,310997009277
0,950113928411156	2,00558947753906	114,411003112793
0,950927729718387	2,00700183105469	114,511001586914
0,951741531025618	2,00817297363281	114,611000061035
0,952606205828488	2,00936853027344	114,710998535156
0,953420007135719	2,01059899902344	114,810997009277
0,95423380844295	2,01178088378906	114,911003112793
0,955098425038159	2,01315368652344	115,011001586914
0,955912284553051	2,0143828125	115,111000061035
0,95677690114826	2,01550854492188	115,210998535156
0,957590760663152	2,0166875	115,310997009277
0,95845537725836	2,01806481933594	115,411003112793
0,95932005206123	2,01943481445313	115,511001586914
0,960133853368461	2,02061059570313	115,611000061035
0,960998528171331	2,02195178222656	115,710998535156
0,9618632029742	2,02302380371094	115,810997009277
0,962677004281431	2,02438549804688	115,911003112793
0,963541679084301	2,02552282714844	116,011001586914
0,96440629567951	2,02671008300781	116,111000061035
0,965220155194402	2,02799182128906	116,210998535156
0,966033956501633	2,0290615234375	116,310997009277
0,966898631304502	2,03026501464844	116,411003112793
0,967712374404073	2,03145068359375	116,511001586914
0,968526175711304	2,03259631347656	116,611000061035
0,969340035226196	2,03380334472656	116,710998535156
0,970204651821405	2,03499963378906	116,810997009277
0,971018511336297	2,03619494628906	116,911003112793
0,971832254435867	2,03720434570313	117,011001586914
0,972646055743098	2,03847729492188	117,111000061035
0,97345991525799	2,03946923828125	117,210998535156
0,974324531853199	2,04071472167969	117,310997009277
0,975138391368091	2,04207641601563	117,411003112793
0,975952134467661	2,04320568847656	117,511001586914
0,976816867478192	2,04448864746094	117,611000061035
0,977630610577762	2,04529382324219	117,710998535156
0,978495343588293	2,0466796875	117,810997009277
0,979309086687863	2,04798620605469	117,911003112793
0,980173819698393	2,04890209960938	118,011001586914
0,980987562797964	2,05025073242188	118,111000061035
0,981852179393172	2,05150048828125	118,210998535156
0,982666038908064	2,05267504882813	118,310997009277
0,983530655503273	2,05367041015625	118,411003112793
0,984395272098482	2,05485009765625	118,511001586914
0,985209131613374	2,05607104492188	118,611000061035
0,986022991128266	2,05724951171875	118,710998535156
0,986836734227836	2,05844848632813	118,810997009277
0,987650593742728	2,05957348632813	118,911003112793
0,988464336842299	2,06055712890625	119,011001586914
0,989329069852829	2,06107055664063	119,111000061035
0,990142812952399	2,06220776367188	119,210998535156
0,99095655605197	2,06344580078125	119,310997009277
0,991770415566862	2,06461572265625	119,411003112793
0,992584275081754	2,06570581054688	119,511001586914
0,993398018181324	2,06682006835938	119,611000061035
0,994211877696216	2,06791381835938	119,710998535156
0,995025620795786	2,0690888671875	119,810997009277
0,995839363895357	2,07029956054688	119,911003112793
0,996653223410249	2,0713857421875	120,011001586914
0,997517840005457	2,07258764648438	120,111000061035
0,99833169952035	2,07378515625	120,210998535156
0,999145559035242	2,07496875	120,310997009277
1,00001017563045	2,07620043945313	120,411003112793
1,00082391873002	2,07730224609375	120,511001586914
1,00163777824491	2,0787333984375	120,611000061035
1,00250239484012	2,07950317382813	120,710998535156
1,00336701143533	2,08107934570313	120,810997009277
1,00423186086118	2,08182275390625	120,911003112793
1,00509647745639	2,08297973632813	121,011001586914
1,00591022055596	2,08413305664063	121,111000061035
1,00677495356649	2,08546069335938	121,210998535156
1,0076395701617	2,08651708984375	121,310997009277
1,00850430317223	2,08752490234375	121,411003112793
1,00936891976744	2,08854052734375	121,511001586914
1,01018277928233	2,08980932617188	121,611000061035
1,01104739587754	2,0908876953125	121,710998535156
1,01186125539243	2,09189208984375	121,810997009277
1,01267488207668	2,09290991210938	121,911003112793
1,01348874159157	2,09409106445313	122,011001586914
1,01435335818678	2,09516162109375	122,111000061035
1,01516721770167	2,09584399414063	122,210998535156
1,01598107721657	2,09732421875	122,310997009277
1,01679482031614	2,0983818359375	122,411003112793
1,01760867983103	2,09953442382813	122,511001586914
1,01847329642624	2,10072192382813	122,611000061035
1,01928715594113	2,10148706054688	122,710998535156
1,0201008990407	2,102423828125	122,810997009277
1,02096563205123	2,10321484375	122,911003112793
1,0217793751508	2,10427001953125	123,011001586914
1,02259311825037	2,10542211914063	123,111000061035
1,0234578512609	2,10648706054688	123,210998535156
1,02427159436047	2,10773266601563	123,310997009277
1,025136327371	2,10869995117188	123,411003112793
1,02595007047057	2,11011376953125	123,511001586914
1,0268148034811	2,1111669921875	123,611000061035
1,02767942007631	2,11221752929688	123,710998535156
1,0284932795912	2,11330224609375	123,810997009277
1,02935789618641	2,11425	123,911003112793
1,0301717557013	2,11541845703125	124,011001586914
1,03098549880087	2,11649853515625	124,111000061035
1,0318502318114	2,11753564453125	124,210998535156
1,03266397491097	2,11874072265625	124,310997009277
1,03347783442587	2,1194833984375	124,411003112793
1,03429157752544	2,12027563476563	124,511001586914
1,03510532062501	2,121330078125	124,611000061035
1,0359191801399	2,12279296875	124,710998535156
1,03673303965479	2,1238662109375	124,810997009277
1,03754678275436	2,12436279296875	124,911003112793
1,03836064226925	2,12542797851563	125,011001586914
1,03917438536882	2,12648681640625	125,111000061035
1,03998812846839	2,12750561523438	125,210998535156
1,04080198798329	2,128203125	125,310997009277
1,04161584749818	2,12927075195313	125,411003112793
1,04242959059775	2,13039965820313	125,511001586914
1,04329432360828	2,13096948242188	125,611000061035
1,04410806670785	2,13170654296875	125,710998535156
1,04492192622274	2,13291284179688	125,810997009277
1,04578654281795	2,13416235351563	125,911003112793
1,04660028591752	2,13482373046875	126,011001586914
1,04746501892805	2,13626513671875	126,111000061035
1,04827876202762	2,13705712890625	126,210998535156
1,04914337862283	2,13833862304688	126,310997009277
1,05000822804868	2,13944848632813	126,411003112793
1,05082185473293	2,14043725585938	126,511001586914
1,05168658774346	2,14140454101563	126,611000061035
1,05255132075399	2,1429091796875	126,710998535156
1,0534159373492	2,14345654296875	126,810997009277
1,05422968044877	2,14452026367188	126,911003112793
1,0550944134593	2,14533374023438	127,011001586914
1,05590815655887	2,14641796875	127,111000061035
1,05677277315408	2,14743969726563	127,210998535156
1,05758663266897	2,14842456054688	127,310997009277
1,05845124926418	2,14948486328125	127,411003112793
1,05926510877907	2,15024633789063	127,511001586914
1,06007896829396	2,15135791015625	127,611000061035
1,06089271139354	2,15205224609375	127,710998535156
1,06175744440407	2,15284155273438	127,810997009277
1,06257118750364	2,153728515625	127,911003112793
1,06338504701853	2,1548388671875	128,011001586914
1,06419890653342	2,15573852539063	128,110992431641
1,06506352312863	2,15679541015625	128,210998535156
1,0658772662282	2,157650390625	128,311004638672
1,06669100932777	2,15867944335938	128,410995483398
1,0675557423383	2,15959204101563	128,511001586914
1,06836948543787	2,16039208984375	128,610992431641
1,06918334495276	2,16161279296875	128,710998535156
1,07004796154797	2,1626083984375	128,811004638672
1,07086182106286	2,16352734375	128,910995483398
1,07172643765807	2,1645126953125	129,011001586914
1,07254029717296	2,16542822265625	129,110992431641
1,07340491376817	2,1662373046875	129,210998535156
1,07421877328306	2,16736083984375	129,311004638672
1,07508338987827	2,16794262695313	129,410995483398
1,0759481228888	2,16902172851563	129,511001586914
1,07681273948401	2,16993212890625	129,610992431641
1,0776265989989	2,17061352539063	129,710998535156
1,07849121559411	2,1717568359375	129,811004638672
1,07930507510901	2,17261083984375	129,910995483398
1,08011881820858	2,17337768554688	130,011001586914
1,08093256130815	2,17454516601563	130,110992431641
1,08174642082304	2,17527221679688	130,210998535156
1,08256016392261	2,17612622070313	130,311004638672
1,0833740234375	2,17689965820313	130,410995483398
1,08418788295239	2,17795532226563	130,511001586914
1,08500162605196	2,17881591796875	130,610992431641
1,08581548556685	2,17958911132813	130,710998535156
1,08662922866642	2,18049682617188	130,811004638672
1,087442971766	2,18127905273438	130,910995483398
1,08830770477653	2,18208447265625	131,011001586914
1,0891214478761	2,182994140625	131,110992431641
1,08993530739099	2,18371801757813	131,210998535156
1,09074916690588	2,18450561523438	131,311004638672
1,09156291000545	2,18529125976563	131,410995483398
1,09237665310502	2,18618530273438	131,511001586914
1,09324138611555	2,18727514648438	131,610992431641
1,09405512921512	2,18788110351563	131,710998535156
1,09491974581033	2,18893432617188	131,811004638672
1,09573360532522	2,18969140625	131,910995483398
1,09659822192043	2,19080639648438	132,011001586914
1,09746295493096	2,19164282226563	132,110992431641
1,09827669803053	2,19253735351563	132,210998535156
1,09914143104106	2,19331713867188	132,311004638672
1,10000604763627	2,19421484375	132,410995483398
1,10081990715116	2,1952001953125	132,511001586914
1,10168452374637	2,19565966796875	132,610992431641
1,10254914034158	2,1967373046875	132,710998535156
1,10336299985647	2,19750610351563	132,811004638672
1,10417685937136	2,19810815429688	132,910995483398
1,10504147596657	2,19920776367188	133,011001586914
1,10585533548146	2,199861328125	133,110992431641
1,10666907858104	2,20062084960938	133,210998535156
1,10748293809593	2,20149682617188	133,311004638672
1,10834755469114	2,20239965820313	133,410995483398
1,10916141420603	2,203125	133,511001586914
1,10997527372092	2,20396557617188	133,610992431641
1,11078890040517	2,204857421875	133,710998535156
1,1116536334157	2,20542333984375	133,811004638672
1,11246737651527	2,20638647460938	133,910995483398
1,11328123603016	2,20713159179688	134,011001586914
1,11414585262537	2,20771826171875	134,110992431641
1,11495971214026	2,20850927734375	134,210998535156
1,11582432873547	2,20942504882813	134,311004638672
1,11663818825036	2,21020825195313	134,410995483398
1,11750280484557	2,21105908203125	134,511001586914
1,1183675378561	2,2119111328125	134,610992431641
1,11918128095567	2,21279150390625	134,710998535156
1,1200460139662	2,21360424804688	134,811004638672
1,12085975706577	2,21444409179688	134,910995483398
1,1217244900763	2,21518798828125	135,011001586914
1,12258910667151	2,21568481445313	135,110992431641
1,1234029661864	2,21650805664063	135,210998535156
1,12421670928597	2,21710107421875	135,311004638672
1,12508144229651	2,2177802734375	135,410995483398
1,12589518539608	2,21855224609375	135,511001586914
1,12670892849565	2,21934252929688	135,610992431641
1,12752278801054	2,22013549804688	135,710998535156
1,12833653111011	2,22060913085938	135,811004638672
1,129150390625	2,22159155273438	135,910995483398
1,12996425013989	2,22217358398438	136,011001586914
1,13077799323946	2,2226611328125	136,110992431641
1,13159185275435	2,2233828125	136,210998535156
1,13240559585392	2,22418017578125	136,311004638672
1,1332193389535	2,22463061523438	136,410995483398
1,13403319846839	2,22527856445313	136,511001586914
1,1348978150636	2,22605151367188	136,610992431641
1,13571167457849	2,226728515625	136,710998535156
1,13652553409338	2,22735400390625	136,811004638672
1,13733927719295	2,22814819335938	136,910995483398
1,13820401020348	2,2287001953125	137,011001586914
1,13901775330305	2,2293369140625	137,110992431641
1,13988248631358	2,23013012695313	137,210998535156
1,14069611299783	2,23083178710938	137,311004638672
1,14150997251272	2,2314619140625	137,410995483398
1,14237458910793	2,23208618164063	137,511001586914
1,14323932211846	2,23293774414063	137,610992431641
1,14410405512899	2,23336352539063	137,710998535156
1,14491779822856	2,23430834960938	137,811004638672
1,14578241482377	2,235173828125	137,910995483398
1,1466471478343	2,23576245117188	138,011001586914
1,14751188084483	2,23637817382813	138,110992431641
1,14837649744004	2,237044921875	138,210998535156
1,14924111403525	2,23844262695313	138,311004638672
1,15010584704578	2,23843286132813	138,410995483398
1,15091959014535	2,23888696289063	138,511001586914
1,15173344966024	2,23969921875	138,610992431641
1,15254719275981	2,24031982421875	138,710998535156
1,15341180935502	2,241044921875	138,811004638672
1,15422566886991	2,24153857421875	138,910995483398
1,15503941196948	2,242060546875	139,011001586914
1,15585327148438	2,2428017578125	139,110992431641
1,15671788807958	2,2434814453125	139,210998535156
1,15753174759448	2,24391870117188	139,311004638672
1,15834560710937	2,24448559570313	139,410995483398
1,15915935020894	2,24522265625	139,511001586914
1,16002408321947	2,24578759765625	139,610992431641
1,16083782631904	2,24648754882813	139,710998535156
1,16165156941861	2,24705053710938	139,811004638672
1,16251618601382	2,24753002929688	139,910995483398
1,16333004552871	2,248173828125	140,011001586914
1,1641439050436	2,24877612304688	140,110992431641
1,16500852163881	2,24937841796875	140,210998535156
1,1658223811537	2,24998583984375	140,311004638672
1,16668699774891	2,25058618164063	140,410995483398
1,16755161434412	2,25106762695313	140,511001586914
1,16836547385901	2,25192016601563	140,610992431641
1,16923009045422	2,25216088867188	140,710998535156
1,17004394996911	2,25272924804688	140,811004638672
1,17085780948401	2,25355322265625	140,910995483398
1,17172242607921	2,25374731445313	141,011001586914
1,17253628559411	2,25436840820313	141,110992431641
1,17335002869368	2,25496948242188	141,210998535156
1,17416377179325	2,2554443359375	141,311004638672
1,17497763130814	2,25599609375	141,410995483398
1,17579137440771	2,2565576171875	141,511001586914
1,1766052339226	2,256826171875	141,610992431641
1,17741909343749	2,25752319335938	141,710998535156
1,17823283653706	2,257857421875	141,811004638672
1,17904657963663	2,2583515625	141,910995483398
1,17986043915153	2,25902856445313	142,011001586914
1,1806741822511	2,25920336914063	142,110992431641
1,18153891526163	2,2598955078125	142,210998535156
1,1823526583612	2,26027783203125	142,311004638672
1,18316651787609	2,260654296875	142,410995483398
1,18398037739098	2,26119653320313	142,511001586914
1,18479412049055	2,26172900390625	142,610992431641
1,18565885350108	2,26238696289063	142,710998535156
1,18647248018533	2,26299584960938	142,811004638672
1,18733732961118	2,26343115234375	142,910995483398
1,18820194620639	2,26397680664063	143,011001586914
1,18901568930596	2,26425390625	143,110992431641
1,18988042231649	2,26501123046875	143,210998535156
1,1907450389117	2,26561181640625	143,311004638672
1,19160977192223	2,26605004882813	143,410995483398
1,19247438851744	2,26658374023438	143,511001586914
1,19333900511265	2,26714770507813	143,610992431641
1,19415286462754	2,26779321289063	143,710998535156
1,19501748122275	2,26819384765625	143,811004638672
1,19583134073764	2,26851318359375	143,910995483398
1,19669595733285	2,269	144,011001586914
1,19750981684774	2,26942456054688	144,110992431641
1,19832355994731	2,26985009765625	144,210998535156
1,19918817654252	2,27033447265625	144,311004638672
1,20000203605741	2,27067749023438	144,410995483398
1,20081577915698	2,27107836914063	144,511001586914
1,20162963867188	2,27159765625	144,610992431641
1,20244349818677	2,27203955078125	144,710998535156
1,20330811478198	2,27242065429688	144,811004638672
1,20412197429687	2,27280249023438	144,910995483398
1,20493571739644	2,27314331054688	145,011001586914
1,20580045040697	2,27371997070313	145,110992431641
1,20661419350654	2,27401318359375	145,210998535156
1,20742793660611	2,274494140625	145,311004638672
1,20829255320132	2,27479541015625	145,410995483398
1,20910641271621	2,27512329101563	145,511001586914
1,2099202722311	2,27562841796875	145,610992431641
1,21078488882631	2,27568896484375	145,710998535156
1,2115987483412	2,27651025390625	145,811004638672
1,21246336493641	2,27683862304688	145,910995483398
1,2132772244513	2,27724462890625	146,011001586914
1,21414184104651	2,277552734375	146,110992431641
1,21500645764172	2,27816870117188	146,210998535156
1,21587119065225	2,27883227539063	146,311004638672
1,21668493375182	2,27895874023438	146,410995483398
1,21749879326671	2,2792314453125	146,511001586914
1,21836340986192	2,27948046875	146,610992431641
1,21917726937681	2,28004296875	146,710998535156
1,21999112889171	2,28029516601563	146,811004638672
1,22080475557595	2,280634765625	146,910995483398
1,22161861509085	2,28067578125	147,011001586914
1,22248323168606	2,28109741210938	147,110992431641
1,22324621770531	2,28158740234375	147,210998535156
1,22411095071584	2,28167407226563	147,311004638672
1,22487393673509	2,28183032226563	147,410995483398
1,22568767983466	2,28233837890625	147,511001586914
1,22650142293423	2,2824482421875	147,610992431641
1,22731528244913	2,28282763671875	147,710998535156
1,22817989904433	2,28312573242188	147,811004638672
1,22899375855923	2,28326904296875	147,910995483398
1,2298075016588	2,28365942382813	148,011001586914
1,23067223466933	2,28393139648438	148,110992431641
1,2314859777689	2,28426611328125	148,210998535156
1,23229983728379	2,28475341796875	148,311004638672
1,233164453879	2,28492895507813	148,410995483398
1,23397831339389	2,28523803710938	148,511001586914
1,2348429299891	2,28562451171875	148,610992431641
1,23565678950399	2,2860830078125	148,710998535156
1,2365214060992	2,28615454101563	148,811004638672
1,23738613910973	2,286666015625	148,910995483398
1,23825075570494	2,28688793945313	149,011001586914
1,23911537230015	2,287078125	149,110992431641
1,23992923181504	2,28747265625	149,210998535156
1,24079384841025	2,287693359375	149,311004638672
1,24160770792514	2,2880166015625	149,410995483398
1,24247232452035	2,28831005859375	149,511001586914
1,24328618403524	2,28867041015625	149,610992431641
1,24409992713481	2,28872607421875	149,710998535156
1,24496454373002	2,28890014648438	149,811004638672
1,24577840324491	2,2892724609375	149,910995483398
1,24659214634448	2,28944995117188	150,011001586914
1,24740600585938	2,28971435546875	150,110992431641
1,24821986537427	2,28989575195313	150,210998535156
1,24908448196948	2,28999951171875	150,311004638672
1,24989834148437	2,2902666015625	150,410995483398
1,25071208458394	2,29045141601563	150,511001586914
1,25152582768351	2,29064379882813	150,610992431641
1,25239056069404	2,29073291015625	150,710998535156
1,25320430379361	2,2910546875	150,811004638672
1,25406892038882	2,29134008789063	150,910995483398
1,25488277990371	2,2914814453125	151,011001586914
1,2556966394186	2,29180004882813	151,110992431641
1,25656125601381	2,29173071289063	151,210998535156
1,25742587260902	2,29196142578125	151,311004638672
1,25823973212391	2,29223657226563	151,410995483398
1,25910434871912	2,29252880859375	151,511001586914
1,25996908172965	2,29254223632813	151,610992431641
1,26083369832486	2,29273364257813	151,710998535156
1,26164755783975	2,29298901367188	151,811004638672
1,26251217443496	2,29311499023438	151,910995483398
1,26332603394985	2,2933173828125	152,011001586914
1,26419065054506	2,29331616210938	152,110992431641
1,26500451005995	2,29343359375	152,210998535156
1,26581825315952	2,29371020507813	152,311004638672
1,26663211267442	2,29374853515625	152,410995483398
1,26744597218931	2,29378491210938	152,511001586914
1,26825959887356	2,2938154296875	152,610992431641
1,26907345838845	2,29414965820313	152,710998535156
1,26993807498366	2,29412573242188	152,811004638672
1,27075193449855	2,29404638671875	152,910995483398
1,27156579401344	2,2937109375	153,011001586914
1,27237953711301	2,29427905273438	153,110992431641
1,2731933966279	2,29448583984375	153,210998535156
1,2740072561428	2,29441186523438	153,311004638672
1,27482088282704	2,29437158203125	153,410995483398
1,27563474234194	2,29438745117188	153,511001586914
1,27649935893714	2,29443676757813	153,610992431641
1,27731321845204	2,29440356445313	153,710998535156
1,27812707796693	2,2945234375	153,811004638672
1,27899169456214	2,294677734375	153,910995483398
1,27980555407703	2,294734375	154,011001586914
1,28067017067224	2,29490356445313	154,110992431641
1,28148403018713	2,29493334960938	154,210998535156
1,28234864678234	2,29512622070313	154,311004638672
1,28321326337755	2,29509130859375	154,410995483398
1,28407799638808	2,29534301757813	154,511001586914
1,28494261298329	2,29535375976563	154,610992431641
1,28575647249818	2,2955810546875	154,710998535156
1,28662108909339	2,29539086914063	154,811004638672
1,2874857056886	2,29548095703125	154,910995483398
1,28835043869913	2,29557934570313	155,011001586914
1,2891641817987	2,29569018554688	155,110992431641
1,29002891480923	2,29567944335938	155,210998535156
1,2908426579088	2,29551708984375	155,311004638672
1,29170739091933	2,2955576171875	155,410995483398
1,2925211340189	2,29531103515625	155,511001586914
1,29333499353379	2,2953173828125	155,610992431641
1,29414885304868	2,29504077148438	155,710998535156
1,29496247973293	2,29517138671875	155,811004638672
1,29582721274346	2,2950419921875	155,910995483398
1,29664095584303	2,294939453125	156,011001586914
1,29745481535792	2,2948046875	156,110992431641
1,29826867487282	2,294794921875	156,210998535156
1,29913329146802	2,29461181640625	156,311004638672
1,29994715098292	2,2946845703125	156,410995483398
1,30076089408249	2,29453564453125	156,511001586914
1,30162562709302	2,294318359375	156,610992431641
1,30243937019259	2,29420874023438	156,710998535156
1,30325322970748	2,294220703125	156,811004638672
1,30411784630269	2,29401391601563	156,910995483398
1,30493158940226	2,29388671875	157,011001586914
1,30579632241279	2,29393017578125	157,110992431641
1,30666105542332	2,29374194335938	157,210998535156
1,30747468210757	2,293587890625	157,311004638672
1,30828854162246	2,29344677734375	157,410995483398
1,30915315821767	2,29340112304688	157,511001586914
1,30996701773256	2,29322705078125	157,610992431641
1,31078087724745	2,29310229492188	157,710998535156
1,31164549384266	2,2928115234375	157,811004638672
1,31245935335755	2,29243090820313	157,910995483398
1,31327309645712	2,2923291015625	158,011001586914
1,31408695597202	2,29211889648438	158,110992431641
1,31490069907159	2,291919921875	158,210998535156
1,31571444217116	2,29158764648438	158,311004638672
1,31652830168605	2,2912353515625	158,410995483398
1,31734216120094	2,29105834960938	158,511001586914
1,31815590430051	2,29059521484375	158,610992431641
1,3189697638154	2,2903076171875	158,710998535156
1,3197836233303	2,29004077148438	158,811004638672
1,32059725001454	2,2897333984375	158,910995483398
1,32141110952944	2,28940356445313	159,011001586914
1,32222496904433	2,28917602539063	159,110992431641
1,32308958563954	2,28878857421875	159,210998535156
1,32390344515443	2,28828491210938	159,311004638672
1,32476806174964	2,28796899414063	159,410995483398
1,32558192126453	2,28781103515625	159,511001586914
1,32644653785974	2,28740991210938	159,610992431641
1,32726039737463	2,28694091796875	159,710998535156
1,32812501396984	2,28666455078125	159,811004638672
1,32898963056505	2,28672827148438	159,910995483398
1,32985436357558	2,28582666015625	160,011001586914
1,33071898017079	2,28551440429688	160,110992431641
1,331583596766	2,28519458007813	160,210998535156
1,33244832977653	2,28434204101563	160,311004638672
1,3332620728761	2,28419189453125	160,410995483398
1,33412680588663	2,28373779296875	160,511001586914
1,33499142248183	2,28335620117188	160,610992431641
1,33580528199673	2,28272705078125	160,710998535156
1,3366190250963	2,28213110351563	160,811004638672
1,33748375810683	2,28146557617188	160,910995483398
1,3382975012064	2,28083251953125	161,011001586914
1,33911136072129	2,27997827148438	161,110992431641
1,3399759773165	2,27929614257813	161,210998535156
1,34078983683139	2,2783447265625	161,311004638672
1,34160357993096	2,2772197265625	161,410995483398
1,34246831294149	2,27599169921875	161,511001586914
1,34328205604106	2,27504345703125	161,610992431641
1,34409579914063	2,2730654296875	161,710998535156
1,34490965865552	2,26736059570313	161,811004638672
1,34577427525073	2,22530297851563	161,910995483398
1,34933472145349	-0,153969345092773	161,981994628906
