File Path: D:\Ensayos Víctor\Fase III\Virgen\horizontal\Test Run 13 16-05-2019 12 49 59\DAQ- Crosshead; … - (Timed).txt   
Test: ENSAYOS TRACCION PLA 3
Test Run: Test Run 13
Date: 16/05/2019 12:46:54


Crosshead 	Load 	Time 
mm	kN	sec
0,000203450511548908	0,062476188659668	0,112999998033047
0,000457763661643185	0,0620908241271973	0,212999999523163
0,000915527323286369	0,0621818618774414	0,312999993562698
0,00147501623359858	0,0622919082641602	0,412999987602234
0,00193277992366347	0,0623270492553711	0,513000011444092
0,00239054361372837	0,0628033714294434	0,612999975681305
0,00274658214038936	0,0627078094482422	0,712999999523163
0,00320434560308058	0,0631091156005859	0,813000023365021
0,00371297187484743	0,0634421691894531	0,912999987602234
0,00427246095568989	0,0637841033935547	1,01300001144409
0,00498453755426453	0,0649407806396484	1,11300003528595
0,00574747718928847	0,0658853302001953	1,21300005912781
0,00656127940601436	0,0661802291870117	1,31299996376038
0,00737508162274025	0,0662116317749023	1,41299998760223
0,00818888383946614	0,0665542831420898	1,51300001144409
0,00900268514669733	0,0670888061523438	1,61300003528595
0,00986735085461987	0,0673376083374023	1,71300005912781
0,0106811521618511	0,0673031997680664	1,81299996376038
0,0114949543785769	0,0675759353637695	1,91299998760223
0,0123596191770048	0,0678244781494141	2,01300001144409
0,013173420484236	0,0680961837768555	2,11299991607666
0,0140380861921585	0,0689016342163086	2,21300005912781
0,0148518874993897	0,0685990142822266	2,31299996376038
0,0157165522978175	0,0688480377197266	2,41300010681152
0,0165812161867507	0,0689925079345703	2,51300001144409
0,0174458818946732	0,0691666641235352	2,61299991607666
0,0182596832019044	0,0692355728149414	2,71300005912781
0,0191243489098269	0,0696406326293945	2,81299996376038
0,0199890127987601	0,0694888153076172	2,91300010681152
0,0208536785066826	0,0702078247070313	3,01300001144409
0,0217183442146052	0,0702688446044922	3,11299991607666
0,022532143702847	0,0708533325195313	3,21300005912781
0,0233968112297589	0,0704113159179688	3,31299996376038
0,0242106107180007	0,0711667327880859	3,41300010681152
0,0250244138442213	0,0706847381591797	3,51300001144409
0,0258382169704419	0,0714693298339844	3,61299991607666
0,026702880859375	0,0710470123291016	3,71300005912781
0,0275166839855956	0,0716596984863281	3,81299996376038
0,0283304852928268	0,0718331756591797	3,91300010681152
0,029144286600058	0,071619140625	4,01300001144409
0,0300089504889911	0,0722448120117188	4,11299991607666
0,0308227536152117	0,0724089584350586	4,21299982070923
0,0316365549224429	0,072547004699707	4,31300020217896
0,0324503598676529	0,0732933197021484	4,41300010681152
0,0333150201186072	0,0734901580810547	4,51300001144409
0,0341288250638172	0,0742200546264648	4,61299991607666
0,0349426263710484	0,0748399810791016	4,71299982070923
0,0358072938979603	0,0751878890991211	4,81300020217896
0,0366210952051915	0,0765912170410156	4,91300010681152
0,0374857590941247	0,0764331893920898	5,01300001144409
0,0382995604013558	0,0773788299560547	5,11299991607666
0,0391642279282678	0,077898567199707	5,21299982070923
0,0399780255975202	0,0786494522094727	5,31300020217896
0,0408426931244321	0,0786145477294922	5,41300010681152
0,0417073570133653	0,0795370788574219	5,51300001144409
0,0425211583205964	0,0801655960083008	5,61299991607666
0,0433858222095296	0,0810617752075195	5,71299982070923
0,0441996271547396	0,0816495208740234	5,81300020217896
0,0450134284619708	0,0820655059814453	5,91300010681152
0,0458780923509039	0,0831415481567383	6,01300001144409
0,0466918936581351	0,0830066070556641	6,11299991607666
0,0475056949653663	0,0840387344360352	6,21299982070923
0,0483194999105763	0,0848026504516602	6,31300020217896
0,0491333012178075	0,0858296279907227	6,41300010681152
0,0499471025250386	0,0872321929931641	6,51300001144409
0,0507609074702486	0,0884954376220703	6,61299991607666
0,051625567721203	0,0900515594482422	6,71299982070923
0,052439372666413	0,0907083587646484	6,81300020217896
0,0532531739736442	0,0922302398681641	6,91300010681152
0,0540669752808753	0,094056037902832	7,01300001144409
0,0549316391698085	0,0950096893310547	7,11299991607666
0,0557454404770397	0,0966305694580078	7,21299982070923
0,0566101080039516	0,0977312393188477	7,31300020217896
0,0574239093111828	0,0988196868896484	7,41300010681152
0,0582885732001159	0,100859634399414	7,51300001144409
0,0591532407270279	0,101509300231934	7,61299991607666
0,0599670420342591	0,103351219177246	7,71299982070923
0,0608317059231922	0,104118873596191	7,81300020217896
0,0616963661741465	0,105628379821777	7,91300010681152
0,0625101674813777	0,107182792663574	8,01299953460693
0,0633748422842473	0,108160530090332	8,11299991607666
0,0642395025352016	0,109676200866699	8,21300029754639
0,0650533038424328	0,111379905700684	8,3129997253418
0,0659179713693447	0,112432395935059	8,41300010681152
0,0667317726765759	0,113765617370605	8,51299953460693
0,0675964329275303	0,114937576293945	8,61299991607666
0,0684102415107191	0,116496559143066	8,71300029754639
0,0692749017616734	0,11746174621582	8,8129997253418
0,0700887103448622	0,118965217590332	8,91300010681152
0,0709025043761358	0,120320152282715	9,01299953460693
0,0717671719030477	0,121948745727539	9,11299991607666
0,0725809732102789	0,122469635009766	9,21300029754639
0,0733947745175101	0,123385734558105	9,3129997253418
0,0742085831006989	0,12472501373291	9,41300010681152
0,0750223771319725	0,12536548614502	9,51299953460693
0,0758870446588844	0,126635948181152	9,61299991607666
0,0767008459661156	0,127503700256348	9,71300029754639
0,0775146472733468	0,129281143188477	9,8129997253418
0,0783284558565356	0,130149993896484	9,91300010681152
0,0791931161074899	0,130969497680664	10,0129995346069
0,0800069174147211	0,131899063110352	10,1129999160767
0,080871584941633	0,133212600708008	10,2130002975464
0,0816853862488642	0,134122695922852	10,3129997253418
0,0825500464998186	0,135133605957031	10,4130001068115
0,0833638550830074	0,13641162109375	10,5129995346069
0,0842285153339617	0,137546020507813	10,6129999160767
0,085093175584916	0,138437057495117	10,7130002975464
0,0859578503877856	0,140115188598633	10,8129997253418
0,0867716444190592	0,140432388305664	10,9130001068115
0,0876363119459711	0,141714904785156	11,0129995346069
0,0884501132532023	0,142729339599609	11,1129999160767
0,0893147807801142	0,143977493286133	11,2130002975464
0,0901285748113878	0,145647079467773	11,3129997253418
0,0909932496142574	0,146483551025391	11,4130001068115
0,0918070436455309	0,147712753295898	11,5129995346069
0,0926208522287197	0,149312896728516	11,6129999160767
0,0934346535359509	0,150403289794922	11,7130002975464
0,0942484548431821	0,152142654418945	11,8129997253418
0,0950622561504133	0,152780792236328	11,9130001068115
0,0958760574576445	0,154099700927734	12,0129995346069
0,0966898587648757	0,155137893676758	12,1129999160767
0,0975036600721069	0,156600570678711	12,2130002975464
0,0983174686552957	0,157633499145508	12,3129997253418
0,0991312626865692	0,158918151855469	12,4130001068115
0,0999959302134812	0,159912307739258	12,5129995346069
0,100809731520712	0,160644424438477	12,6129999160767
0,101623532827944	0,161835464477539	12,7130002975464
0,102437341411132	0,163317108154297	12,8129997253418
0,103251135442406	0,165091598510742	12,9130001068115
0,104115802969318	0,166083297729492	13,0129995346069
0,104929604276549	0,168207000732422	13,1129999160767
0,105794271803461	0,169651489257813	13,2130002975464
0,106608073110692	0,171414962768555	13,3129997253418
0,107472740637604	0,173021423339844	13,4130001068115
0,108286534668878	0,17454508972168	13,5129995346069
0,109151209471747	0,176006759643555	13,6129999160767
0,109965003503021	0,177966827392578	13,7130002975464
0,110829671029933	0,179226455688477	13,8129997253418
0,111694338556845	0,180965148925781	13,9130001068115
0,112508139864076	0,182432922363281	14,0129995346069
0,11337280011503	0,183838668823242	14,1129999160767
0,114237467641942	0,185791519165039	14,2130002975464
0,115051268949173	0,18756965637207	14,3129997253418
0,115915929200128	0,188830841064453	14,4130001068115
0,116729737783317	0,190694427490234	14,5129995346069
0,117543539090548	0,192038543701172	14,6129999160767
0,11840820661746	0,194582443237305	14,7130002975464
0,119222007924691	0,195534942626953	14,8129997253418
0,120035801955964	0,196704727172852	14,9130001068115
0,120849610539153	0,198664215087891	15,0129995346069
0,121714270790108	0,200230514526367	15,1129999160767
0,122528072097339	0,201950973510742	15,2130002975464
0,123341887956485	0,203471130371094	15,3129997253418
0,124206548207439	0,205267944335938	15,4130001068115
0,125020334962755	0,206410385131836	15,5129995346069
0,125885009765625	0,208191635131836	15,6129999160767
0,126698811072856	0,210002838134766	15,7130002975464
0,127512612380087	0,211585311889648	15,8129997253418
0,128377272631042	0,212982055664063	15,9130001068115
0,129191088490188	0,214790557861328	16,0130004882813
0,130055734189227	0,2165087890625	16,113000869751
0,130869550048374	0,217977416992188	16,2129993438721
0,131683351355605	0,219774230957031	16,3129997253418
0,132548026158474	0,221319778442383	16,4130001068115
0,13336181291379	0,223419525146484	16,5130004882813
0,13422648771666	0,224822967529297	16,613000869751
0,135040289023891	0,226374298095703	16,7129993438721
0,135904949274845	0,227998565673828	16,8129997253418
0,136718750582077	0,230029281616211	16,9130001068115
0,137532551889308	0,23136750793457	17,0130004882813
0,138397212140262	0,232933486938477	17,113000869751
0,139211013447493	0,234672424316406	17,2129993438721
0,14002482930664	0,236343795776367	17,3129997253418
0,140838616061956	0,238261352539063	17,4130001068115
0,141652417369187	0,239387664794922	17,5130004882813
0,142466233228333	0,240901550292969	17,613000869751
0,143280034535564	0,242468490600586	17,7129993438721
0,14409382129088	0,244293319702148	17,8129997253418
0,144907637150027	0,246219024658203	17,9130001068115
0,145772297400981	0,247886734008789	18,0130004882813
0,146586098708212	0,249305725097656	18,113000869751
0,147399900015444	0,25115153503418	18,2129993438721
0,148213701322675	0,252750625610352	18,3129997253418
0,149078376125544	0,254473022460938	18,4130001068115
0,14989216288086	0,255928131103516	18,5130004882813
0,150705978740007	0,257972259521484	18,613000869751
0,151570638990961	0,259188537597656	18,7129993438721
0,152384440298192	0,261382202148438	18,8129997253418
0,153249100549147	0,263007507324219	18,9130001068115
0,154062916408293	0,265066375732422	19,0130004882813
0,154927562107332	0,266776702880859	19,113000869751
0,155792236910202	0,268239776611328	19,2129993438721
0,156606038217433	0,270133636474609	19,3129997253418
0,157470698468387	0,271642822265625	19,4130001068115
0,158335373271257	0,273602081298828	19,5130004882813
0,159200033522211	0,275464538574219	19,613000869751
0,160064693773165	0,276975891113281	19,7129993438721
0,160878495080397	0,278783966064453	19,8129997253418
0,161743169883266	0,280256134033203	19,9130001068115
0,162556956638582	0,282354278564453	20,0130004882813
0,163370772497728	0,284428070068359	20,113000869751
0,16418457380496	0,285454315185547	20,2129993438721
0,165049234055914	0,287421783447266	20,3129997253418
0,165863035363145	0,289067291259766	20,4130001068115
0,166676836670376	0,290475555419922	20,5130004882813
0,167490652529523	0,292479553222656	20,613000869751
0,168304439284839	0,293873229980469	20,7129993438721
0,169169114087708	0,296019348144531	20,8129997253418
0,169982915394939	0,297442260742188	20,9130001068115
0,170796702150255	0,299492462158203	21,0130004882813
0,171661376953125	0,301104187011719	21,113000869751
0,172475178260356	0,302979461669922	21,2129993438721
0,173288979567587	0,304375793457031	21,3129997253418
0,174153639818542	0,3061728515625	21,4130001068115
0,174967455677688	0,308018737792969	21,5130004882813
0,175832101376727	0,309469451904297	21,613000869751
0,176645917235874	0,311438232421875	21,7129993438721
0,177510577486828	0,313332763671875	21,8129997253418
0,178324393345974	0,315005706787109	21,9130001068115
0,179189039045013	0,316644104003906	22,0130004882813
0,180053713847883	0,318459747314453	22,113000869751
0,180867515155114	0,320273590087891	22,2129993438721
0,181681316462345	0,321935729980469	22,3129997253418
0,1825459767133	0,323609100341797	22,4130001068115
0,183359792572446	0,325384216308594	22,5130004882813
0,184173579327762	0,327528503417969	22,613000869751
0,184987380634993	0,328929138183594	22,7129993438721
0,18580119649414	0,33019873046875	22,8129997253418
0,186665842193179	0,332339050292969	22,9130001068115
0,187479658052325	0,3340810546875	23,0130004882813
0,188293459359556	0,335888580322266	23,113000869751
0,189107260666788	0,337637145996094	23,2129993438721
0,189921061974019	0,33914501953125	23,3129997253418
0,19073486328125	0,340824920654297	23,4130001068115
0,191548664588481	0,342365173339844	23,5130004882813
0,192362465895712	0,344413726806641	23,613000869751
0,193227126146667	0,346023956298828	23,7129993438721
0,194040942005813	0,348042053222656	23,8129997253418
0,194854743313044	0,349766143798828	23,9130001068115
0,195719403563999	0,351109069824219	24,0130004882813
0,19653320487123	0,353102142333984	24,113000869751
0,197397879674099	0,355284240722656	24,2129993438721
0,198211666429415	0,356487701416016	24,3129997253418
0,199076341232285	0,358531097412109	24,4130001068115
0,199890142539516	0,3603935546875	24,5130004882813
0,20075480279047	0,362302459716797	24,613000869751
0,201568604097702	0,363731292724609	24,7129993438721
0,202433278900571	0,365776550292969	24,8129997253418
0,20329792459961	0,367558959960938	24,9130001068115
0,204111740458757	0,369290313720703	25,0130004882813
0,204976400709711	0,371161437988281	25,113000869751
0,205790202016942	0,372954650878906	25,2129993438721
0,206654862267897	0,374579071044922	25,3129997253418
0,207468678127043	0,376288208007813	25,4130001068115
0,208333323826082	0,378178833007813	25,5130004882813
0,209147139685228	0,379870300292969	25,613000869751
0,20996094099246	0,381512298583984	25,7129993438721
0,210774727747776	0,383359375	25,8129997253418
0,211639402550645	0,385221923828125	25,9130001068115
0,212453203857876	0,386893280029297	26,0130004882813
0,213267019717023	0,388596832275391	26,113000869751
0,214080806472339	0,390463134765625	26,2129993438721
0,21489460777957	0,392107269287109	26,3129997253418
0,215708423638716	0,393874938964844	26,4130001068115
0,216573069337755	0,395641082763672	26,5130004882813
0,217386885196902	0,397279449462891	26,613000869751
0,218200686504133	0,399348083496094	26,7129993438721
0,219065346755087	0,400863464355469	26,8129997253418
0,219879148062319	0,402609313964844	26,9130001068115
0,22069294936955	0,404465148925781	27,0130004882813
0,221557624172419	0,406419952392578	27,113000869751
0,222371410927735	0,408090667724609	27,2129993438721
0,223236085730605	0,409702178955078	27,3129997253418
0,224100760533474	0,411761688232422	27,4130001068115
0,22491454728879	0,413606597900391	27,5130004882813
0,22577922209166	0,4154228515625	27,613000869751
0,226593023398891	0,417336883544922	27,7129993438721
0,227457683649845	0,418845397949219	27,8129997253418
0,228271484957077	0,420691162109375	27,9130001068115
0,229136159759946	0,422529235839844	28,0130004882813
0,229949946515262	0,424187438964844	28,113000869751
0,230763747822493	0,426148559570313	28,2129993438721
0,23157756368164	0,427894989013672	28,3129997253418
0,232391350436956	0,42966552734375	28,4130001068115
0,233205151744187	0,431188598632813	28,5130004882813
0,234018967603333	0,433003936767578	28,613000869751
0,234832768910564	0,434669158935547	28,7129993438721
0,23564655566588	0,436394165039063	28,8129997253418
0,236460371525027	0,438235870361328	28,9130001068115
0,237274172832258	0,439791748046875	29,0130004882813
0,238087974139489	0,441713409423828	29,113000869751
0,23890177544672	0,443384979248047	29,2129993438721
0,239715576753952	0,445176239013672	29,3129997253418
0,240529378061183	0,447247741699219	29,4130001068115
0,241394038312137	0,448813323974609	29,5130004882813
0,242207839619368	0,45054150390625	29,613000869751
0,243072514422238	0,452123931884766	29,7129993438721
0,243886301177554	0,454435150146484	29,8129997253418
0,2447001170367	0,455831573486328	29,9130001068115
0,245564762735739	0,457735046386719	30,0130004882813
0,246378593146801	0,459521911621094	30,113000869751
0,24724323884584	0,461322387695313	30,2129993438721
0,24810791364871	0,462981292724609	30,3129997253418
0,248921714955941	0,464832458496094	30,4130001068115
0,24978638975881	0,466764495849609	30,5130004882813
0,25065103545785	0,468420104980469	30,613000869751
0,251464836765081	0,470361358642578	30,7129993438721
0,25232951156795	0,472359283447266	30,8129997253418
0,25319418637082	0,473973388671875	30,9130001068115
0,254007958574221	0,475606292724609	31,0130004882813
0,254821788985282	0,477389465332031	31,113000869751
0,255686434684321	0,479861328125	31,2129993438721
0,256500235991552	0,481027862548828	31,3129997253418
0,257314066402614	0,482405303955078	31,4130001068115
0,258127838606015	0,484751861572266	31,5130004882813
0,258992513408884	0,485842224121094	31,613000869751
0,259806314716116	0,488071197509766	31,7129993438721
0,260620116023347	0,489709777832031	31,8129997253418
0,261484761722386	0,491563354492188	31,9130001068115
0,262298592133448	0,493262573242188	32,0130004882813
0,263112393440679	0,495068115234375	32,1129989624023
0,263926165644079	0,496933441162109	32,2130012512207
0,264790869550779	0,498941955566406	32,3129997253418
0,26560464175418	0,500504272460938	32,4129981994629
0,26646931655705	0,502290618896484	32,5130004882813
0,267283117864281	0,503978057861328	32,6129989624023
0,268147792667151	0,505838104248047	32,7130012512207
0,268961564870551	0,507520690917969	32,8129997253418
0,269826268777251	0,509376892089844	32,9129981994629
0,270640040980652	0,511301666259766	33,0130004882813
0,271504715783522	0,513070678710938	33,1129989624023
0,272318517090753	0,515033935546875	33,2130012512207
0,273183191893622	0,51662646484375	33,3129997253418
0,274047837592661	0,518378784179688	33,4129981994629
0,274861668003723	0,519993835449219	33,5130004882813
0,275675440207124	0,52172998046875	33,6129989624023
0,276489270618185	0,523724792480469	33,7130012512207
0,277303071925417	0,52549267578125	33,8129997253418
0,278167717624456	0,527002807617188	33,9129981994629
0,278981548035517	0,52894189453125	34,0130004882813
0,279795320238918	0,530557800292969	34,1129989624023
0,280609121546149	0,532328735351563	34,2130012512207
0,281422951957211	0,534002563476563	34,3129997253418
0,282236724160612	0,535805847167969	34,4129981994629
0,283050525467843	0,537989562988281	34,5130004882813
0,283864355878904	0,539250610351563	34,6129989624023
0,284729001577944	0,541177062988281	34,7130012512207
0,285542802885175	0,543070434570313	34,8129997253418
0,286356604192406	0,544952209472656	34,9129981994629
0,287170405499637	0,546591918945313	35,0130004882813
0,288035051198676	0,548404052734375	35,1129989624023
0,288848881609738	0,550092834472656	35,2130012512207
0,289713527308777	0,551705627441406	35,3129997253418
0,290527357719839	0,553668518066406	35,4129981994629
0,291392003418878	0,555413940429688	35,5130004882813
0,292205804726109	0,557036499023438	35,6129989624023
0,293070479528978	0,559115905761719	35,7130012512207
0,29388428083621	0,560673461914063	35,8129997253418
0,294748926535249	0,562562255859375	35,9129981994629
0,29556275694631	0,564490051269531	36,0130004882813
0,29642740264535	0,5664814453125	36,1129989624023
0,297292077448219	0,568227111816406	36,2130012512207
0,29810587875545	0,570249206542969	36,3129997253418
0,29897055355832	0,571721496582031	36,4129981994629
0,299784325761721	0,573397094726563	36,5130004882813
0,300649029668421	0,575015991210938	36,6129989624023
0,301462801871821	0,576793701171875	36,7130012512207
0,302327476674691	0,578373718261719	36,8129997253418
0,303141277981922	0,580435668945313	36,9129981994629
0,303955079289153	0,581891052246094	37,0130004882813
0,304768880596384	0,583728942871094	37,1129989624023
0,305633555399254	0,5857587890625	37,2130012512207
0,306447356706485	0,587314880371094	37,3129997253418
0,307261128909886	0,588965026855469	37,4129981994629
0,308074959320948	0,590714111328125	37,5130004882813
0,308888760628179	0,592541564941406	37,6129989624023
0,309753406327218	0,5943525390625	37,7130012512207
0,310567236738279	0,596309143066406	37,8129997253418
0,31138100894168	0,597583740234375	37,9129981994629
0,31224568374455	0,599486083984375	38,0130004882813
0,313059485051781	0,601192199707031	38,1129989624023
0,313924159854651	0,603123474121094	38,2130012512207
0,314737932058051	0,6051064453125	38,3129997253418
0,315602635964751	0,606567565917969	38,4129981994629
0,316416408168152	0,608457641601563	38,5130004882813
0,317281082971022	0,610330383300781	38,6129989624023
0,318094884278253	0,612326477050781	38,7130012512207
0,318959559081122	0,613703430175781	38,8129997253418
0,319773360388353	0,615494873046875	38,9129981994629
0,320638035191223	0,617289001464844	39,0130004882813
0,321451807394624	0,619038330078125	39,1129989624023
0,322265637805685	0,620760925292969	39,2130012512207
0,323130283504725	0,622279235839844	39,3129997253418
0,323944084811956	0,624045532226563	39,4129981994629
0,324757915223017	0,625811157226563	39,5130004882813
0,325571687426418	0,627405700683594	39,6129989624023
0,326385488733649	0,629204772949219	39,7130012512207
0,327199319144711	0,630994018554688	39,8129997253418
0,328013091348112	0,632608764648438	39,9129981994629
0,328826892655343	0,634269104003906	40,0130004882813
0,329640723066404	0,636064697265625	40,1129989624023
0,330454495269805	0,637659240722656	40,2130012512207
0,331268296577036	0,639162353515625	40,3129997253418
0,332082126988098	0,641179321289063	40,4129981994629
0,332946772687137	0,642785522460938	40,5130004882813
0,333760603098199	0,64471728515625	40,6129989624023
0,3345743753016	0,646398742675781	40,7130012512207
0,335388176608831	0,64800927734375	40,8129997253418
0,3362528514117	0,649833801269531	40,9129981994629
0,337066652718931	0,651528198242188	41,0130004882813
0,337931298417971	0,653273742675781	41,1129989624023
0,338745128829032	0,654964294433594	41,2130012512207
0,339558930136263	0,656802185058594	41,3129997253418
0,340423575835302	0,658522705078125	41,4129981994629
0,341237406246364	0,660149230957031	41,5130004882813
0,342102051945403	0,662229125976563	41,6129989624023
0,342966697644442	0,663863220214844	41,7130012512207
0,343780528055504	0,665682312011719	41,8129997253418
0,344645173754543	0,66719921875	41,9129981994629
0,345509848557413	0,669447387695313	42,0130004882813
0,346323649864644	0,671171997070313	42,1129989624023
0,347188324667513	0,672628967285156	42,2130012512207
0,348002096870914	0,674462036132813	42,3129997253418
0,348866800777614	0,676406066894531	42,4129981994629
0,349680572981015	0,678027099609375	42,5130004882813
0,350494374288246	0,679768737792969	42,6129989624023
0,351308204699308	0,681429077148438	42,7130012512207
0,352121976902708	0,682972717285156	42,8129997253418
0,35293577820994	0,684718505859375	42,9129981994629
0,353800453012809	0,68660400390625	43,0130004882813
0,35461425432004	0,688493591308594	43,1129989624023
0,355428055627272	0,6899140625	43,2130012512207
0,356241856934503	0,691755004882813	43,3129997253418
0,357106531737372	0,693661376953125	43,4129981994629
0,357920333044603	0,695417907714844	43,5130004882813
0,358785007847473	0,69719677734375	43,6129989624023
0,359598780050874	0,698995056152344	43,7130012512207
0,360463483957574	0,700902465820313	43,8129997253418
0,361277256160975	0,702371276855469	43,9129981994629
0,362141930963844	0,704107055664063	44,0130004882813
0,362955732271075	0,705790710449219	44,1129989624023
0,363820407073945	0,707470458984375	44,2130012512207
0,364634179277346	0,709456176757813	44,3129997253418
0,365498883184046	0,711434265136719	44,4129981994629
0,366312655387446	0,712788696289063	44,5130004882813
0,367177330190316	0,714562133789063	44,6129989624023
0,367991131497547	0,716162719726563	44,7130012512207
0,368804932804778	0,718198303222656	44,8129997253418
0,369618734112009	0,719942626953125	44,9129981994629
0,370432535419241	0,721800048828125	45,0130004882813
0,371246336726472	0,723503662109375	45,1129989624023
0,372060138033703	0,72507958984375	45,2130012512207
0,372873939340934	0,726612182617188	45,3129997253418
0,373687740648165	0,728195556640625	45,4129981994629
0,374552386347204	0,729983154296875	45,5130004882813
0,375366216758266	0,731948120117188	45,6129989624023
0,376180018065497	0,733639831542969	45,7130012512207
0,376993819372728	0,735008361816406	45,8129997253418
0,37780762067996	0,737412353515625	45,9129981994629
0,378621421987191	0,738486511230469	46,0130004882813
0,37948609679006	0,740344543457031	46,1129989624023
0,380299898097292	0,742077941894531	46,2130012512207
0,381113670300692	0,743811096191406	46,3129997253418
0,381978374207392	0,745440368652344	46,4129981994629
0,382792146410793	0,747210510253906	46,5130004882813
0,383656821213663	0,749123046875	46,6129989624023
0,384470622520894	0,750827331542969	46,7130012512207
0,385335297323763	0,7523623046875	46,8129997253418
0,386149069527164	0,754272521972656	46,9129981994629
0,387013773433864	0,756043762207031	47,0130004882813
0,387878419132903	0,757749450683594	47,1129989624023
0,388743064831942	0,759497619628906	47,2130012512207
0,389556895243004	0,761320739746094	47,3129997253418
0,390421540942043	0,76310888671875	47,4129981994629
0,391286215744913	0,764723327636719	47,5130004882813
0,392100017052144	0,766568176269531	47,6129989624023
0,392913818359375	0,768323791503906	47,7130012512207
0,393778464058414	0,769933471679688	47,8129997253418
0,394592294469476	0,771673400878906	47,9129981994629
0,395406095776707	0,773434936523438	48,0130004882813
0,396219867980108	0,774967651367188	48,1129989624023
0,397084571886808	0,776627380371094	48,2130012512207
0,397898344090208	0,778309875488281	48,3129997253418
0,39871214539744	0,780068664550781	48,4129981994629
0,399525975808501	0,781765441894531	48,5130004882813
0,400339748011902	0,783728576660156	48,6129989624023
0,401153578422964	0,785228210449219	48,7130012512207
0,401967379730195	0,786619750976563	48,8129997253418
0,402832025429234	0,788465759277344	48,9129981994629
0,403645855840296	0,790267272949219	49,0130004882813
0,404459628043696	0,791844116210938	49,1129989624023
0,405324302846566	0,793793334960938	49,2130012512207
0,406138104153797	0,795207702636719	49,3129997253418
0,406951905461028	0,797038513183594	49,4129981994629
0,407816551160067	0,798831420898438	49,5130004882813
0,408630381571129	0,800455261230469	49,6129989624023
0,409495027270168	0,802353698730469	49,7130012512207
0,410308828577399	0,803848937988281	49,8129997253418
0,411173503380269	0,805653442382813	49,9129981994629
0,4119873046875	0,807398132324219	50,0130004882813
0,412801105994731	0,808885498046875	50,1129989624023
0,413614907301962	0,810630676269531	50,2130012512207
0,414479582104832	0,812386596679688	50,3129997253418
0,415293354308233	0,813941467285156	50,4129981994629
0,416107184719294	0,815687438964844	50,5130004882813
0,416920986026526	0,817407653808594	50,6129989624023
0,417734758229926	0,819189758300781	50,7130012512207
0,418548588640988	0,82077783203125	50,8129997253418
0,419362389948219	0,822554504394531	50,9129981994629
0,42017619125545	0,824113464355469	51,0130004882813
0,420989992562681	0,82588916015625	51,1129989624023
0,421803793869913	0,827559814453125	51,2130012512207
0,422617595177144	0,829299072265625	51,3129997253418
0,423431396484375	0,830922302246094	51,4129981994629
0,424296042183414	0,832293823242188	51,5130004882813
0,425109872594476	0,834126098632813	51,6129989624023
0,425923673901707	0,835657653808594	51,7130012512207
0,426737446105108	0,837321105957031	51,8129997253418
0,427602150011808	0,838924499511719	51,9129981994629
0,428415922215208	0,840865417480469	52,0130004882813
0,42922972352244	0,842506164550781	52,1129989624023
0,430094398325309	0,844301696777344	52,2130012512207
0,43090819963254	0,845767883300781	52,3129997253418
0,431772845331579	0,847630981445313	52,4129981994629
0,432637549238279	0,84971240234375	52,5130004882813
0,43345132144168	0,851146667480469	52,6129989624023
0,43431599624455	0,852607727050781	52,7130012512207
0,435180671047419	0,854555236816406	52,8129997253418
0,436045316746458	0,856315795898438	52,9129981994629
0,43685911805369	0,858036071777344	53,0130004882813
0,437723792856559	0,859882263183594	53,1129989624023
0,438588467659429	0,861352478027344	53,2130012512207
0,439402239862829	0,863097229003906	53,3129997253418
0,440216070273891	0,864915100097656	53,4129981994629
0,44108071597293	0,866623413085938	53,5130004882813
0,441894517280161	0,867837829589844	53,6129989624023
0,442708347691223	0,869443054199219	53,7130012512207
0,443522119894624	0,870967529296875	53,8129997253418
0,444335950305685	0,873179321289063	53,9129981994629
0,445149751612917	0,874688232421875	54,0130004882813
0,446014397311956	0,876634094238281	54,1129989624023
0,446828227723017	0,877946716308594	54,2130012512207
0,447641999926418	0,879889465332031	54,3129997253418
0,448455801233649	0,881340026855469	54,4129981994629
0,449269631644711	0,882613037109375	54,5130004882813
0,45013427734375	0,884513793945313	54,6129989624023
0,450948078650981	0,886261657714844	54,7130012512207
0,451761879958212	0,888037353515625	54,8129997253418
0,452626554761082	0,889711853027344	54,9129981994629
0,453440326964483	0,891456298828125	55,0130004882813
0,454305030871183	0,893060974121094	55,1129989624023
0,455118803074583	0,894737670898438	55,2130012512207
0,455932604381815	0,896590759277344	55,3129997253418
0,456797279184684	0,898250671386719	55,4129981994629
0,457611080491915	0,899841735839844	55,5130004882813
0,458475726190954	0,901692626953125	55,6129989624023
0,459289556602016	0,903360595703125	55,7130012512207
0,460154202301055	0,904868286132813	55,8129997253418
0,460968003608286	0,906670104980469	55,9129981994629
0,461781834019348	0,908107543945313	56,0130004882813
0,462646479718387	0,909955017089844	56,1129989624023
0,463460310129449	0,911646606445313	56,2130012512207
0,46427408233285	0,913279724121094	56,3129997253418
0,465138757135719	0,914818786621094	56,4129981994629
0,46595255844295	0,916612915039063	56,5130004882813
0,466766359750181	0,918217651367188	56,6129989624023
0,467580161057413	0,92000244140625	56,7130012512207
0,468393962364644	0,921604553222656	56,8129997253418
0,469207763671875	0,923220764160156	56,9129981994629
0,470021564979106	0,924984924316406	57,0130004882813
0,470886239781976	0,9265703125	57,1129989624023
0,471700041089207	0,928339294433594	57,2130012512207
0,472513813292608	0,929859375	57,3129997253418
0,473327643703669	0,931636535644531	57,4129981994629
0,474192289402708	0,933299072265625	57,5130004882813
0,47500609070994	0,93478271484375	57,6129989624023
0,475870765512809	0,937222229003906	57,7130012512207
0,47668456682004	0,938127197265625	57,8129997253418
0,477549212519079	0,940138610839844	57,9129981994629
0,478363042930141	0,941732238769531	58,0130004882813
0,47922768862918	0,943362487792969	58,1129989624023
0,48009236343205	0,94498193359375	58,2130012512207
0,480906164739281	0,946694641113281	58,3129997253418
0,481770839542151	0,9486142578125	58,4129981994629
0,48263548524119	0,950348083496094	58,5130004882813
0,483500160044059	0,951944519042969	58,6129989624023
0,48431396135129	0,954139526367188	58,7130012512207
0,485178607050329	0,955372985839844	58,8129997253418
0,486043310957029	0,956985656738281	58,9129981994629
0,48685708316043	0,9588154296875	59,0130004882813
0,487670884467661	0,960715698242188	59,1129989624023
0,488484685774893	0,962134948730469	59,2130012512207
0,489349360577762	0,963840576171875	59,3129997253418
0,490163161884993	0,965452697753906	59,4129981994629
0,490976963192225	0,966986145019531	59,5130004882813
0,491790764499456	0,968435974121094	59,6129989624023
0,492604565806687	0,969923583984375	59,7130012512207
0,493418367113918	0,971880493164063	59,8129997253418
0,494283041916788	0,973485107421875	59,9129981994629
0,495096843224019	0,974896789550781	60,0130004882813
0,49591064453125	0,976801208496094	60,1129989624023
0,496724445838481	0,978715515136719	60,2130012512207
0,497589120641351	0,980279541015625	60,3129997253418
0,498402921948582	0,981674682617188	60,4129981994629
0,499267596751451	0,983408752441406	60,5130004882813
0,500081339851022	0,984916870117188	60,6129989624023
0,500895199365914	0,986713317871094	60,7130012512207
0,501759815961123	0,988499816894531	60,8129997253418
0,502573675476015	0,989808837890625	60,9129981994629
0,503438292071223	0,991805419921875	61,0130004882813
0,504302966874093	0,993580993652344	61,1129989624023
0,505116768181324	0,995027709960938	61,2130012512207
0,505930627696216	0,996594909667969	61,3129997253418
0,506795244291425	0,99848388671875	61,4129981994629
0,507609045598656	1,00000549316406	61,5130004882813
0,508422846905887	1,00174822998047	61,6129989624023
0,509236648213118	1,00377502441406	61,7130012512207
0,51005044952035	1,00494201660156	61,8129997253418
0,510864250827581	1,00647552490234	61,9129981994629
0,511678052134812	1,00800518798828	62,0130004882813
0,512491853442043	1,00937762451172	62,1129989624023
0,513305654749274	1,01106372070313	62,2130012512207
0,514119456056505	1,0128642578125	62,3129997253418
0,514933315571398	1,01450134277344	62,4129981994629
0,515747058670968	1,01621759033203	62,5130004882813
0,516560859978199	1,01759680175781	62,6129989624023
0,517374719493091	1,01935955810547	62,7130012512207
0,5182393360883	1,02075445556641	62,8129997253418
0,519053137395531	1,02263421630859	62,9129981994629
0,519866938702762	1,02410571289063	63,0130004882813
0,520680740009993	1,02601770019531	63,1129989624023
0,521545414812863	1,02780627441406	63,2130012512207
0,522359216120094	1,02931018066406	63,3129997253418
0,523173017427325	1,03062573242188	63,4129981994629
0,524037634022534	1,032455078125	63,5130004882813
0,524851493537426	1,03405688476563	63,6129989624023
0,525716110132635	1,0356904296875	63,7130012512207
0,526580784935504	1,03758422851563	63,8129997253418
0,527394586242735	1,03928759765625	63,9129981994629
0,528259261045605	1,04075500488281	64,0130004882813
0,529123935848475	1,04229846191406	64,1129989624023
0,529937737155706	1,04402209472656	64,2129974365234
0,530802411958575	1,04542016601563	64,3130035400391
0,531616213265806	1,04740759277344	64,4130020141602
0,532480888068676	1,04901843261719	64,5130004882813
0,533294689375907	1,05111022949219	64,6129989624023
0,534108432475477	1,05210705566406	64,7129974365234
0,53492229199037	1,05392211914063	64,8130035400391
0,535786908585578	1,05560583496094	64,9130020141602
0,53660076810047	1,05688854980469	65,0130004882813
0,537414569407701	1,05865954589844	65,1129989624023
0,538228312507272	1,06036181640625	65,2129974365234
0,539042172022164	1,06185717773438	65,3130035400391
0,539855973329395	1,06319909667969	65,4130020141602
0,540720648132265	1,06493103027344	65,5130004882813
0,541534449439496	1,0668095703125	65,6129989624023
0,542348192539066	1,06835974121094	65,7129974365234
0,543162052053958	1,0699287109375	65,8130035400391
0,544026668649167	1,07157141113281	65,9130020141602
0,544840528164059	1,07312976074219	66,0130004882813
0,545705144759268	1,07484814453125	66,1129989624023
0,54651900427416	1,07664001464844	66,2129974365234
0,547383620869368	1,07821655273438	66,3130035400391
0,5481974221766	1,07984313964844	66,4130020141602
0,549062096979469	1,08109777832031	66,5130004882813
0,549926771782339	1,08307104492188	66,6129989624023
0,550740514881909	1,08477282714844	66,7129974365234
0,551605247892439	1,08622241210938	66,8130035400391
0,55241899099201	1,08798999023438	66,9130020141602
0,553232850506902	1,08955859375	67,0130004882813
0,55409746710211	1,0912890625	67,1129989624023
0,554911326617002	1,09299536132813	67,2129974365234
0,555725069716573	1,09454504394531	67,3130035400391
0,556589802727103	1,09591748046875	67,4130020141602
0,557403545826674	1,09732092285156	67,5130004882813
0,558217347133905	1,09907983398438	67,6129989624023
0,559031206648797	1,10063623046875	67,7129974365234
0,559844949748367	1,10233715820313	67,8130035400391
0,560658751055598	1,10417932128906	67,9130020141602
0,561421678867191	1,10513244628906	68,0130004882813
0,562235538382083	1,10684765625	68,1129989624023
0,563100154977292	1,10847741699219	68,2129974365234
0,563914014492184	1,11013537597656	68,3130035400391
0,564727757591754	1,11202612304688	68,4130020141602
0,565541558898985	1,11338110351563	68,5130004882813
0,566355418413877	1,11475964355469	68,6129989624023
0,567220035009086	1,11651220703125	68,7129974365234
0,568033894523978	1,11803381347656	68,8130035400391
0,568898511119187	1,12012182617188	68,9130020141602
0,569712312426418	1,12182531738281	69,0130004882813
0,570576987229288	1,12309411621094	69,1129989624023
0,571390788536519	1,12488513183594	69,2129974365234
0,572255405131727	1,12621130371094	69,3130035400391
0,57306926464662	1,12770043945313	69,4130020141602
0,573933881241828	1,12954870605469	69,5130004882813
0,574798556044698	1,13139709472656	69,6129989624023
0,575663289055228	1,13274890136719	69,7129974365234
0,576477032154799	1,13451770019531	69,8130035400391
0,577341706957668	1,13607592773438	69,9130020141602
0,578155508264899	1,13781884765625	70,0130004882813
0,579020183067769	1,13981640625	70,1129989624023
0,579833984375	1,14096618652344	70,2129974365234
0,580647785682231	1,14262451171875	70,3130035400391
0,581512460485101	1,14424084472656	70,4130020141602
0,582326261792332	1,14579174804688	70,5130004882813
0,583140063099563	1,14732287597656	70,6129989624023
0,583953864406794	1,14902868652344	70,7129974365234
0,584767665714026	1,15046997070313	70,8130035400391
0,585632340516895	1,15215283203125	70,9130020141602
0,586446083616465	1,15370776367188	71,0130004882813
0,587259943131357	1,15534484863281	71,1129989624023
0,588073744438589	1,15679760742188	71,2129974365234
0,588938419241458	1,15819372558594	71,3130035400391
0,589752220548689	1,16006298828125	71,4130020141602
0,590616895351559	1,16174523925781	71,5130004882813
0,591430638451129	1,16323388671875	71,6129989624023
0,59224443975836	1,16489709472656	71,7129974365234
0,59310911456123	1,16627087402344	71,8130035400391
0,593922915868461	1,16798413085938	71,9130020141602
0,594787590671331	1,16956799316406	72,0130004882813
0,595601391978562	1,17117126464844	72,1129989624023
0,596415193285793	1,17279711914063	72,2129974365234
0,597279868088663	1,17423364257813	72,3130035400391
0,598144542891532	1,17586291503906	72,4130020141602
0,598958285991102	1,17746228027344	72,5130004882813
0,599823019001633	1,17927124023438	72,6129989624023
0,600636762101203	1,18080627441406	72,7129974365234
0,601450621616095	1,18234985351563	72,8130035400391
0,602264422923326	1,18396313476563	72,9130020141602
0,603078166022897	1,18536047363281	73,0130004882813
0,603892025537789	1,18694506835938	73,1129989624023
0,60470582684502	1,18839208984375	73,2129974365234
0,60557050164789	1,19007299804688	73,3130035400391
0,606384302955121	1,19153503417969	73,4130020141602
0,607198046054691	1,19296997070313	73,5130004882813
0,608011905569583	1,19447033691406	73,6129989624023
0,608825706876814	1,19618994140625	73,7129974365234
0,609639449976385	1,19776171875	73,8130035400391
0,610453309491277	1,19944055175781	73,9130020141602
0,611267110798508	1,20094970703125	74,0130004882813
0,612080853898078	1,20252856445313	74,1129989624023
0,61289471341297	1,20414184570313	74,2129974365234
0,613759330008179	1,20565954589844	74,3130035400391
0,614573189523071	1,20722412109375	74,4130020141602
0,61543780611828	1,208888671875	74,5130004882813
0,616251665633172	1,21035034179688	74,6129989624023
0,617065408732742	1,21205505371094	74,7129974365234
0,617930141743273	1,21345056152344	74,8130035400391
0,618794758338481	1,21519934082031	74,9130020141602
0,619608559645712	1,21673474121094	75,0130004882813
0,620473234448582	1,21822814941406	75,1129989624023
0,621337909251451	1,22028735351563	75,2129974365234
0,622202584054321	1,2217470703125	75,3130035400391
0,62306720064953	1,22341979980469	75,4130020141602
0,623931875452399	1,22521166992188	75,5130004882813
0,62474567675963	1,22632373046875	75,6129989624023
0,625559536274523	1,22810510253906	75,7129974365234
0,626424152869731	1,22955737304688	75,8130035400391
0,627237954176962	1,23098852539063	75,9130020141602
0,628051755484194	1,23251037597656	76,0130004882813
0,628916430287063	1,2343232421875	76,1129989624023
0,629730231594294	1,23584619140625	76,2129974365234
0,630544032901526	1,23736694335938	76,3130035400391
0,631357834208757	1,23885729980469	76,4130020141602
0,632171635515988	1,24033752441406	76,5130004882813
0,633036310318857	1,24172875976563	76,6129989624023
0,633850111626089	1,24346606445313	76,7129974365234
0,634663854725659	1,24502648925781	76,8130035400391
0,635477714240551	1,24635241699219	76,9130020141602
0,636291515547782	1,24792553710938	77,0130004882813
0,637156190350652	1,24966333007813	77,1129989624023
0,637969991657883	1,25100048828125	77,2129974365234
0,638783734757453	1,25240466308594	77,3130035400391
0,639648409560323	1,25378393554688	77,4130020141602
0,640462210867554	1,25566967773438	77,5130004882813
0,641326885670424	1,25730334472656	77,6129989624023
0,642140686977655	1,25898449707031	77,7129974365234
0,643005361780524	1,26059741210938	77,8130035400391
0,643819163087755	1,26212438964844	77,9130020141602
0,644683837890625	1,26336853027344	78,0130004882813
0,645497639197856	1,26487341308594	78,1129989624023
0,646311440505087	1,26637768554688	78,2129974365234
0,647176115307957	1,26774487304688	78,3130035400391
0,647989916615188	1,2698212890625	78,4130020141602
0,648803717922419	1,27129174804688	78,5130004882813
0,649617519229651	1,2722919921875	78,6129989624023
0,650431320536882	1,27395385742188	78,7129974365234
0,651245121844113	1,27539514160156	78,8130035400391
0,652058923151344	1,27713732910156	78,9130020141602
0,652872724458575	1,27861267089844	79,0130004882813
0,653686525765806	1,27984521484375	79,1129989624023
0,654500327073038	1,28153186035156	79,2129974365234
0,655314128380269	1,28313061523438	79,3130035400391
0,6561279296875	1,28492248535156	79,4130020141602
0,656941730994731	1,28642712402344	79,5130004882813
0,657755532301962	1,28800854492188	79,6129989624023
0,658620207104832	1,28948681640625	79,7129974365234
0,659434008412063	1,29061889648438	79,8130035400391
0,660247809719294	1,29263928222656	79,9130020141602
0,661112484522164	1,29365966796875	80,0130004882813
0,661926285829395	1,29534558105469	80,1129989624023
0,662790960632265	1,29684814453125	80,2129974365234
0,663604761939496	1,29838598632813	80,3130035400391
0,664469436742365	1,30002954101563	80,4130020141602
0,665334053337574	1,30197680664063	80,5130004882813
0,666198728140444	1,3032919921875	80,6129989624023
0,667063402943313	1,30499194335938	80,7129974365234
0,667928019538522	1,30608312988281	80,8130035400391
0,668741879053414	1,30810681152344	80,9130020141602
0,669606495648623	1,30946520996094	81,0130004882813
0,670471170451492	1,31109265136719	81,1129989624023
0,671284971758723	1,31258728027344	81,2129974365234
0,672149646561593	1,31404211425781	81,3130035400391
0,672963447868824	1,31543713378906	81,4130020141602
0,673777307383716	1,31726977539063	81,5130004882813
0,674591050483286	1,31836145019531	81,6129989624023
0,675455725286156	1,32009753417969	81,7129974365234
0,676269526593387	1,32156811523438	81,8130035400391
0,677083327900618	1,32312585449219	81,9130020141602
0,67789712920785	1,32437463378906	82,0130004882813
0,678710930515081	1,32593688964844	82,1129989624023
0,67957560531795	1,32746606445313	82,2129974365234
0,680389406625181	1,32936840820313	82,3130035400391
0,681203207932413	1,33048547363281	82,4130020141602
0,682017009239644	1,332140625	82,5130004882813
0,682881625834852	1,33374108886719	82,6129989624023
0,683695485349745	1,33482983398438	82,7129974365234
0,684509286656976	1,33640966796875	82,8130035400391
0,685373961459845	1,338072265625	82,9130020141602
0,686187762767076	1,33966967773438	83,0130004882813
0,687001505866647	1,34121887207031	83,1129989624023
0,687866238877177	1,34261962890625	83,2129974365234
0,688679981976748	1,34403796386719	83,3130035400391
0,689544656779617	1,34571789550781	83,4130020141602
0,690358458086848	1,34734643554688	83,5130004882813
0,691223132889718	1,34854919433594	83,6129989624023
0,692036934196949	1,35005346679688	83,7129974365234
0,692901608999819	1,35195495605469	83,8130035400391
0,69371541030705	1,35327954101563	83,9130020141602
0,694529211614281	1,35480993652344	84,0130004882813
0,695343012921512	1,35648901367188	84,1129989624023
0,696156814228743	1,35789721679688	84,2129974365234
0,697021489031613	1,359109375	84,3130035400391
0,697835290338844	1,36080810546875	84,4130020141602
0,698649091646075	1,36226013183594	84,5130004882813
0,699462892953306	1,36344079589844	84,6129989624023
0,700276694260538	1,36518518066406	84,7129974365234
0,701090495567769	1,36634692382813	84,8130035400391
0,701904296875	1,36772485351563	84,9130020141602
0,702718098182231	1,36914367675781	85,0130004882813
0,703531899489462	1,3712041015625	85,1129989624023
0,704345700796694	1,3719462890625	85,2129974365234
0,705210375599563	1,37438977050781	85,3130035400391
0,706024176906794	1,37503149414063	85,4130020141602
0,706837978214026	1,37656713867188	85,5130004882813
0,707702653016895	1,37804809570313	85,6129989624023
0,708516396116465	1,37976208496094	85,7129974365234
0,709381129126996	1,38125708007813	85,8130035400391
0,710194872226566	1,38258520507813	85,9130020141602
0,711059547029436	1,38431213378906	86,0130004882813
0,711924280039966	1,38567504882813	86,1129989624023
0,712738023139536	1,38726977539063	86,2129974365234
0,713602697942406	1,38876171875	86,3130035400391
0,714467372745276	1,39029675292969	86,4130020141602
0,715332047548145	1,39193225097656	86,5130004882813
0,716145790647715	1,39326306152344	86,6129989624023
0,717010523658246	1,39480090332031	86,7129974365234
0,717824266757816	1,39631762695313	86,8130035400391
0,718688941560686	1,39793310546875	86,9130020141602
0,719502742867917	1,39927807617188	87,0130004882813
0,720316602382809	1,4004169921875	87,1129989624023
0,721130345482379	1,40208337402344	87,2129974365234
0,72194414678961	1,40349353027344	87,3130035400391
0,722758006304502	1,40497082519531	87,4130020141602
0,723571749404073	1,4064541015625	87,5130004882813
0,724385550711304	1,40789758300781	87,6129989624023
0,725250225514174	1,40934826660156	87,7129974365234
0,726064026821405	1,41074597167969	87,8130035400391
0,726877886336297	1,41230224609375	87,9130020141602
0,727742502931505	1,41383935546875	88,0130004882813
0,728556362446398	1,41522546386719	88,1129989624023
0,729370105545968	1,41661645507813	88,2129974365234
0,730183906853199	1,41809216308594	88,3130035400391
0,731048581656069	1,4197373046875	88,4130020141602
0,7318623829633	1,42118823242188	88,5130004882813
0,732727057766169	1,42252124023438	88,6129989624023
0,733540859073401	1,4241689453125	88,7129974365234
0,73440553387627	1,42531066894531	88,8130035400391
0,73521927697584	1,4270888671875	88,9130020141602
0,736084009986371	1,4286279296875	89,0130004882813
0,73694868478924	1,43002770996094	89,1129989624023
0,737813301384449	1,43148522949219	89,2129974365234
0,738627160899341	1,43292724609375	89,3130035400391
0,739440903998911	1,43425476074219	89,4130020141602
0,740305578801781	1,435849609375	89,5130004882813
0,741119380109012	1,43730749511719	89,6129989624023
0,741933181416243	1,439091796875	89,7129974365234
0,742746982723475	1,4402109375	89,8130035400391
0,743560784030706	1,44156591796875	89,9130020141602
0,744374585337937	1,44289538574219	90,0130004882813
0,745188386645168	1,44427136230469	90,1129989624023
0,746002187952399	1,44566735839844	90,2129974365234
0,74681598925963	1,44733874511719	90,3130035400391
0,7476806640625	1,44872998046875	90,4130020141602
0,748494465369731	1,44993823242188	90,5130004882813
0,749308266676962	1,45149365234375	90,6129989624023
0,750122067984194	1,45266516113281	90,7129974365234
0,750935869291425	1,4540859375	90,8130035400391
0,751800544094294	1,4557978515625	90,9130020141602
0,752614345401526	1,45708923339844	91,0130004882813
0,753428146708757	1,45838879394531	91,1129989624023
0,754241948015988	1,46001843261719	91,2129974365234
0,755106622818857	1,46134094238281	91,3130035400391
0,755920424126089	1,46260693359375	91,4130020141602
0,756785098928958	1,46393493652344	91,5130004882813
0,757649715524167	1,46572265625	91,6129989624023
0,758463575039059	1,46713317871094	91,7129974365234
0,759328191634268	1,46857531738281	91,8130035400391
0,760192866437137	1,47015222167969	91,9130020141602
0,761006667744368	1,47141076660156	92,0130004882813
0,761871342547238	1,47299731445313	92,1129989624023
0,762736017350107	1,47430200195313	92,2129974365234
0,763549818657339	1,47603173828125	92,3130035400391
0,764363561756909	1,47735559082031	92,4130020141602
0,765228294767439	1,47887634277344	92,5130004882813
0,76604203786701	1,48003479003906	92,6129989624023
0,766855897381902	1,48176940917969	92,7129974365234
0,767669698689133	1,48311779785156	92,8130035400391
0,768534373492002	1,48456811523438	92,9130020141602
0,769348116591573	1,48597778320313	93,0130004882813
0,770161917898804	1,48713427734375	93,1129989624023
0,770975777413696	1,48858251953125	93,2129974365234
0,771789578720927	1,490041015625	93,3130035400391
0,772603321820498	1,49147888183594	93,4130020141602
0,773467996623367	1,49284069824219	93,5130004882813
0,774281797930598	1,49414306640625	93,6129989624023
0,77509565744549	1,49555688476563	93,7129974365234
0,775960274040699	1,49690930175781	93,8130035400391
0,776774133555591	1,49829675292969	93,9130020141602
0,777587876655161	1,49978686523438	94,0130004882813
0,778452551458031	1,50131213378906	94,1129989624023
0,779317226260901	1,50289343261719	94,2129974365234
0,780131027568132	1,50447509765625	94,3130035400391
0,78099564416334	1,50564929199219	94,4130020141602
0,781860377173871	1,50706811523438	94,5130004882813
0,782674120273441	1,50855053710938	94,6129989624023
0,783538795076311	1,509876953125	94,7129974365234
0,784352596383542	1,51131091308594	94,8130035400391
0,785217271186411	1,51281860351563	94,9130020141602
0,786031072493643	1,51403454589844	95,0130004882813
0,786844932008535	1,51568762207031	95,1129989624023
0,787658675108105	1,51655676269531	95,2129974365234
0,788472476415336	1,51807739257813	95,3130035400391
0,789286335930228	1,51949682617188	95,4130020141602
0,790100079029799	1,52093371582031	95,5130004882813
0,79091388033703	1,522265625	95,6129989624023
0,791727739851922	1,52349157714844	95,7129974365234
0,792541482951492	1,5250712890625	95,8130035400391
0,793355284258723	1,52637072753906	95,9130020141602
0,794169143773615	1,5276826171875	96,0130004882813
0,794982886873186	1,52885400390625	96,1129989624023
0,795796688180417	1,53032092285156	96,2129974365234
0,796610547695309	1,53160778808594	96,3130035400391
0,797475164290518	1,5330576171875	96,4130020141602
0,79828902380541	1,53440686035156	96,5130004882813
0,79910276690498	1,53596325683594	96,6129989624023
0,799916568212211	1,53690905761719	96,7129974365234
0,800781243015081	1,53845495605469	96,8130035400391
0,801595044322312	1,53996435546875	96,9130020141602
0,802459719125181	1,54094860839844	97,0130004882813
0,803273520432413	1,54279870605469	97,1129989624023
0,804138195235282	1,54405383300781	97,2129974365234
0,804951938334852	1,54542736816406	97,3130035400391
0,805816671345383	1,54664575195313	97,4130020141602
0,806681346148252	1,5483486328125	97,5130004882813
0,807545962743461	1,54932958984375	97,6129989624023
0,808359822258353	1,55119714355469	97,7129974365234
0,809224438853562	1,55234094238281	97,8130035400391
0,810089113656431	1,55388305664063	97,9130020141602
0,810902914963663	1,55510766601563	98,0130004882813
0,811767589766532	1,55642456054688	98,1129989624023
0,812581332866102	1,55798937988281	98,2129974365234
0,813395192380995	1,55934191894531	98,3130035400391
0,814259808976203	1,56067590332031	98,4130020141602
0,815073668491095	1,56207873535156	98,5130004882813
0,815887469798326	1,56343237304688	98,6129989624023
0,816701212897897	1,56485461425781	98,7129974365234
0,817565945908427	1,56619848632813	98,8130035400391
0,818379689007998	1,56724230957031	98,9130020141602
0,81919354852289	1,56864404296875	99,0130004882813
0,820058165118098	1,57018994140625	99,1129989624023
0,82087202463299	1,57135461425781	99,2129974365234
0,821736641228199	1,57287854003906	99,3130035400391
0,822550500743091	1,57454211425781	99,4130020141602
0,823364243842661	1,575576171875	99,5130004882813
0,824228918645531	1,57694799804688	99,6129989624023
0,825042719952762	1,57836010742188	99,7129974365234
0,825856521259993	1,57950952148438	99,8130035400391
0,826721196062863	1,58092529296875	99,9130020141602
0,827534997370094	1,582205078125	100,013000488281
0,828399672172964	1,58406970214844	100,112998962402
0,829213415272534	1,58514440917969	100,212997436523
0,830078148283064	1,58633752441406	100,313003540039
0,830891891382635	1,58763439941406	100,41300201416
0,831756566185504	1,58900317382813	100,513000488281
0,832570367492735	1,59053332519531	100,612998962402
0,833384227007627	1,592	100,712997436523
0,834197970107198	1,59321252441406	100,813003540039
0,835062703117728	1,59462243652344	100,91300201416
0,835825630929321	1,59539367675781	101,013000488281
0,836639432236552	1,59678100585938	101,112998962402
0,837504107039422	1,59816467285156	101,212997436523
0,838317850138992	1,59945349121094	101,313003540039
0,839131651446223	1,60132604980469	101,41300201416
0,839894579257816	1,60183654785156	101,513000488281
0,840708438772708	1,60315173339844	101,612998962402
0,841522240079939	1,60457897949219	101,712997436523
0,842386914882809	1,60585766601563	101,813003540039
0,843200657982379	1,60716320800781	101,91300201416
0,84401445928961	1,60833862304688	102,013000488281
0,844828318804502	1,60970983886719	102,112998962402
0,845642061904073	1,61102490234375	102,212997436523
0,846506794914603	1,61242858886719	102,313003540039
0,847320538014174	1,61372045898438	102,41300201416
0,848185212817043	1,61538232421875	102,513000488281
0,848999014124274	1,61655895996094	102,612998962402
0,849863688927144	1,61773425292969	102,712997436523
0,850728305522352	1,61904956054688	102,813003540039
0,851542165037245	1,62082739257813	102,91300201416
0,852406781632453	1,62158227539063	103,013000488281
0,853271456435323	1,62353039550781	103,112998962402
0,854136189445853	1,62513708496094	103,212997436523
0,855000806041062	1,62605358886719	103,313003540039
0,855865480843931	1,62751953125	103,41300201416
0,856679282151163	1,62858349609375	103,513000488281
0,857543956954032	1,63009936523438	103,612998962402
0,858357700053602	1,63165930175781	103,712997436523
0,859222433064133	1,63327648925781	103,813003540039
0,860036176163703	1,63384716796875	103,91300201416
0,860850035678595	1,63523693847656	104,013000488281
0,861714652273804	1,63627807617188	104,112998962402
0,862528511788696	1,63781799316406	104,212997436523
0,863342313095927	1,63922961425781	104,313003540039
0,864156056195498	1,64084899902344	104,41300201416
0,86496991571039	1,6414462890625	104,513000488281
0,865783717017621	1,64295642089844	104,612998962402
0,86664839182049	1,64383605957031	104,712997436523
0,867462134920061	1,64535046386719	104,813003540039
0,868275936227292	1,64684069824219	104,91300201416
0,869089795742184	1,64816259765625	105,013000488281
0,869954412337393	1,64923364257813	105,112998962402
0,870768271852285	1,6504296875	105,212997436523
0,871582014951855	1,65202282714844	105,313003540039
0,872446689754725	1,65290612792969	105,41300201416
0,873260491061956	1,65427868652344	105,513000488281
0,874125165864825	1,65555322265625	105,612998962402
0,874938967172056	1,65689892578125	105,712997436523
0,875803641974926	1,65814282226563	105,813003540039
0,876617443282157	1,65949230957031	105,91300201416
0,877482118085027	1,66071545410156	106,013000488281
0,878295919392258	1,66182373046875	106,112998962402
0,879109662491828	1,66308679199219	106,212997436523
0,879974337294698	1,66454150390625	106,313003540039
0,880788138601929	1,66591174316406	106,41300201416
0,881601998116821	1,66699975585938	106,513000488281
0,882415799424052	1,66802917480469	106,612998962402
0,883229542523623	1,66904431152344	106,712997436523
0,884043402038515	1,6705390625	106,813003540039
0,884857203345746	1,67172143554688	106,91300201416
0,885670946445316	1,67315454101563	107,013000488281
0,886484805960208	1,67442980957031	107,112998962402
0,887349422555417	1,67568640136719	107,212997436523
0,888163282070309	1,67674304199219	107,313003540039
0,888977025169879	1,67803759765625	107,41300201416
0,88984175818041	1,67929638671875	107,513000488281
0,89065550127998	1,68025988769531	107,612998962402
0,891469302587211	1,68198596191406	107,712997436523
0,892333977390081	1,68319006347656	107,813003540039
0,893147778697312	1,68422521972656	107,91300201416
0,894012453500181	1,68569677734375	108,013000488281
0,894826254807413	1,68652502441406	108,112998962402
0,895690929610282	1,68838806152344	108,212997436523
0,896555604413152	1,68920080566406	108,313003540039
0,897369405720383	1,69056884765625	108,41300201416
0,898234080523252	1,69205346679688	108,513000488281
0,899098697118461	1,692865234375	108,612998962402
0,899963371921331	1,69399011230469	108,712997436523
0,900777173228562	1,69588525390625	108,813003540039
0,901641848031431	1,69659777832031	108,91300201416
0,902455649338663	1,69806164550781	109,013000488281
0,903320324141532	1,69954089355469	109,112998962402
0,904134067241102	1,70101623535156	109,212997436523
0,904998800251633	1,70168762207031	109,313003540039
0,905812543351203	1,70320581054688	109,41300201416
0,906626402866095	1,70404992675781	109,513000488281
0,907491019461304	1,70570178222656	109,612998962402
0,908304878976196	1,70660290527344	109,712997436523
0,909118680283427	1,70776440429688	109,813003540039
0,909932423382998	1,70905310058594	109,91300201416
0,91074628289789	1,71057055664063	110,013000488281
0,911610899493098	1,71167907714844	110,112998962402
0,91242475900799	1,71298352050781	110,212997436523
0,913238502107561	1,71414367675781	110,313003540039
0,914052303414792	1,7150830078125	110,41300201416
0,914866162929684	1,7164404296875	110,513000488281
0,915730779524893	1,71799133300781	110,612998962402
0,916544639039785	1,71867297363281	110,712997436523
0,917358382139355	1,71989086914063	110,813003540039
0,918223056942225	1,72122546386719	110,91300201416
0,919036858249456	1,72199609375	111,013000488281
0,919850659556687	1,72355102539063	111,112998962402
0,920715334359556	1,72481274414063	111,212997436523
0,921529135666788	1,72621154785156	111,313003540039
0,922393810469657	1,7271708984375	111,41300201416
0,923258485272527	1,72814221191406	111,513000488281
0,924072286579758	1,72954858398438	111,612998962402
0,924886029679328	1,73054956054688	111,712997436523
0,925750704482198	1,73179760742188	111,813003540039
0,926564505789429	1,73322180175781	111,91300201416
0,927378365304321	1,73468957519531	112,013000488281
0,928192166611552	1,73540869140625	112,112998962402
0,929005909711123	1,73618701171875	112,212997436523
0,929819769226015	1,73753930664063	112,313003540039
0,930633570533246	1,738662109375	112,41300201416
0,931447313632816	1,739701171875	112,513000488281
0,932261173147708	1,74090405273438	112,612998962402
0,933074974454939	1,74202795410156	112,712997436523
0,93388871755451	1,74320141601563	112,813003540039
0,934702577069402	1,74438525390625	112,91300201416
0,93556719366461	1,74592553710938	113,013000488281
0,936381053179502	1,74678491210938	113,112998962402
0,937194796279073	1,74773742675781	113,212997436523
0,938008597586304	1,74910009765625	113,313003540039
0,938873272389174	1,75004809570313	113,41300201416
0,939687073696405	1,75121545410156	113,513000488281
0,940551748499274	1,75241040039063	113,612998962402
0,941365549806505	1,75341259765625	113,712997436523
0,942230224609375	1,7553544921875	113,813003540039
0,943044025916606	1,75601184082031	113,91300201416
0,943908700719476	1,75710461425781	114,013000488281
0,944773375522345	1,7581328125	114,112998962402
0,945637992117554	1,75936022949219	114,212997436523
0,946451851632446	1,76055871582031	114,313003540039
0,947316468227655	1,76181042480469	114,41300201416
0,948181143030524	1,76294116210938	114,513000488281
0,948994944337755	1,76376684570313	114,612998962402
0,949808803852648	1,76530541992188	114,712997436523
0,950673420447856	1,7664931640625	114,813003540039
0,951487221755087	1,76775170898438	114,91300201416
0,952301023062319	1,76862963867188	115,013000488281
0,95311482436955	1,76960656738281	115,112998962402
0,953979499172419	1,7709619140625	115,212997436523
0,954793300479651	1,77170874023438	115,313003540039
0,955607101786882	1,77296887207031	115,41300201416
0,956420903094113	1,77401281738281	115,513000488281
0,957234704401344	1,77506811523438	115,612998962402
0,958048505708575	1,77610400390625	115,712997436523
0,958862307015806	1,77742858886719	115,813003540039
0,959726981818676	1,77850415039063	115,91300201416
0,960540783125907	1,77949658203125	116,013000488281
0,961354526225477	1,78065393066406	116,112998962402
0,962219259236008	1,78152172851563	116,212997436523
0,963033002335578	1,78283142089844	116,313003540039
0,963897677138448	1,78400939941406	116,41300201416
0,964762410148978	1,78484704589844	116,513000488281
0,965576153248549	1,78665234375	116,612998962402
0,966440828051418	1,78712426757813	116,712997436523
0,967305502854288	1,78839453125	116,813003540039
0,968170177657157	1,7900087890625	116,91300201416
0,969034852460027	1,79121008300781	117,013000488281
0,969848653767258	1,79204028320313	117,112998962402
0,970662396866828	1,79295764160156	117,212997436523
0,971527071669698	1,7942744140625	117,313003540039
0,972340872976929	1,79515686035156	117,41300201416
0,973154732491821	1,79612512207031	117,513000488281
0,973968533799052	1,797037109375	117,612998962402
0,974782276898623	1,79812939453125	117,712997436523
0,975596136413515	1,79900427246094	117,813003540039
0,976409937720746	1,80020825195313	117,91300201416
0,977223739027977	1,80092663574219	118,013000488281
0,978037482127547	1,80238549804688	118,112998962402
0,978902215138078	1,80322607421875	118,212997436523
0,979715958237648	1,80433276367188	118,313003540039
0,98052981775254	1,80528967285156	118,41300201416
0,98134356085211	1,80623376464844	118,513000488281
0,982157420367002	1,807529296875	118,612998962402
0,982971163466573	1,80856140136719	118,712997436523
0,983835896477103	1,81003063964844	118,813003540039
0,984649639576674	1,81039453125	118,91300201416
0,985463382676244	1,81158459472656	119,013000488281
0,986328115686774	1,81253845214844	119,112998962402
0,987141858786345	1,81348229980469	119,212997436523
0,987955718301237	1,81448413085938	119,313003540039
0,988820334896445	1,81636096191406	119,41300201416
0,989685067906976	1,81700793457031	119,513000488281
0,990498811006546	1,81795971679688	119,612998962402
0,991363544017076	1,81898559570313	119,712997436523
0,992228160612285	1,82018188476563	119,813003540039
0,993092777207494	1,82123571777344	119,91300201416
0,993957510218024	1,82222705078125	120,013000488281
0,994771253317595	1,82329846191406	120,112998962402
0,995635986328125	1,82457409667969	120,212997436523
0,996449729427695	1,8254423828125	120,313003540039
0,997314462438226	1,82639123535156	120,41300201416
0,998128205537796	1,82726611328125	120,513000488281
0,998942065052688	1,82804187011719	120,612998962402
0,999806681647897	1,82921838378906	120,712997436523
1,00062054116279	1,83020581054688	120,813003540039
1,00143428426236	1,83120837402344	120,91300201416
1,00224814377725	1,83223937988281	121,013000488281
1,00306188687682	1,83325476074219	121,112998962402
1,00392661988735	1,8342939453125	121,212997436523
1,00474036298692	1,83511279296875	121,313003540039
1,00555422250181	1,83619177246094	121,41300201416
1,00636808201671	1,83708679199219	121,513000488281
1,00723269861192	1,838232421875	121,612998962402
1,00804655812681	1,8393251953125	121,712997436523
1,00886018481106	1,84064892578125	121,813003540039
1,00972491782159	1,84085900878906	121,91300201416
1,01053866092116	1,84208752441406	122,013000488281
1,01140339393169	1,84322607421875	122,112998962402
1,01221713703126	1,84394653320313	122,212997436523
1,01308187004179	1,84489282226563	122,313003540039
1,01389561314136	1,84605700683594	122,41300201416
1,01476034615189	1,8469931640625	122,513000488281
1,0156249627471	1,848078125	122,612998962402
1,01643882226199	1,84892651367188	122,712997436523
1,0173034388572	1,8501240234375	122,813003540039
1,01811729837209	1,851271484375	122,91300201416
1,01893104147166	1,85213342285156	123,013000488281
1,01974490098655	1,85303002929688	123,112998962402
1,02060951758176	1,85401196289063	123,212997436523
1,02142337709665	1,85485437011719	123,313003540039
1,02223723661155	1,855755859375	123,41300201416
1,02305086329579	1,85676623535156	123,513000488281
1,02386472281069	1,85809033203125	123,612998962402
1,02467858232558	1,85852038574219	123,712997436523
1,02549232542515	1,85950512695313	123,813003540039
1,02630618494004	1,86056005859375	123,91300201416
1,02712004445493	1,86138464355469	124,013000488281
1,02793367113918	1,86233520507813	124,112998962402
1,02874753065407	1,86323986816406	124,212997436523
1,02961214724928	1,86424792480469	124,313003540039
1,03042600676417	1,86494885253906	124,41300201416
1,03123986627907	1,86587341308594	124,513000488281
1,03210448287427	1,86669592285156	124,612998962402
1,03291834238917	1,86753967285156	124,712997436523
1,03373208548874	1,86865991210938	124,813003540039
1,03459681849927	1,86961877441406	124,91300201416
1,03541056159884	1,86964013671875	125,013000488281
1,03627529460937	1,87065454101563	125,112998962402
1,03713991120458	1,87170861816406	125,212997436523
1,03795377071947	1,87274475097656	125,313003540039
1,03881838731468	1,87366638183594	125,41300201416
1,03968300390989	1,87470227050781	125,513000488281
1,04054773692042	1,87559375	125,612998962402
1,04141235351563	1,87667687988281	125,712997436523
1,04222621303052	1,87761022949219	125,813003540039
1,04309082962573	1,87874645996094	125,91300201416
1,04390468914062	1,87922448730469	126,013000488281
1,04471843224019	1,88016284179688	126,112998962402
1,04558316525072	1,88109753417969	126,212997436523
1,04639690835029	1,88223083496094	126,313003540039
1,04721065144986	1,88319067382813	126,41300201416
1,04802451096475	1,88418627929688	126,513000488281
1,04888912755996	1,88473901367188	126,612998962402
1,04970298707485	1,885537109375	126,712997436523
1,05051673017442	1,88674597167969	126,813003540039
1,05133058968931	1,88743054199219	126,91300201416
1,05214444920421	1,88894165039063	127,013000488281
1,05300906579942	1,88946240234375	127,112998962402
1,05382292531431	1,8901513671875	127,212997436523
1,05468754190952	1,89061352539063	127,313003540039
1,05550128500909	1,89182104492188	127,41300201416
1,05631502810866	1,89246984863281	127,513000488281
1,05717976111919	1,89341650390625	127,612998962402
1,0580443777144	1,89418286132813	127,712997436523
1,05885823722929	1,89510888671875	127,813003540039
1,0597228538245	1,89605334472656	127,91300201416
1,06053671333939	1,89695373535156	128,013000488281
1,06135045643896	1,89752880859375	128,113006591797
1,06221518944949	1,89863342285156	128,212997436523
1,06302893254906	1,89926501464844	128,313003540039
1,06384279206395	1,9004990234375	128,412994384766
1,06470740865916	1,9010751953125	128,513000488281
1,06552126817405	1,90189807128906	128,613006591797
1,06633512768894	1,90255102539063	128,712997436523
1,06714875437319	1,9033232421875	128,813003540039
1,06796261388808	1,90436328125	128,912994384766
1,06877647340298	1,90469152832031	129,013000488281
1,06959021650255	1,90565625	129,113006591797
1,07040407601744	1,90663549804688	129,212997436523
1,07121793553233	1,90734216308594	129,313003540039
1,07203156221658	1,90825219726563	129,412994384766
1,07284542173147	1,90896508789063	129,513000488281
1,07365928124636	1,90939575195313	129,613006591797
1,07447302434593	1,91038647460938	129,712997436523
1,07528688386083	1,91171838378906	129,813003540039
1,07610074337572	1,91202478027344	129,912994384766
1,07696535997093	1,91265954589844	130,013000488281
1,07777921948582	1,91366552734375	130,113006591797
1,07864383608103	1,91434692382813	130,212997436523
1,07945769559592	1,9150458984375	130,313003540039
1,08032231219113	1,91587219238281	130,412994384766
1,0811360552907	1,91672888183594	130,513000488281
1,08200078830123	1,91743811035156	130,613006591797
1,08286540489644	1,91822998046875	130,712997436523
1,08373013790697	1,91913049316406	130,813003540039
1,08459475450218	1,91990979003906	130,912994384766
1,08545937109739	1,92084948730469	131,013000488281
1,08632410410792	1,92168432617188	131,113006591797
1,08713784720749	1,92219787597656	131,212997436523
1,08800258021802	1,92300622558594	131,313003540039
1,08881632331759	1,92367443847656	131,412994384766
1,08968105632812	1,92455541992188	131,513000488281
1,09049479942769	1,92459606933594	131,613006591797
1,09130854252726	1,92538439941406	131,712997436523
1,09217327553779	1,92607348632813	131,813003540039
1,09298701863736	1,92668347167969	131,912994384766
1,09380087815225	1,9275322265625	132,013000488281
1,09461462125182	1,92820153808594	132,113006591797
1,09547935426235	1,92909167480469	132,212997436523
1,09629309736192	1,9297314453125	132,313003540039
1,09710695687681	1,93031176757813	132,412994384766
1,09792081639171	1,93164001464844	132,513000488281
1,09878543298692	1,93178271484375	132,613006591797
1,09959929250181	1,93252783203125	132,712997436523
1,10041291918606	1,93324597167969	132,813003540039
1,10127765219659	1,93389404296875	132,912994384766
1,10209139529616	1,93498303222656	133,013000488281
1,10290525481105	1,93543420410156	133,113006591797
1,10376987140626	1,93629345703125	133,212997436523
1,10458373092115	1,9372529296875	133,313003540039
1,10544834751636	1,93777172851563	133,412994384766
1,10631308052689	1,93843017578125	133,513000488281
1,10712682362646	1,93891943359375	133,613006591797
1,10799155663699	1,93981262207031	133,712997436523
1,1088561732322	1,94031604003906	133,813003540039
1,10967003274709	1,94131604003906	133,912994384766
1,1105346493423	1,94190051269531	134,013000488281
1,11134850885719	1,942537109375	134,113006591797
1,11216225195676	1,94321752929688	134,212997436523
1,11297611147165	1,94394702148438	134,313003540039
1,11378997098655	1,9446015625	134,412994384766
1,11460359767079	1,94512023925781	134,513000488281
1,11541745718569	1,94578845214844	134,613006591797
1,11623131670058	1,94650463867188	134,712997436523
1,11704505980015	1,94647717285156	134,813003540039
1,11785891931504	1,94772778320313	134,912994384766
1,11867277882993	1,9484375	135,013000488281
1,11948640551418	1,94858142089844	135,113006591797
1,12030026502907	1,94944897460938	135,212997436523
1,12116488162428	1,95002587890625	135,313003540039
1,12197874113917	1,9506796875	135,412994384766
1,12279260065407	1,95135534667969	135,513000488281
1,12365721724927	1,95208544921875	135,613006591797
1,12447107676417	1,952470703125	135,712997436523
1,12533569335938	1,95314758300781	135,813003540039
1,12614955287427	1,95378820800781	135,912994384766
1,12701416946948	1,95451684570313	136,013000488281
1,12787878606468	1,9551826171875	136,113006591797
1,12869264557958	1,95571020507813	136,212997436523
1,12955726217479	1,95616430664063	136,313003540039
1,13042199518532	1,95690869140625	136,412994384766
1,13128661178052	1,95756140136719	136,513000488281
1,13210047129542	1,95788305664063	136,613006591797
1,13296508789063	1,95880786132813	136,712997436523
1,13382970448583	1,95915258789063	136,813003540039
1,13464356400073	1,95992761230469	136,912994384766
1,13550818059593	1,96055944824219	137,013000488281
1,13632204011083	1,96100854492188	137,113006591797
1,13713589962572	1,96041577148438	137,212997436523
1,13794964272529	1,96064819335938	137,313003540039
1,13876338582486	1,9611220703125	137,412994384766
1,13957724533975	1,96162707519531	137,513000488281
1,14039098843932	1,96220495605469	137,613006591797
1,14125572144985	1,96300256347656	137,712997436523
1,14206946454942	1,9634560546875	137,813003540039
1,14288332406431	1,96375549316406	137,912994384766
1,14369718357921	1,96453576660156	138,013000488281
1,14451081026345	1,96508935546875	138,113006591797
1,14532466977835	1,96589721679688	138,212997436523
1,14618928637356	1,96643237304688	138,313003540039
1,14700314588845	1,96664709472656	138,412994384766
1,14781700540334	1,96749426269531	138,513000488281
1,14868162199855	1,967826171875	138,613006591797
1,14954623859376	1,96859692382813	138,712997436523
1,15036009810865	1,96905346679688	138,813003540039
1,15122471470386	1,96948901367188	138,912994384766
1,15203857421875	1,97037426757813	139,013000488281
1,15290319081396	1,97064221191406	139,113006591797
1,15376792382449	1,97137817382813	139,212997436523
1,15458166692406	1,97201696777344	139,313003540039
1,15544639993459	1,97242932128906	139,412994384766
1,15626014303416	1,97315478515625	139,513000488281
1,15707400254905	1,97358483886719	139,613006591797
1,15793861914426	1,97415539550781	139,712997436523
1,15875247865915	1,97465319824219	139,813003540039
1,15956633817405	1,97497204589844	139,912994384766
1,16037996485829	1,97567846679688	140,013000488281
1,16119382437319	1,97569921875	140,113006591797
1,16200768388808	1,97650280761719	140,212997436523
1,16282142698765	1,97699255371094	140,313003540039
1,16363528650254	1,97757592773438	140,412994384766
1,16444914601743	1,97778454589844	140,513000488281
1,16526277270168	1,97819018554688	140,613006591797
1,16607663221657	1,97869323730469	140,712997436523
1,16689049173146	1,97942590332031	140,813003540039
1,16775510832667	1,97929235839844	140,912994384766
1,16856896784157	1,97994409179688	141,013000488281
1,16938271094114	1,98066174316406	141,113006591797
1,17024744395167	1,98118786621094	141,212997436523
1,17106118705124	1,981841796875	141,313003540039
1,17192592006177	1,98231213378906	141,412994384766
1,17273966316134	1,98287878417969	141,513000488281
1,17360439617187	1,98271960449219	141,613006591797
1,17446901276708	1,98335864257813	141,712997436523
1,17528287228197	1,98415979003906	141,813003540039
1,17614748887718	1,98454919433594	141,912994384766
1,17701210547239	1,98512426757813	142,013000488281
1,17787683848292	1,98526159667969	142,113006591797
1,17874145507813	1,98567932128906	142,212997436523
1,17955531459302	1,98634936523438	142,313003540039
1,18041993118823	1,98664331054688	142,412994384766
1,18128454778343	1,98735412597656	142,513000488281
1,18209840729833	1,98784057617188	142,613006591797
1,18296302389354	1,98829211425781	142,712997436523
1,18377688340843	1,98846618652344	142,813003540039
1,18459074292332	1,98915625	142,912994384766
1,18545535951853	1,98941174316406	143,013000488281
1,18626921903342	1,98979418945313	143,113006591797
1,18708284571767	1,98989624023438	143,212997436523
1,18789670523256	1,99023693847656	143,313003540039
1,18871056474745	1,99097131347656	143,412994384766
1,18957518134266	1,99113989257813	143,513000488281
1,19038904085755	1,9913564453125	143,613006591797
1,19120278395712	1,99155871582031	143,712997436523
1,19201664347202	1,99211706542969	143,813003540039
1,19288126006722	1,99274108886719	143,912994384766
1,19369511958212	1,99306176757813	144,013000488281
1,19450886268169	1,99387524414063	144,113006591797
1,1953734792769	1,99364685058594	144,212997436523
1,19618733879179	1,99371691894531	144,313003540039
1,197051955387	1,99427221679688	144,412994384766
1,19786581490189	1,99506213378906	144,513000488281
1,1987304314971	1,994830078125	144,613006591797
1,19954429101199	1,99517395019531	144,712997436523
1,2004089076072	1,99586657714844	144,813003540039
1,20122276712209	1,99613684082031	144,912994384766
1,2020873837173	1,99636267089844	145,013000488281
1,20290124323219	1,99639428710938	145,113006591797
1,20371498633176	1,99700366210938	145,212997436523
1,20457971934229	1,99707971191406	145,313003540039
1,20539346244186	1,99729943847656	145,412994384766
1,20620732195675	1,99762658691406	145,513000488281
1,20702106505632	1,99819458007813	145,613006591797
1,20783480815589	1,99809362792969	145,712997436523
1,20864866767079	1,99826843261719	145,813003540039
1,20946252718568	1,99847546386719	145,912994384766
1,21027627028525	1,99886901855469	146,013000488281
1,21109012980014	1,99891015625	146,113006591797
1,21190387289971	1,99917102050781	146,212997436523
1,21276860591024	1,99904345703125	146,313003540039
1,21358234900981	1,99899853515625	146,412994384766
1,21439609210938	1,999515625	146,513000488281
1,21520995162427	1,99976696777344	146,613006591797
1,21607456821948	1,99992199707031	146,712997436523
1,21688842773438	2,00000207519531	146,813003540039
1,21770228724927	2,00038671875	146,912994384766
1,21856690384448	2,00060754394531	147,013000488281
1,21938076335937	2,00130737304688	147,113006591797
1,22024537995458	2,00119091796875	147,212997436523
1,22110999654979	2,00141967773438	147,313003540039
1,22197472956032	2,00157690429688	147,412994384766
1,22283934615552	2,00206140136719	147,513000488281
1,22370396275073	2,0026708984375	147,613006591797
1,22456869576126	2,00290026855469	147,712997436523
1,22538243886083	2,00332751464844	147,813003540039
1,22624717187136	2,00305932617188	147,912994384766
1,22711178846657	2,003380859375	148,013000488281
1,22792564798146	2,00332983398438	148,113006591797
1,22873939108104	2,00370727539063	148,212997436523
1,22960412409157	2,00364831542969	148,313003540039
1,23041786719114	2,00410693359375	148,412994384766
1,23123172670603	2,00375219726563	148,513000488281
1,23204558622092	2,00402270507813	148,613006591797
1,23285921290517	2,00407580566406	148,712997436523
1,2337239459157	2,00463928222656	148,813003540039
1,23453768901527	2,00451000976563	148,912994384766
1,23535154853016	2,00495043945313	149,013000488281
1,23616540804505	2,00455859375	149,113006591797
1,23697915114462	2,00477172851563	149,212997436523
1,23784388415515	2,0051962890625	149,313003540039
1,23865762725472	2,00528833007813	149,412994384766
1,23947148676962	2,00537219238281	149,513000488281
1,24033610336483	2,00545288085938	149,613006591797
1,2411498464644	2,00554296875	149,712997436523
1,24196370597929	2,00564672851563	149,813003540039
1,2428283225745	2,00587280273438	149,912994384766
1,2436929391697	2,00600134277344	150,013000488281
1,2445067986846	2,0062890625	150,113006591797
1,24532065819949	2,00603356933594	150,212997436523
1,2461852747947	2,00627661132813	150,313003540039
1,24699913430959	2,00638012695313	150,412994384766
1,2478637509048	2,00609387207031	150,513000488281
1,24867761041969	2,00657946777344	150,613006591797
1,24949135351926	2,00548876953125	150,712997436523
1,25030521303415	2,00565673828125	150,813003540039
1,25111907254905	2,0053994140625	150,912994384766
1,25193269923329	2,00610229492188	151,013000488281
1,25279743224382	2,00574743652344	151,113006591797
1,25361117534339	2,00594445800781	151,212997436523
1,25442503485829	2,00633129882813	151,313003540039
1,25523889437318	2,00625170898438	151,412994384766
1,25605263747275	2,00634375	151,513000488281
1,25686649698764	2,00618127441406	151,613006591797
1,25768024008721	2,00647192382813	151,712997436523
1,25849398318678	2,00608715820313	151,813003540039
1,25930784270167	2,0066923828125	151,912994384766
1,26012170221657	2,0066279296875	152,013000488281
1,26093544531614	2,00651904296875	152,113006591797
1,26180017832667	2,00662463378906	152,212997436523
1,26261392142624	2,00688024902344	152,313003540039
1,26342778094113	2,00669775390625	152,412994384766
1,26429239753634	2,00716625976563	152,513000488281
1,26510625705123	2,00681652832031	152,613006591797
1,26597087364644	2,00672412109375	152,712997436523
1,26683560665697	2,00699877929688	152,813003540039
1,26770022325218	2,00718127441406	152,912994384766
1,26856483984739	2,00712963867188	153,013000488281
1,26942957285792	2,00728942871094	153,113006591797
1,27029418945313	2,00741748046875	153,212997436523
1,27110804896802	2,00751318359375	153,313003540039
1,27197266556323	2,00726538085938	153,412994384766
1,27283728215843	2,0076142578125	153,513000488281
1,27365114167333	2,00714562988281	153,613006591797
1,27451575826854	2,00762768554688	153,712997436523
1,27532961778343	2,00728332519531	153,813003540039
1,27619423437864	2,007404296875	153,912994384766
1,27700809389353	2,00756005859375	154,013000488281
1,27782195340842	2,00778637695313	154,113006591797
1,27868657000363	2,00764440917969	154,212997436523
1,2795003131032	2,00736975097656	154,313003540039
1,28036504611373	2,0071591796875	154,412994384766
1,2811787892133	2,00717248535156	154,513000488281
1,28199253231287	2,00696264648438	154,613006591797
1,2828572653234	2,00700219726563	154,712997436523
1,28367100842297	2,00717260742188	154,813003540039
1,28448486793786	2,00691040039063	154,912994384766
1,28529872745276	2,00677709960938	155,013000488281
1,28616334404796	2,00670935058594	155,113006591797
1,28702796064317	2,0066865234375	155,212997436523
1,28784182015806	2,00670532226563	155,313003540039
1,28870643675327	2,00657861328125	155,412994384766
1,28952029626817	2,00619958496094	155,513000488281
1,29038491286337	2,00648974609375	155,613006591797
1,2912496458739	2,00640576171875	155,712997436523
1,29211426246911	2,00649279785156	155,813003540039
1,29292812198401	2,0061162109375	155,912994384766
1,29379273857921	2,00639184570313	156,013000488281
1,29460659809411	2,005884765625	156,113006591797
1,29547121468931	2,0060986328125	156,212997436523
1,29628507420421	2,00580920410156	156,313003540039
1,29709870088845	2,00543505859375	156,412994384766
1,29791256040335	2,00554797363281	156,513000488281
1,29872641991824	2,00504528808594	156,613006591797
1,29954016301781	2,00532165527344	156,712997436523
1,3003540225327	2,00494921875	156,813003540039
1,30116788204759	2,00500476074219	156,912994384766
1,30198162514716	2,00408129882813	157,013000488281
1,30279536824673	2,00414868164063	157,113006591797
1,30360922776163	2,00386047363281	157,212997436523
1,30447384435683	2,00342431640625	157,313003540039
1,30528770387173	2,00302844238281	157,412994384766
1,3061014469713	2,00196496582031	157,513000488281
1,30691530648619	2,00022631835938	157,613006591797
1,30772916600108	1,99949658203125	157,712997436523
1,30859378259629	1,99775170898438	157,813003540039
1,30940764211118	1,99673291015625	157,912994384766
1,31027225870639	1,99558154296875	158,013000488281
1,31108600180596	1,99416125488281	158,113006591797
1,31195073481649	1,99289807128906	158,212997436523
1,31276447791606	1,99176708984375	158,313003540039
1,31362909451127	1,99088757324219	158,412994384766
1,3144938275218	1,98966247558594	158,513000488281
1,31535856053233	1,98852416992188	158,613006591797
1,31622317712754	1,98737524414063	158,712997436523
1,31708779372275	1,98603991699219	158,813003540039
1,31795252673328	1,98458251953125	158,912994384766
1,31876626983285	1,98333630371094	159,013000488281
1,31963100284338	1,98221264648438	159,113006591797
1,32049561943859	1,9798955078125	159,212997436523
1,3213602360338	1,97808520507813	159,313003540039
1,32217409554869	1,97544018554688	159,412994384766
1,32298795506358	1,97056774902344	159,513000488281
1,32385257165879	1,95418969726563	159,613006591797
1,32466643117368	1,92520654296875	159,712997436523
1,32553104776889	1,90547583007813	159,813003540039
1,3263956643641	1,87809045410156	159,912994384766
1,32934574503452	-0,153262985229492	159,985992431641
