"File Path: D:\Ensayos Víctor\Fase II\PLA virgen\Test Run 1 16-05-2019 10 36 54\DAQ- Crosshead; … - (Timed).txt   "					
Test: ENSAYOS TRACCION PLA 2					
Test Run: Test Run 1					
Date: 16/05/2019 10:33:33					
					
					
Crosshead 	Load 	Time 		carga maxima	
mm	kN	sec		2,145087158	
0,000254313	0,062232121	0,162			
0,000762939	0,062279949	0,261999995			
0,001373291	0,062458515	0,361999989			
0,001881917	0,062598179	0,462000012			
0,002441406	0,062671543	0,561999977			
0,002848307	0,062810871	0,662			
0,003356934	0,06290884	0,762000024			
0,003916422	0,063400845	0,861999989			
0,004577637	0,064317627	0,962000012			
0,005340576	0,065392303	1,062000036			
0,006154378	0,06609095	1,161999941			
0,00696818	0,066351357	1,261999965			
0,007832845	0,066514725	1,361999989			
0,008646647	0,066775017	1,462000012			
0,009460449	0,067016968	1,562000036			
0,010325114	0,0671511	1,661999941			
0,011138916	0,06733168	1,761999965			
0,011952718	0,06763559	1,861999989			
0,012817382	0,067813049	1,962000012			
0,013631185	0,067995071	2,062000036			
0,014444987	0,068152084	2,161999941			
0,015258789	0,068630867	2,262000084			
0,016072592	0,068862724	2,361999989			
0,016886393	0,069212502	2,461999893			
0,017700195	0,069444572	2,562000036			
0,018564859	0,069914673	2,661999941			
0,019378662	0,070209267	2,762000084			
0,020192465	0,070779755	2,861999989			
0,021057129	0,071172516	2,961999893			
0,021870932	0,071567497	3,062000036			
0,022735596	0,072106506	3,161999941			
0,02360026	0,072213837	3,262000084			
0,024414063	0,072751892	3,361999989			
0,025278727	0,072969292	3,461999893			
0,02609253	0,073142578	3,562000036			
0,026957194	0,073541962	3,661999941			
0,027821859	0,073981895	3,762000084			
0,028635661	0,074382065	3,861999989			
0,029500326	0,074584183	3,961999893			
0,03036499	0,07487072	4,061999798			
0,031178792	0,075057518	4,162000179			
0,032043456	0,075319679	4,262000084			
0,032857257	0,075825287	4,361999989			
0,033721924	0,076137573	4,461999893			
0,034535726	0,076338837	4,561999798			
0,035349531	0,076778862	4,662000179			
0,036214191	0,077082924	4,762000084			
0,037027996	0,077402962	4,861999989			
0,037841797	0,077826965	4,961999893			
0,038655598	0,078163094	5,061999798			
0,039469403	0,078630699	5,162000179			
0,040283205	0,079048576	5,262000084			
0,041147869	0,079865036	5,361999989			
0,04196167	0,080715431	5,461999893			
0,042775471	0,081373016	5,561999798			
0,043640135	0,08266748	5,662000179			
0,044453936	0,083391563	5,762000084			
0,045318604	0,084160255	5,861999989			
0,046132405	0,084963013	5,961999893			
0,046997069	0,086072784	6,061999798			
0,04781087	0,086880203	6,162000179			
0,048675538	0,087635223	6,262000084			
0,049489339	0,088804306	6,361999989			
0,050354003	0,08971933	6,461999893			
0,051218671	0,091100571	6,561999798			
0,052032472	0,091641045	6,662000179			
0,052897136	0,092999245	6,762000084			
0,053710937	0,094089027	6,861999989			
0,054575605	0,095375893	6,961999893			
0,055389406	0,096599686	7,061999798			
0,056203204	0,097604149	7,162000179			
0,057067871	0,098948204	7,262000084			
0,057881673	0,100026306	7,361999989			
0,058695477	0,101323212	7,461999893			
0,059509279	0,102689629	7,561999798			
0,060323076	0,104059509	7,662000179			
0,061136881	0,105430191	7,762000084			
0,061950683	0,106666397	7,861999989			
0,062764491	0,108000587	7,961999893			
0,063578285	0,109611778	8,062000275			
0,064392087	0,110733017	8,161999702			
0,065256754	0,112286804	8,262000084			
0,066070555	0,113351913	8,362000465			
0,066884364	0,114839691	8,461999893			
0,067749024	0,11605677	8,562000275			
0,068562826	0,117450203	8,661999702			
0,069427493	0,119003899	8,762000084			
0,070241294	0,120209412	8,862000465			
0,071105955	0,121670532	8,961999893			
0,071919763	0,122752731	9,062000275			
0,072784424	0,124036972	9,161999702			
0,073649084	0,125267548	9,262000084			
0,074513759	0,126232368	9,362000465			
0,075327553	0,127188591	9,461999893			
0,07619222	0,128238846	9,562000275			
0,077056888	0,129166946	9,661999702			
0,077870689	0,130076553	9,762000084			
0,078735349	0,130707611	9,862000465			
0,079600017	0,131588852	9,961999893			
0,080413818	0,13222052	10,06200027			
0,081278478	0,132810028	10,1619997			
0,082092287	0,133213486	10,26200008			
0,082906088	0,134008545	10,36200047			
0,08371989	0,134716202	10,46199989			
0,084533691	0,135334213	10,56200027			
0,085398351	0,136094803	10,6619997			
0,08621216	0,137001984	10,76200008			
0,087025961	0,137680847	10,86200047			
0,087890628	0,138570251	10,96199989			
0,08870443	0,139499512	11,06200027			
0,089518224	0,140467468	11,1619997			
0,090332032	0,141379517	11,26200008			
0,091196693	0,142182236	11,36200047			
0,092010501	0,143219849	11,46199989			
0,092875161	0,144085571	11,56200027			
0,093688963	0,145102676	11,6619997			
0,09455363	0,146104416	11,76200008			
0,095367432	0,147336655	11,86200047			
0,096232092	0,148796875	11,96199989			
0,0970459	0,150442215	12,06200027			
0,097910561	0,152067795	12,1619997			
0,098724362	0,153703217	12,26200008			
0,09958903	0,155337296	12,36200047			
0,100402831	0,156779022	12,46199989			
0,101216639	0,15844754	12,56200027			
0,1020813	0,15996817	12,6619997			
0,102895101	0,161528824	12,76200008			
0,103708902	0,163273727	12,86200047			
0,104522704	0,164713272	12,96199989			
0,105336512	0,166284531	13,06200027			
0,106150306	0,167755325	13,1619997			
0,106964115	0,16945578	13,26200008			
0,107777916	0,171024994	13,36200047			
0,10859171	0,172505096	13,46199989			
0,109405519	0,174174103	13,56200027			
0,11021932	0,17575	13,6619997			
0,111083988	0,177492874	13,76200008			
0,111897789	0,17892955	13,86200047			
0,112711583	0,180602539	13,96199989			
0,113525391	0,182318588	14,06200027			
0,114390052	0,183853424	14,1619997			
0,11520386	0,185539703	14,26200008			
0,116068521	0,187511597	14,36200047			
0,116882322	0,189036713	14,46199989			
0,117746989	0,190679749	14,56200027			
0,118560791	0,19262944	14,6619997			
0,119425451	0,194369232	14,76200008			
0,12023926	0,196146423	14,86200047			
0,12110392	0,197855728	14,96199989			
0,121968587	0,19965686	15,06200027			
0,122833255	0,201582214	15,1619997			
0,123647056	0,20316803	15,26200008			
0,124511716	0,205012543	15,36200047			
0,125376391	0,206672943	15,46199989			
0,126190193	0,208483795	15,56200027			
0,127003979	0,210188431	15,6619997			
0,127868654	0,212238983	15,76200008			
0,128682455	0,213504044	15,86200047			
0,129496257	0,215451874	15,96199989			
0,130360917	0,216955322	16,06200027			
0,131174733	0,219331924	16,16200066			
0,13198852	0,220427063	16,26199913			
0,132802321	0,222462845	16,36199951			
0,133616137	0,22427005	16,46199989			
0,134480782	0,226268997	16,56200027			
0,135294598	0,22767334	16,66200066			
0,1361084	0,22943425	16,76199913			
0,136973074	0,231051788	16,86199951			
0,137786861	0,233262222	16,96199989			
0,138651536	0,234678009	17,06200027			
0,139465337	0,236746964	17,16200066			
0,140329998	0,238700485	17,26199913			
0,141143799	0,240290268	17,36199951			
0,142008474	0,242279984	17,46199989			
0,14282226	0,244389694	17,56200027			
0,143686935	0,246002838	17,66200066			
0,144500736	0,247970474	17,76199913			
0,145314523	0,249746155	17,86199951			
0,146179198	0,25164798	17,96199989			
0,147043873	0,253534729	18,06200027			
0,14785766	0,255081757	18,16200066			
0,148671461	0,257537079	18,26199913			
0,149485277	0,258377655	18,36199951			
0,150299078	0,260978394	18,46199989			
0,151112865	0,262180176	18,56200027			
0,151926681	0,264337341	18,66200066			
0,152740482	0,265723846	18,76199913			
0,153554269	0,268092926	18,86199951			
0,154368085	0,269587952	18,96199989			
0,155232745	0,272001862	19,06200027			
0,156046561	0,27347821	19,16200066			
0,156860347	0,275788239	19,26199913			
0,157674149	0,277161285	19,36199951			
0,158487965	0,279527557	19,46199989			
0,15935261	0,281131805	19,56200027			
0,160166426	0,283466614	19,66200066			
0,161031086	0,285162354	19,76199913			
0,161844888	0,287380859	19,86199951			
0,162709548	0,289253784	19,96199989			
0,163574223	0,291264313	20,06200027			
0,16438801	0,293027466	20,16200066			
0,165201825	0,295136688	20,26199913			
0,166066486	0,296985474	20,36199951			
0,166931146	0,299356293	20,46199989			
0,167744947	0,300964874	20,56200027			
0,168609622	0,303151886	20,66200066			
0,169474282	0,304893494	20,76199913			
0,170288084	0,306969116	20,86199951			
0,171152758	0,308965057	20,96199989			
0,17196656	0,310788849	21,06200027			
0,172780346	0,31266568	21,16200066			
0,173645021	0,314664215	21,26199913			
0,174458823	0,316555573	21,36199951			
0,175272624	0,318446686	21,46199989			
0,176086425	0,320481934	21,56200027			
0,176900227	0,322512634	21,66200066			
0,177714028	0,324184174	21,76199913			
0,178527829	0,326031067	21,86199951			
0,179392504	0,327927795	21,96199989			
0,180206305	0,330140076	22,06200027			
0,181020092	0,33190744	22,16200066			
0,181884767	0,333913483	22,26199913			
0,182698568	0,336032898	22,36199951			
0,183563228	0,33786972	22,46199989			
0,18437703	0,339803406	22,56200027			
0,185190846	0,341700073	22,66200066			
0,186055491	0,343636322	22,76199913			
0,186869307	0,345477448	22,86199951			
0,187733967	0,347705627	22,96199989			
0,188547769	0,349519592	23,06200027			
0,189412429	0,351552979	23,16200066			
0,190226245	0,353423004	23,26199913			
0,19109089	0,355398621	23,36199951			
0,191904706	0,357397858	23,46199989			
0,192769367	0,359507629	23,56200027			
0,193583182	0,361226654	23,66200066			
0,194447828	0,363363159	23,76199913			
0,195261644	0,364989044	23,86199951			
0,196075445	0,367186737	23,96199989			
0,196889232	0,368884521	24,06200027			
0,197703048	0,370683899	24,16200066			
0,198516849	0,372649017	24,26199913			
0,199330636	0,374517792	24,36199951			
0,200144452	0,376536407	24,46199989			
0,200958253	0,37824704	24,56200027			
0,201772054	0,380069794	24,66200066			
0,202636715	0,381963654	24,76199913			
0,203450516	0,383841431	24,86199951			
0,204264332	0,385864807	24,96199989			
0,205128978	0,387729279	25,06200027			
0,205942793	0,389700897	25,16200066			
0,206807454	0,391598206	25,26199913			
0,207621255	0,393633667	25,36199951			
0,208435056	0,395637177	25,46199989			
0,209299731	0,397420898	25,56200027			
0,210113532	0,399394836	25,66200066			
0,210978193	0,401471893	25,76199913			
0,211791994	0,403296783	25,86199951			
0,212656669	0,405222198	25,96199989			
0,213521314	0,407153656	26,06200027			
0,21433513	0,409249939	26,16200066			
0,215199791	0,411101257	26,26199913			
0,216013592	0,413218872	26,36199951			
0,216878252	0,415287567	26,46199989			
0,217692068	0,417253387	26,56200027			
0,218556714	0,418805756	26,66200066			
0,21937053	0,420911926	26,76199913			
0,220184331	0,422703522	26,86199951			
0,220998118	0,424379333	26,96199989			
0,221811933	0,426490662	27,06200027			
0,222676594	0,428660004	27,16200066			
0,223490395	0,430373016	27,26199913			
0,224304196	0,43229538	27,36199951			
0,225117998	0,434160706	27,46199989			
0,225982672	0,436251678	27,56200027			
0,226796459	0,438049377	27,66200066			
0,227610275	0,440066101	27,76199913			
0,228474935	0,442048492	27,86199951			
0,229288737	0,443883209	27,96199989			
0,230102538	0,446005249	28,06200027			
0,230967213	0,447805939	28,16200066			
0,231780999	0,449738678	28,26199913			
0,232645674	0,45174234	28,36199951			
0,233459476	0,453650482	28,46199989			
0,234324136	0,455507446	28,56200027			
0,235137937	0,457477692	28,66200066			
0,236002612	0,459530151	28,76199913			
0,236816413	0,461325958	28,86199951			
0,237681073	0,463300629	28,96199989			
0,238494875	0,465182617	29,06200027			
0,23935955	0,467029266	29,16200066			
0,240173336	0,468972168	29,26199913			
0,240987138	0,470821808	29,36199951			
0,241800954	0,472764191	29,46199989			
0,24261474	0,474712463	29,56200027			
0,243428542	0,476504059	29,66200066			
0,244242343	0,478299133	29,76199913			
0,245056144	0,480074707	29,86199951			
0,245869946	0,48215921	29,96199989			
0,246683776	0,483932526	30,06200027			
0,247497548	0,485785553	30,16200066			
0,248311349	0,487789001	30,26199913			
0,24912518	0,489706787	30,36199951			
0,249938952	0,491594788	30,46199989			
0,250803627	0,493527344	30,56200027			
0,251617428	0,495470825	30,66200066			
0,252431229	0,497470734	30,76199913			
0,253295904	0,49930246	30,86199951			
0,254109706	0,501207642	30,96199989			
0,254974351	0,503337006	31,06200027			
0,255788182	0,505227325	31,16200066			
0,256601954	0,507256012	31,26199913			
0,257466658	0,509029358	31,36199951			
0,258331303	0,511099884	31,46199989			
0,259145105	0,513262817	31,56200027			
0,26000978	0,514964844	31,66200066			
0,260823581	0,516907715	31,76199913			
0,261688227	0,518873474	31,86199951			
0,262552901	0,520929077	31,96199989			
0,263366703	0,522746338	32,06200027			
0,264231348	0,524885437	32,16199875			
0,265045179	0,526673828	32,26200104			
0,26585898	0,528597412	32,36199951			
0,266672752	0,530383911	32,4620018			
0,267537456	0,532369812	32,56200027			
0,268351228	0,534319336	32,66199875			
0,26916503	0,536472351	32,76200104			
0,26997886	0,538194336	32,86199951			
0,270792632	0,540135071	32,9620018			
0,271657307	0,542089294	33,06200027			
0,272471108	0,54365564	33,16199875			
0,27328491	0,545849304	33,26200104			
0,274149555	0,548037598	33,36199951			
0,274963386	0,549693909	33,4620018			
0,275828032	0,551525696	33,56200027			
0,276641833	0,553481018	33,66199875			
0,277506508	0,555472534	33,76200104			
0,278320309	0,557342773	33,86199951			
0,279184955	0,559114136	33,9620018			
0,279998785	0,561130859	34,06200027			
0,280812586	0,563019958	34,16199875			
0,281677232	0,564982788	34,26200104			
0,282491063	0,566883118	34,36199951			
0,283355708	0,568679932	34,4620018			
0,284169539	0,57077356	34,56200027			
0,285034184	0,572613037	34,66199875			
0,285847986	0,574523499	34,76200104			
0,28671266	0,576374329	34,86199951			
0,287526462	0,578396301	34,9620018			
0,288340234	0,580274719	35,06200027			
0,289154064	0,582189758	35,16199875			
0,289967866	0,584165527	35,26200104			
0,290781638	0,585784668	35,36199951			
0,291595468	0,58769043	35,4620018			
0,29240927	0,589625	35,56200027			
0,293223042	0,591091003	35,66199875			
0,294036872	0,593492065	35,76200104			
0,294850674	0,595492493	35,86199951			
0,295664446	0,597134766	35,9620018			
0,296478276	0,599197388	36,06200027			
0,297292077	0,600964783	36,16199875			
0,298156752	0,603003235	36,26200104			
0,298970554	0,60479425	36,36199951			
0,299784326	0,606709961	36,4620018			
0,30064903	0,608565918	36,56200027			
0,301462802	0,610359741	36,66199875			
0,302276603	0,612576843	36,76200104			
0,303141278	0,614416626	36,86199951			
0,303955079	0,616401245	36,9620018			
0,304819725	0,618202637	37,06200027			
0,305684429	0,620296143	37,16199875			
0,306498201	0,62227655	37,26200104			
0,307362876	0,624339539	37,36199951			
0,308227551	0,626332092	37,4620018			
0,309041352	0,628278992	37,56200027			
0,309905998	0,630237793	37,66199875			
0,310770673	0,632055908	37,76200104			
0,311584474	0,634152344	37,86199951			
0,31244912	0,636023193	37,9620018			
0,31326295	0,637752319	38,06200027			
0,314076751	0,639784912	38,16199875			
0,314890523	0,64155072	38,26200104			
0,315755227	0,643436462	38,36199951			
0,316569	0,645340637	38,4620018			
0,317382801	0,647173157	38,56200027			
0,318196631	0,649092834	38,66199875			
0,319010403	0,650907593	38,76200104			
0,319875078	0,652960632	38,86199951			
0,32068888	0,654731506	38,9620018			
0,321502681	0,656661316	39,06200027			
0,322367327	0,658638672	39,16199875			
0,323181157	0,660620056	39,26200104			
0,324045803	0,662559937	39,36199951			
0,324859633	0,664472046	39,4620018			
0,325673434	0,666288757	39,56200027			
0,32653808	0,668168274	39,66199875			
0,327351911	0,669995789	39,76200104			
0,328216556	0,671773071	39,86199951			
0,329030358	0,674007324	39,9620018			
0,329895032	0,675781921	40,06200027			
0,330708834	0,677552246	40,16199875			
0,331573479	0,679840759	40,26200104			
0,33238731	0,681438599	40,36199951			
0,333201082	0,683398193	40,4620018			
0,334014883	0,685254761	40,56200027			
0,334879558	0,687251892	40,66199875			
0,335693359	0,689046814	40,76200104			
0,336507161	0,691034363	40,86199951			
0,337320962	0,692808838	40,9620018			
0,338134763	0,694741943	41,06200027			
0,338948565	0,696360291	41,16199875			
0,339813239	0,698364014	41,26200104			
0,340627041	0,700053101	41,36199951			
0,341440813	0,701965576	41,4620018			
0,342254643	0,703818298	41,56200027			
0,343068445	0,705752441	41,66199875			
0,343882246	0,707627075	41,76200104			
0,344746921	0,709289001	41,86199951			
0,345560693	0,711454956	41,9620018			
0,346374523	0,71311731	42,06200027			
0,347239169	0,715225403	42,16199875			
0,34805297	0,716992493	42,26200104			
0,348917645	0,718940369	42,36199951			
0,349731446	0,720868103	42,4620018			
0,350596092	0,722770142	42,56200027			
0,351460796	0,724713379	42,66199875			
0,352274568	0,726541809	42,76200104			
0,353139243	0,728600464	42,86199951			
0,354003918	0,730466431	42,9620018			
0,354817719	0,732306274	43,06200027			
0,355682365	0,734445984	43,16199875			
0,356496195	0,736162537	43,26200104			
0,357360841	0,737930115	43,36199951			
0,358174642	0,739846436	43,4620018			
0,359039317	0,741885803	43,56200027			
0,359853118	0,743664307	43,66199875			
0,360666891	0,745397156	43,76200104			
0,361480721	0,747344666	43,86199951			
0,362294522	0,749263306	43,9620018			
0,363159168	0,751146118	44,06200027			
0,363972998	0,752875854	44,16199875			
0,364786771	0,754883362	44,26200104			
0,365600572	0,756811279	44,36199951			
0,366414402	0,758460938	44,4620018			
0,367279048	0,760521301	44,56200027			
0,368092878	0,762328247	44,66199875			
0,368906651	0,764237061	44,76200104			
0,369771325	0,766199585	44,86199951			
0,370585127	0,768024658	44,9620018			
0,371449802	0,769800232	45,06200027			
0,372263574	0,771795349	45,16199875			
0,373077404	0,773792969	45,26200104			
0,37394205	0,775578491	45,36199951			
0,374755851	0,777399048	45,4620018			
0,375620526	0,779206665	45,56200027			
0,376434327	0,780972168	45,66199875			
0,377298973	0,783147644	45,76200104			
0,378112803	0,785014282	45,86199951			
0,378977449	0,786852905	45,9620018			
0,37979125	0,788718689	46,06200027			
0,380605081	0,790462219	46,16199875			
0,381418853	0,792612061	46,26200104			
0,382232654	0,794386536	46,36199951			
0,383046485	0,795995483	46,4620018			
0,383860257	0,798046692	46,56200027			
0,384674058	0,799829163	46,66199875			
0,385487889	0,801462708	46,76200104			
0,386301661	0,80345459	46,86199951			
0,387115491	0,805270813	46,9620018			
0,387980137	0,807010742	47,06200027			
0,388793938	0,808911743	47,16199875			
0,389607769	0,810660828	47,26200104			
0,390421541	0,812250488	47,36199951			
0,391235342	0,814306213	47,4620018			
0,392100017	0,816292419	47,56200027			
0,392964692	0,818365356	47,66199875			
0,393778464	0,819938721	47,76200104			
0,394592294	0,821776855	47,86199951			
0,39545694	0,823661011	47,9620018			
0,396270741	0,825422607	48,06200027			
0,397135416	0,827443787	48,16199875			
0,398000091	0,829344116	48,26200104			
0,398813863	0,831139221	48,36199951			
0,399678567	0,833211243	48,4620018			
0,400543213	0,834965454	48,56200027			
0,401357014	0,83688562	48,66199875			
0,402221689	0,838636475	48,76200104			
0,40303549	0,840541748	48,86199951			
0,403900136	0,842447021	48,9620018			
0,404713966	0,844030273	49,06200027			
0,405527739	0,846256165	49,16199875			
0,406392413	0,847926392	49,26200104			
0,407206215	0,849719604	49,36199951			
0,408020016	0,851659851	49,4620018			
0,408833817	0,853282776	49,56200027			
0,409647619	0,855123596	49,66199875			
0,41046142	0,857197327	49,76200104			
0,41127525	0,858873047	49,86199951			
0,412139896	0,860884094	49,9620018			
0,412953697	0,862493103	50,06200027			
0,413767499	0,864354553	50,16199875			
0,4145813	0,866173279	50,26200104			
0,415445946	0,868120483	50,36199951			
0,416259776	0,869627014	50,4620018			
0,417124422	0,871459167	50,56200027			
0,417938223	0,873549255	50,66199875			
0,418752054	0,875414673	50,76200104			
0,419616699	0,877456909	50,86199951			
0,420430501	0,879194397	50,9620018			
0,421295175	0,881040466	51,06200027			
0,422159821	0,882832214	51,16199875			
0,422973622	0,884917358	51,26200104			
0,423838297	0,886739563	51,36199951			
0,424702972	0,88847876	51,4620018			
0,425516744	0,890256165	51,56200027			
0,426330575	0,892238647	51,66199875			
0,427144376	0,893955505	51,76200104			
0,428009022	0,895909668	51,86199951			
0,428822852	0,897759399	51,9620018			
0,429636624	0,899370544	52,06200027			
0,430450425	0,901041321	52,16199875			
0,431264256	0,903034058	52,26200104			
0,432078028	0,904760498	52,36199951			
0,432891859	0,906589233	52,4620018			
0,43370566	0,908166138	52,56200027			
0,434519432	0,91015509	52,66199875			
0,435333262	0,911992065	52,76200104			
0,436197908	0,913851746	52,86199951			
0,437011709	0,915621887	52,9620018			
0,43782554	0,917526978	53,06200027			
0,438690186	0,919199829	53,16199875			
0,439503987	0,921145142	53,26200104			
0,440317788	0,923088867	53,36199951			
0,441182463	0,924683167	53,4620018			
0,441996235	0,926767639	53,56200027			
0,442860939	0,928564514	53,66199875			
0,443674711	0,930408997	53,76200104			
0,444539386	0,9321875	53,86199951			
0,445404061	0,933979553	53,9620018			
0,446217862	0,93605011	54,06200027			
0,447082508	0,937671936	54,16199875			
0,447896338	0,939652466	54,26200104			
0,448760984	0,941426575	54,36199951			
0,449574785	0,94328949	54,4620018			
0,45043946	0,945185364	54,56200027			
0,451253261	0,94705603	54,66199875			
0,452067034	0,948575745	54,76200104			
0,452880864	0,950444885	54,86199951			
0,45374551	0,952531921	54,9620018			
0,45455934	0,954188049	55,06200027			
0,455373141	0,955946655	55,16199875			
0,456186914	0,957765503	55,26200104			
0,457000744	0,959626221	55,36199951			
0,45786539	0,961682129	55,4620018			
0,458679191	0,963279663	55,56200027			
0,459493021	0,965049438	55,66199875			
0,460306794	0,966949707	55,76200104			
0,461171468	0,968499634	55,86199951			
0,46198527	0,970527893	55,9620018			
0,462849945	0,972384644	56,06200027			
0,463663717	0,97423584	56,16199875			
0,464477547	0,975846252	56,26200104			
0,465342193	0,977695862	56,36199951			
0,466206868	0,979587219	56,4620018			
0,467020669	0,981377808	56,56200027			
0,467885344	0,983284241	56,66199875			
0,468699116	0,985255188	56,76200104			
0,46956382	0,987031128	56,86199951			
0,470428466	0,988835693	56,9620018			
0,471242267	0,990738159	57,06200027			
0,472106942	0,992537354	57,16199875			
0,472920743	0,994337158	57,26200104			
0,473734515	0,996012512	57,36199951			
0,474548346	0,997750061	57,4620018			
0,475362147	0,999462463	57,56200027			
0,476175948	1,001170776	57,66199875			
0,47698975	1,002865112	57,76200104			
0,477803551	1,004596924	57,86199951			
0,478617352	1,006548523	57,9620018			
0,479431154	1,008306091	58,06200027			
0,480244955	1,010035095	58,16199875			
0,481058756	1,011768677	58,26200104			
0,481872557	1,013619202	58,36199951			
0,482737203	1,015386414	58,4620018			
0,483551034	1,017257263	58,56200027			
0,484364835	1,019106079	58,66199875			
0,485229481	1,020934937	58,76200104			
0,486043311	1,022577454	58,86199951			
0,486907957	1,024254517	58,9620018			
0,487721758	1,026209839	59,06200027			
0,488535559	1,0280448	59,16199875			
0,489400234	1,029858276	59,26200104			
0,490264909	1,031660645	59,36199951			
0,49107871	1,033382446	59,4620018			
0,491943385	1,035308472	59,56200027			
0,492808002	1,037115356	59,66199875			
0,493621803	1,039058838	59,76200104			
0,494486478	1,041047363	59,86199951			
0,495300279	1,042693848	59,9620018			
0,496164954	1,044653931	60,06200027			
0,496978755	1,046512939	60,16199875			
0,49784343	1,048046875	60,26200104			
0,498657231	1,049760986	60,36199951			
0,499471033	1,051811279	60,4620018			
0,500335707	1,053300537	60,56200027			
0,50114945	1,055221191	60,66199875			
0,50196331	1,056981812	60,76200104			
0,502777111	1,058784302	60,86199951			
0,503641786	1,060363647	60,9620018			
0,504455587	1,062106201	61,06200027			
0,50526933	1,064075928	61,16199875			
0,506134005	1,065896118	61,26200104			
0,506947807	1,067620117	61,36199951			
0,507761666	1,069289551	61,4620018			
0,508626283	1,070999268	61,56200027			
0,509440142	1,072804077	61,66199875			
0,510304759	1,074489502	61,76200104			
0,511118618	1,076560303	61,86199951			
0,511932361	1,078151733	61,9620018			
0,512797036	1,079954224	62,06200027			
0,513610838	1,081842773	62,16199875			
0,514475512	1,083671753	62,26200104			
0,515289314	1,085235962	62,36199951			
0,516103115	1,087210938	62,4620018			
0,51696779	1,089032227	62,56200027			
0,517781533	1,090662842	62,66199875			
0,518595392	1,092259399	62,76200104			
0,519460009	1,094153931	62,86199951			
0,520273868	1,095893921	62,9620018			
0,52108767	1,097616699	63,06200027			
0,521901413	1,099195068	63,16199875			
0,522715272	1,101039673	63,26200104			
0,523529074	1,102798828	63,36199951			
0,524342817	1,104291748	63,4620018			
0,525156676	1,106127075	63,56200027			
0,525970478	1,10778418	63,66199875			
0,526784221	1,109680542	63,76200104			
0,52759808	1,111527832	63,86199951			
0,528411882	1,113102539	63,9620018			
0,529225625	1,115021729	64,06199646			
0,530090358	1,116807495	64,16200256			
0,530904101	1,118508057	64,26200104			
0,53171796	1,120173462	64,36199951			
0,532582577	1,122207031	64,46199799			
0,533396436	1,123915771	64,56199646			
0,534210179	1,125648071	64,66200256			
0,535074912	1,1274198	64,76200104			
0,535888656	1,12924353	64,86199951			
0,53675333	1,131091431	64,96199799			
0,537618005	1,132824219	65,06199646			
0,538431806	1,134670776	65,16200256			
0,539296423	1,136419922	65,26200104			
0,540161156	1,138164063	65,36199951			
0,540974899	1,139939941	65,46199799			
0,541839574	1,141957275	65,56199646			
0,542704307	1,143672485	65,66200256			
0,54351805	1,145320679	65,76200104			
0,544382725	1,147194702	65,86199951			
0,545196526	1,149115601	65,96199799			
0,546010328	1,150672607	66,06199646			
0,546824129	1,15259021	66,16200256			
0,547688804	1,154280884	66,26200104			
0,548502605	1,155918457	66,36199951			
0,549316406	1,157569946	66,46199799			
0,550130208	1,159230347	66,56199646			
0,550994882	1,161034912	66,66200256			
0,551808684	1,162762207	66,76200104			
0,552622485	1,164540894	66,86199951			
0,553487102	1,166169067	66,96199799			
0,554300961	1,168104492	67,06199646			
0,555165578	1,169601196	67,16200256			
0,555979437	1,171575562	67,26200104			
0,556793239	1,173273682	67,36199951			
0,557657913	1,175022461	67,46199799			
0,558471656	1,176787231	67,56199646			
0,559336389	1,178423584	67,66200256			
0,560150133	1,180267456	67,76200104			
0,561014807	1,182187622	67,86199951			
0,561828609	1,18388501	67,96199799			
0,562693283	1,185548096	68,06199646			
0,563507085	1,187087891	68,16200256			
0,564320886	1,189094604	68,26200104			
0,565185561	1,190550049	68,36199951			
0,565999304	1,192358765	68,46199799			
0,566813163	1,194234497	68,56199646			
0,567626965	1,195856201	68,66200256			
0,568440708	1,197377808	68,76200104			
0,569254567	1,199290527	68,86199951			
0,570068369	1,200797729	68,96199799			
0,57088217	1,202676025	69,06199646			
0,571695971	1,20427356	69,16200256			
0,572509773	1,205930542	69,26200104			
0,573374447	1,207697754	69,36199951			
0,574188249	1,209501465	69,46199799			
0,575001992	1,21116687	69,56199646			
0,575815851	1,212652466	69,66200256			
0,576629653	1,214881104	69,76200104			
0,577443396	1,21637439	69,86199951			
0,578308129	1,218108276	69,96199799			
0,579121872	1,219702148	70,06199646			
0,579935731	1,221373169	70,16200256			
0,580800348	1,22331665	70,26200104			
0,581614207	1,224851563	70,36199951			
0,582478824	1,22680542	70,46199799			
0,583343499	1,228442627	70,56199646			
0,5841573	1,23025	70,66200256			
0,585021975	1,23196875	70,76200104			
0,58588665	1,233748901	70,86199951			
0,586751266	1,235368164	70,96199799			
0,587615941	1,237303467	71,06199646			
0,588429742	1,239010864	71,16200256			
0,589294417	1,240747803	71,26200104			
0,590108219	1,242547607	71,36199951			
0,590922078	1,24412439	71,46199799			
0,591735821	1,245706543	71,56199646			
0,592600496	1,247543823	71,66200256			
0,593414297	1,249177734	71,76200104			
0,594228099	1,250691162	71,86199951			
0,595041958	1,252591553	71,96199799			
0,595855701	1,254339111	72,06199646			
0,596720376	1,255765747	72,16200256			
0,597534177	1,257627319	72,26200104			
0,598347979	1,259304077	72,36199951			
0,599212653	1,26100061	72,46199799			
0,600026455	1,262720825	72,56199646			
0,600840256	1,264160156	72,66200256			
0,601704873	1,266052612	72,76200104			
0,602518732	1,267772583	72,86199951			
0,603383349	1,269601807	72,96199799			
0,604197208	1,271381592	73,06199646			
0,60501101	1,272783203	73,16200256			
0,605875684	1,274696655	73,26200104			
0,606740301	1,276560913	73,36199951			
0,607554161	1,278350952	73,46199799			
0,608418777	1,279989014	73,56199646			
0,609232578	1,281539063	73,66200256			
0,61004638	1,28333667	73,76200104			
0,610911055	1,285084717	73,86199951			
0,611724856	1,286640991	73,96199799			
0,612538657	1,288524902	74,06199646			
0,613352458	1,289993286	74,16200256			
0,61416626	1,291788086	74,26200104			
0,614980061	1,293357788	74,36199951			
0,615793862	1,295073608	74,46199799			
0,616607664	1,29681958	74,56199646			
0,617421465	1,298288452	74,66200256			
0,618235266	1,299958374	74,76200104			
0,619099941	1,301770142	74,86199951			
0,619913742	1,303327271	74,96199799			
0,620727544	1,304983643	75,06199646			
0,621541345	1,306719604	75,16200256			
0,622355146	1,308314941	75,26200104			
0,623219763	1,309888794	75,36199951			
0,624033622	1,311522827	75,46199799			
0,624847424	1,313454346	75,56199646			
0,625712099	1,315117554	75,66200256			
0,626576715	1,316789673	75,76200104			
0,627390575	1,318494995	75,86199951			
0,628255191	1,32013208	75,96199799			
0,629069051	1,321975952	76,06199646			
0,629933667	1,323484741	76,16200256			
0,630747469	1,325241699	76,26200104			
0,631612143	1,326956177	76,36199951			
0,632476818	1,328790894	76,46199799			
0,633341493	1,33004248	76,56199646			
0,634155294	1,332064819	76,66200256			
0,635019969	1,333809692	76,76200104			
0,635833712	1,335518433	76,86199951			
0,636698445	1,337232788	76,96199799			
0,637512188	1,338670044	77,06199646			
0,638376863	1,340740356	77,16200256			
0,639190665	1,342350952	77,26200104			
0,640004466	1,343975586	77,36199951			
0,640818325	1,345765015	77,46199799			
0,641632068	1,347249512	77,56199646			
0,642496743	1,348812866	77,66200256			
0,643310545	1,350535156	77,76200104			
0,644124346	1,352325317	77,86199951			
0,644989021	1,354106689	77,96199799			
0,645802822	1,355481445	78,06199646			
0,646616623	1,356979004	78,16200256			
0,647430425	1,358851929	78,26200104			
0,648295099	1,360486694	78,36199951			
0,649108901	1,362137939	78,46199799			
0,649973575	1,363881958	78,56199646			
0,650787377	1,3654021	78,66200256			
0,65160112	1,367149658	78,76200104			
0,652465795	1,368865356	78,86199951			
0,653330528	1,370483276	78,96199799			
0,654144271	1,371952148	79,06199646			
0,655008946	1,374028931	79,16200256			
0,65587362	1,375744751	79,26200104			
0,656687422	1,377345581	79,36199951			
0,657552038	1,379072021	79,46199799			
0,658365898	1,38059375	79,56199646			
0,659179699	1,38232251	79,66200256			
0,659993442	1,383832397	79,76200104			
0,660807302	1,385369629	79,86199951			
0,661621103	1,386930542	79,96199799			
0,662434904	1,388572144	80,06199646			
0,663248706	1,390186035	80,16200256			
0,664062507	1,391724365	80,26200104			
0,664876308	1,393204224	80,36199951			
0,66569011	1,395159668	80,46199799			
0,666503911	1,396369873	80,56199646			
0,667368586	1,397934692	80,66200256			
0,668182387	1,399724365	80,76200104			
0,66899613	1,401484009	80,86199951			
0,66980999	1,402910522	80,96199799			
0,670674606	1,404638306	81,06199646			
0,671488466	1,406275146	81,16200256			
0,672302267	1,408030151	81,26200104			
0,673166942	1,40954834	81,36199951			
0,673980685	1,411269897	81,46199799			
0,674845418	1,412737793	81,56199646			
0,675659161	1,41436499	81,66200256			
0,676523836	1,416090088	81,76200104			
0,677337637	1,417644409	81,86199951			
0,678202312	1,41940979	81,96199799			
0,679066929	1,421175415	82,06199646			
0,679880788	1,422694946	82,16200256			
0,680745405	1,42432312	82,26200104			
0,681610079	1,425940186	82,36199951			
0,682423881	1,427565552	82,46199799			
0,68323774	1,429362915	82,56199646			
0,684102357	1,430840576	82,66200256			
0,684916216	1,432511719	82,76200104			
0,68572996	1,434166016	82,86199951			
0,686543761	1,435651001	82,96199799			
0,687408436	1,437333862	83,06199646			
0,688222237	1,438807495	83,16200256			
0,689036096	1,440703003	83,26200104			
0,68984984	1,442183594	83,36199951			
0,690663641	1,443649658	83,46199799			
0,691528316	1,445345581	83,56199646			
0,692342117	1,446892578	83,66200256			
0,693206792	1,44862146	83,76200104			
0,694020593	1,450143921	83,86199951			
0,694885268	1,451757324	83,96199799			
0,695699011	1,453421997	84,06199646			
0,69651287	1,455022461	84,16200256			
0,697377487	1,456456543	84,26200104			
0,698242162	1,458296021	84,36199951			
0,699055963	1,459768433	84,46199799			
0,699920638	1,461559448	84,56199646			
0,700734439	1,462967285	84,66200256			
0,701599114	1,464530273	84,76200104			
0,702412915	1,466334229	84,86199951			
0,703226717	1,467811401	84,96199799			
0,704091392	1,469389771	85,06199646			
0,704905193	1,471005737	85,16200256			
0,705718994	1,472760986	85,26200104			
0,706532795	1,474281738	85,36199951			
0,707346597	1,475812256	85,46199799			
0,708160398	1,477577759	85,56199646			
0,708974199	1,47884668	85,66200256			
0,709788001	1,480460449	85,76200104			
0,710601802	1,481853516	85,86199951			
0,711415603	1,483758301	85,96199799			
0,712229405	1,485164551	86,06199646			
0,713094079	1,486584595	86,16200256			
0,713907881	1,488259766	86,26200104			
0,714721682	1,489727173	86,36199951			
0,715535483	1,49138269	86,46199799			
0,716349285	1,492930664	86,56199646			
0,717213901	1,49448999	86,66200256			
0,718027761	1,496085693	86,76200104			
0,718841562	1,4976427	86,86199951			
0,719706237	1,499359131	86,96199799			
0,720520038	1,500750732	87,06199646			
0,721384713	1,502238281	87,16200256			
0,722198514	1,503934082	87,26200104			
0,723063189	1,505699707	87,36199951			
0,723876932	1,50713855	87,46199799			
0,724741665	1,508953003	87,56199646			
0,725606282	1,510562378	87,66200256			
0,726420083	1,512057983	87,76200104			
0,727284758	1,513613037	87,86199951			
0,728098559	1,515469727	87,96199799			
0,728912361	1,516834229	88,06199646			
0,729777035	1,518363647	88,16200256			
0,730590837	1,519999512	88,26200104			
0,73140458	1,521406494	88,36199951			
0,732218439	1,523055664	88,46199799			
0,733032241	1,524376465	88,56199646			
0,733845984	1,525931152	88,66200256			
0,734710717	1,527512207	88,76200104			
0,73552446	1,52885376	88,86199951			
0,736338319	1,530658936	88,96199799			
0,737152121	1,532089478	89,06199646			
0,738016795	1,533778076	89,16200256			
0,738830538	1,535185425	89,26200104			
0,739695271	1,536694824	89,36199951			
0,740509015	1,53833728	89,46199799			
0,741373689	1,539998535	89,56199646			
0,742187491	1,541542358	89,66200256			
0,743001292	1,543141724	89,76200104			
0,743865967	1,54456189	89,86199951			
0,744730642	1,546385254	89,96199799			
0,745544443	1,547827881	90,06199646			
0,746409118	1,54955835	90,16200256			
0,747222919	1,551111694	90,26200104			
0,748087594	1,552636841	90,36199951			
0,748901395	1,553960205	90,46199799			
0,74976607	1,555588867	90,56199646			
0,750579813	1,557134399	90,66200256			
0,751393614	1,558597412	90,76200104			
0,752258289	1,560185425	90,86199951			
0,75307209	1,561730347	90,96199799			
0,75388595	1,562893555	91,06199646			
0,754699693	1,564480713	91,16200256			
0,755513494	1,565904785	91,26200104			
0,756327354	1,567401855	91,36199951			
0,757141097	1,569176147	91,46199799			
0,757954898	1,570280762	91,56199646			
0,758768758	1,571854492	91,66200256			
0,759582501	1,573615967	91,76200104			
0,760396302	1,574954224	91,86199951			
0,761260977	1,576532349	91,96199799			
0,762074778	1,578084473	92,06199646			
0,762888638	1,579566528	92,16200256			
0,763702381	1,581039917	92,26200104			
0,764567056	1,582640991	92,36199951			
0,765380857	1,584172363	92,46199799			
0,766245532	1,585786621	92,56199646			
0,767059333	1,587327026	92,66200256			
0,767924008	1,588703613	92,76200104			
0,768788625	1,59041626	92,86199951			
0,769602484	1,591966797	92,96199799			
0,770467101	1,593541992	93,06199646			
0,771331775	1,595143066	93,16200256			
0,77219645	1,596577759	93,26200104			
0,773061125	1,59818811	93,36199951			
0,773874926	1,599876099	93,46199799			
0,774739543	1,601321167	93,56199646			
0,775553402	1,602769531	93,66200256			
0,776418019	1,604188843	93,76200104			
0,777231879	1,60573584	93,86199951			
0,77804568	1,607366821	93,96199799			
0,778859423	1,608501831	94,06199646			
0,779673283	1,610239868	94,16200256			
0,780537899	1,61167395	94,26200104			
0,781351759	1,613142456	94,36199951			
0,782165502	1,614713989	94,46199799			
0,782979303	1,616040161	94,56199646			
0,783793163	1,617641602	94,66200256			
0,784657779	1,619084106	94,76200104			
0,785471639	1,620649048	94,86199951			
0,786285382	1,621920166	94,96199799			
0,787099183	1,62345459	95,06199646			
0,787963858	1,624894043	95,16200256			
0,788777659	1,626359985	95,26200104			
0,789591519	1,627917725	95,36199951			
0,790456135	1,629354248	95,46199799			
0,791269937	1,630833374	95,56199646			
0,792134611	1,63240918	95,66200256			
0,792948413	1,633889648	95,76200104			
0,793813029	1,635274292	95,86199951			
0,794626889	1,636887573	95,96199799			
0,795491505	1,638549561	96,06199646			
0,796305365	1,639887817	96,16200256			
0,797119166	1,641463135	96,26200104			
0,797983841	1,642721069	96,36199951			
0,798797584	1,644177734	96,46199799			
0,799611385	1,645789185	96,56199646			
0,800425245	1,647047974	96,66200256			
0,801238988	1,648390381	96,76200104			
0,802001974	1,649879517	96,86199951			
0,802815717	1,651197021	96,96199799			
0,803680392	1,652703247	97,06199646			
0,804443378	1,654188477	97,16200256			
0,805308053	1,655646484	97,26200104			
0,806121854	1,656799438	97,36199951			
0,806935597	1,658409546	97,46199799			
0,807749457	1,659714111	97,56199646			
0,808563258	1,660956665	97,66200256			
0,809377001	1,662462524	97,76200104			
0,810241676	1,663928711	97,86199951			
0,811055477	1,665342651	97,96199799			
0,811920152	1,666994019	98,06199646			
0,812733953	1,6684104	98,16200256			
0,813598628	1,669874268	98,26200104			
0,814412429	1,671390625	98,36199951			
0,815277104	1,67286792	98,46199799			
0,816141779	1,674342896	98,56199646			
0,817006396	1,67605896	98,66200256			
0,81787107	1,677355957	98,76200104			
0,818735803	1,678921509	98,86199951			
0,819549547	1,680249146	98,96199799			
0,820414221	1,681745728	99,06199646			
0,821228023	1,683411743	99,16200256			
0,822092697	1,68472644	99,26200104			
0,822906499	1,686087891	99,36199951			
0,8237203	1,687681396	99,46199799			
0,824584975	1,689114746	99,56199646			
0,825398718	1,690487793	99,66200256			
0,826212578	1,691753784	99,76200104			
0,827026379	1,693261719	99,86199951			
0,827891054	1,694517456	99,96199799			
0,828704855	1,696210571	100,0619965			
0,829518598	1,697663452	100,1620026			
0,830332458	1,698810791	100,262001			
0,831197074	1,700461426	100,3619995			
0,832010934	1,701928345	100,461998			
0,832824735	1,703306152	100,5619965			
0,83368941	1,704429688	100,6620026			
0,834503153	1,706176025	100,762001			
0,835316954	1,70771814	100,8619995			
0,836181629	1,708721924	100,961998			
0,83699543	1,710433594	101,0619965			
0,837860105	1,711864258	101,1620026			
0,838673906	1,713363037	101,262001			
0,839538581	1,714789307	101,3619995			
0,840352383	1,716230225	101,461998			
0,841217057	1,71766333	101,5619965			
0,8420308	1,719085571	101,6620026			
0,842895533	1,720467285	101,762001			
0,843709277	1,721941772	101,8619995			
0,844523136	1,72335083	101,961998			
0,845336937	1,724723267	102,0619965			
0,846201612	1,72597583	102,1620026			
0,847015355	1,727321045	102,262001			
0,847829157	1,728738159	102,3619995			
0,848643016	1,730062622	102,461998			
0,849456759	1,731409302	102,5619965			
0,85027056	1,73272876	102,6620026			
0,85108442	1,734175293	102,762001			
0,851898221	1,735535645	102,8619995			
0,852711964	1,736813477	102,961998			
0,853525824	1,738311279	103,0619965			
0,854339625	1,739561768	103,1620026			
0,8552043	1,74092688	103,262001			
0,856018043	1,742237671	103,3619995			
0,856831844	1,743791504	103,461998			
0,857696519	1,74515979	103,5619965			
0,858510321	1,74652478	103,6620026			
0,859374995	1,747869263	103,762001			
0,860188797	1,749244385	103,8619995			
0,861053471	1,750645874	103,961998			
0,861918146	1,751894531	104,0619965			
0,862731948	1,753360962	104,1620026			
0,863596622	1,754787354	104,262001			
0,864461239	1,756247314	104,3619995			
0,865325914	1,757654907	104,461998			
0,866139715	1,759115967	104,5619965			
0,86700439	1,760501831	104,6620026			
0,867818191	1,761942261	104,762001			
0,868682866	1,763193848	104,8619995			
0,869496667	1,764689575	104,961998			
0,870310469	1,766071289	105,0619965			
0,871175085	1,767473877	105,1620026			
0,871988945	1,768667847	105,262001			
0,872802746	1,769847046	105,3619995			
0,873616489	1,771300415	105,461998			
0,874430349	1,772700439	105,5619965			
0,87524415	1,773980347	105,6620026			
0,876057951	1,775177979	105,762001			
0,876922626	1,776555054	105,8619995			
0,877736369	1,778067871	105,961998			
0,878550229	1,779279297	106,0619965			
0,879414845	1,780638184	106,1620026			
0,880228705	1,782087036	106,262001			
0,881042506	1,783543457	106,3619995			
0,881907181	1,785002563	106,461998			
0,882771797	1,786411743	106,5619965			
0,883585657	1,787663452	106,6620026			
0,884450274	1,788977905	106,762001			
0,885264075	1,790420654	106,8619995			
0,88612875	1,791735229	106,961998			
0,886993425	1,79316687	107,0619965			
0,887807168	1,794293823	107,1620026			
0,888671901	1,795713135	107,262001			
0,889485644	1,796940918	107,3619995			
0,890299503	1,798296997	107,461998			
0,891113305	1,799527344	107,5619965			
0,891927048	1,800895996	107,6620026			
0,892791722	1,802185913	107,762001			
0,893605524	1,803499023	107,8619995			
0,894419383	1,804726074	107,961998			
0,895233126	1,805895874	108,0619965			
0,896046928	1,807312866	108,1620026			
0,896860787	1,808579224	108,262001			
0,897674588	1,809821777	108,3619995			
0,898488332	1,811229858	108,461998			
0,899302191	1,812438477	108,5619965			
0,900115992	1,813630127	108,6620026			
0,900980667	1,815033691	108,762001			
0,90179441	1,816447632	108,8619995			
0,902608212	1,817660522	108,961998			
0,903472886	1,819022705	109,0619965			
0,904286688	1,820348999	109,1620026			
0,905100547	1,821519409	109,262001			
0,905965164	1,822829102	109,3619995			
0,906778965	1,824221802	109,461998			
0,90764364	1,825452881	109,5619965			
0,908457441	1,826838745	109,6620026			
0,909322058	1,82808728	109,762001			
0,910186791	1,829603638	109,8619995			
0,911000534	1,830825073	109,961998			
0,911865209	1,832293579	110,0619965			
0,912729942	1,833391602	110,1620026			
0,913543685	1,834231323	110,262001			
0,91440836	1,835582886	110,3619995			
0,915222161	1,836891724	110,461998			
0,916035962	1,838191284	110,5619965			
0,916900637	1,83958313	110,6620026			
0,917714438	1,840739258	110,762001			
0,91852824	1,842146118	110,8619995			
0,919342041	1,843436035	110,961998			
0,920206716	1,844821167	111,0619965			
0,921020517	1,845942993	111,1620026			
0,921834318	1,847334106	111,262001			
0,92264812	1,848493042	111,3619995			
0,923512736	1,849882324	111,461998			
0,924326596	1,851262695	111,5619965			
0,925140397	1,852304321	111,6620026			
0,926005072	1,853701416	111,762001			
0,926818873	1,855040161	111,8619995			
0,927683548	1,856331787	111,961998			
0,928497291	1,857647217	112,0619965			
0,929362024	1,858768188	112,1620026			
0,930175767	1,860032227	112,262001			
0,931040442	1,8614823	112,3619995			
0,931854243	1,862653198	112,461998			
0,932718918	1,863996094	112,5619965			
0,93353272	1,865329468	112,6620026			
0,934397394	1,8666521	112,762001			
0,935211196	1,867821045	112,8619995			
0,93607587	1,869123535	112,961998			
0,936889672	1,870328125	113,0619965			
0,937703415	1,87152478	113,1620026			
0,938517274	1,872742798	113,262001			
0,939331076	1,874092773	113,3619995			
0,94019575	1,87526123	113,461998			
0,941009494	1,876433105	113,5619965			
0,941823295	1,877790527	113,6620026			
0,942586223	1,878775024	113,762001			
0,943400082	1,880022583	113,8619995			
0,944213883	1,881233032	113,961998			
0,945027627	1,882452881	114,0619965			
0,94589236	1,883650513	114,1620026			
0,946706103	1,884933594	114,262001			
0,947519962	1,885956177	114,3619995			
0,948333764	1,887376587	114,461998			
0,949147507	1,888480469	114,5619965			
0,950012181	1,889703491	114,6620026			
0,950825983	1,890923706	114,762001			
0,951690658	1,892395752	114,8619995			
0,952504459	1,893524414	114,961998			
0,953369134	1,894691284	115,0619965			
0,954182935	1,895841919	115,1620026			
0,95504761	1,897230835	115,262001			
0,955912285	1,898508545	115,3619995			
0,956776901	1,899737915	115,461998			
0,957641576	1,900788086	115,5619965			
0,958455377	1,902080811	115,6620026			
0,959320052	1,903287231	115,762001			
0,960133853	1,904492188	115,8619995			
0,960998528	1,905812012	115,961998			
0,961812329	1,906963379	116,0619965			
0,962677004	1,908105103	116,1620026			
0,963490806	1,909448853	116,262001			
0,96435548	1,910533447	116,3619995			
0,965169223	1,911595337	116,461998			
0,965983083	1,912885132	116,5619965			
0,966796884	1,914207397	116,6620026			
0,967661559	1,915319946	116,762001			
0,96847536	1,916567017	116,8619995			
0,969289104	1,917575195	116,961998			
0,970102963	1,918721436	117,0619965			
0,97096758	1,920071533	117,1620026			
0,971781439	1,921152588	117,262001			
0,97259524	1,922348145	117,3619995			
0,973459915	1,923513062	117,461998			
0,974273658	1,924577026	117,5619965			
0,97508746	1,925849121	117,6620026			
0,975952134	1,926875732	117,762001			
0,976765878	1,928029541	117,8619995			
0,977630611	1,929422241	117,961998			
0,978444354	1,93058313	118,0619965			
0,979309087	1,93167627	118,1620026			
0,98012283	1,932776367	118,262001			
0,980936689	1,933875122	118,3619995			
0,981801306	1,934758667	118,461998			
0,982615165	1,936169556	118,5619965			
0,983428909	1,937386597	118,6620026			
0,984242768	1,938287109	118,762001			
0,985056628	1,93955957	118,8619995			
0,985870371	1,940771729	118,961998			
0,986735104	1,941626465	119,0619965			
0,987497973	1,942779419	119,1620026			
0,98836259	1,943875122	119,262001			
0,989176449	1,945055176	119,3619995			
0,989990192	1,946135254	119,461998			
0,990804052	1,947072998	119,5619965			
0,991617911	1,94823645	119,6620026			
0,992431655	1,949334229	119,762001			
0,993245398	1,950393799	119,8619995			
0,994059257	1,95140625	119,961998			
0,994923874	1,952618896	120,0619965			
0,995737733	1,95387146	120,1620026			
0,99660235	1,954856079	120,262001			
0,997416209	1,956091919	120,3619995			
0,998280826	1,957257446	120,461998			
0,999094686	1,958313354	120,5619965			
0,999959302	1,959578857	120,6620026			
1,000823919	1,960586548	120,762001			
1,001637778	1,961635254	120,8619995			
1,002553385	1,962816772	120,961998			
1,003418001	1,964152588	121,0619965			
1,004231861	1,965136963	121,1620026			
1,005096477	1,966369019	121,262001			
1,005961094	1,967256226	121,3619995			
1,006774954	1,968344238	121,461998			
1,00763957	1,969490356	121,5619965			
1,008453313	1,970585205	121,6620026			
1,009267173	1,971480957	121,762001			
1,010080916	1,972638428	121,8619995			
1,010894775	1,971626099	121,961998			
1,011708635	1,972746948	122,0619965			
1,012522378	1,973894775	122,1620026			
1,013336238	1,97501416	122,262001			
1,014149981	1,975981812	122,3619995			
1,015014597	1,976986694	122,461998			
1,015828457	1,978485107	122,5619965			
1,0166422	1,979167725	122,6620026			
1,017456059	1,980446045	122,762001			
1,018320676	1,98173877	122,8619995			
1,019134535	1,982768311	122,961998			
1,019999152	1,983849854	123,0619965			
1,020813012	1,984914307	123,1620026			
1,021626871	1,985969849	123,262001			
1,022491488	1,987301025	123,3619995			
1,023305347	1,988221191	123,461998			
1,024169964	1,989371948	123,5619965			
1,02503458	1,99060498	123,6620026			
1,02584844	1,991702148	123,762001			
1,026713056	1,99287561	123,8619995			
1,0275268	1,993938965	123,961998			
1,028391533	1,994910767	124,0619965			
1,029205276	1,996147339	124,1620026			
1,030069892	1,99711377	124,262001			
1,030883752	1,998200195	124,3619995			
1,031697611	1,999197632	124,461998			
1,032511354	2,000173584	124,5619965			
1,033325214	2,001143433	124,6620026			
1,034139073	2,002141724	124,762001			
1,034952817	2,00315564	124,8619995			
1,03576656	2,004085205	124,961998			
1,036580419	2,005339233	125,0619965			
1,037394162	2,005883179	125,1620026			
1,038208022	2,007225464	125,262001			
1,039072638	2,00822522	125,3619995			
1,039886498	2,009207764	125,461998			
1,040700357	2,010210083	125,5619965			
1,041564974	2,01125415	125,6620026			
1,042378834	2,012299927	125,762001			
1,04324345	2,013285645	125,8619995			
1,044057193	2,014313354	125,961998			
1,044921926	2,015296021	126,0619965			
1,045786543	2,01631543	126,1620026			
1,046600286	2,017353394	126,262001			
1,047465019	2,01843811	126,3619995			
1,048329752	2,019451172	126,461998			
1,049194369	2,020519775	126,5619965			
1,050058985	2,021461914	126,6620026			
1,050872845	2,022545532	126,762001			
1,051737461	2,023417725	126,8619995			
1,052602194	2,024478271	126,961998			
1,053415937	2,025310547	127,0619965			
1,05422968	2,026279175	127,1620026			
1,055094413	2,027382935	127,262001			
1,055908157	2,028050415	127,3619995			
1,056722016	2,029137939	127,461998			
1,057586633	2,030150024	127,5619965			
1,058400492	2,030970337	127,6620026			
1,059214235	2,031712891	127,762001			
1,060028095	2,032685181	127,8619995			
1,060841954	2,03366394	127,961998			
1,061655697	2,03444104	128,0619965			
1,06252043	2,035355713	128,1620026			
1,063334057	2,036450684	128,2619934			
1,064147917	2,037282959	128,3619995			
1,064961776	2,038176147	128,4620056			
1,065826393	2,038983032	128,5619965			
1,066640252	2,040023193	128,6620026			
1,067504869	2,040924683	128,7619934			
1,068318728	2,041808472	128,8619995			
1,069183345	2,042582886	128,9620056			
1,070047962	2,043841431	129,0619965			
1,070861821	2,044679321	129,1620026			
1,071726438	2,045696777	129,2619934			
1,072591171	2,046223999	129,3619995			
1,073404914	2,047238525	129,4620056			
1,074218773	2,048052734	129,5619965			
1,07508339	2,049105957	129,6620026			
1,075897249	2,05004126	129,7619934			
1,076711109	2,050775635	129,8619995			
1,077524736	2,051676758	129,9620056			
1,078338595	2,052543213	130,0619965			
1,079152455	2,053333252	130,1620026			
1,079966198	2,054141602	130,2619934			
1,080780057	2,054959473	130,3619995			
1,081593917	2,055758545	130,4620056			
1,082407543	2,056408936	130,5619965			
1,083221403	2,057364746	130,6620026			
1,084035262	2,058231689	130,7619934			
1,084849006	2,058996094	130,8619995			
1,085662865	2,059859619	130,9620056			
1,086527482	2,060672119	131,0619965			
1,087341341	2,061383057	131,1620026			
1,088155201	2,062301514	131,2619934			
1,089019817	2,063240479	131,3619995			
1,08983356	2,06394458	131,4620056			
1,090647303	2,064767578	131,5619965			
1,091512037	2,06554834	131,6620026			
1,092376653	2,066417725	131,7619934			
1,093241386	2,067297363	131,8619995			
1,094106119	2,068342285	131,9620056			
1,094919746	2,069296143	132,0619965			
1,095784595	2,069792969	132,1620026			
1,096649212	2,07053125	132,2619934			
1,097462955	2,071419434	132,3619995			
1,098327688	2,072316162	132,4620056			
1,099141431	2,073291992	132,5619965			
1,100006048	2,073811768	132,6620026			
1,100819907	2,074722656	132,7619934			
1,10163365	2,075343262	132,8619995			
1,10244751	2,07606665	132,9620056			
1,103312126	2,076955811	133,0619965			
1,104125986	2,077681641	133,1620026			
1,104939845	2,07852417	133,2619934			
1,105753588	2,079156738	133,3619995			
1,106567332	2,080013916	133,4620056			
1,107381191	2,080604492	133,5619965			
1,108194934	2,081187988	133,6620026			
1,109059667	2,081793945	133,7619934			
1,10987341	2,082796387	133,8619995			
1,110738143	2,083827881	133,9620056			
1,111551886	2,084191895	134,0619965			
1,112416619	2,085196777	134,1620026			
1,113230363	2,086005859	134,2619934			
1,114095096	2,086664795	134,3619995			
1,114908839	2,087485596	134,4620056			
1,115722698	2,087642822	134,5619965			
1,116587315	2,088334229	134,6620026			
1,117401174	2,089173828	134,7619934			
1,118265791	2,089896973	134,8619995			
1,119130524	2,09056543	134,9620056			
1,119944267	2,091339844	135,0619965			
1,12075801	2,092038818	135,1620026			
1,121622627	2,092862793	135,2619934			
1,122436486	2,093417725	135,3619995			
1,123250346	2,094261475	135,4620056			
1,124064089	2,09471582	135,5619965			
1,124877948	2,095551758	135,6620026			
1,125691808	2,096294678	135,7619934			
1,126505551	2,096846436	135,8619995			
1,127319294	2,097708008	135,9620056			
1,128133154	2,098064453	136,0619965			
1,128946897	2,098933594	136,1620026			
1,12981163	2,099600586	136,2619934			
1,130625373	2,100409668	136,3619995			
1,131439232	2,100860107	136,4620056			
1,132253092	2,101512939	136,5619965			
1,133066718	2,102129639	136,6620026			
1,133880578	2,102709229	136,7619934			
1,134745195	2,103320313	136,8619995			
1,135559054	2,104137451	136,9620056			
1,136423671	2,104879883	137,0619965			
1,13723753	2,105531494	137,1620026			
1,138102147	2,106255859	137,2619934			
1,138916006	2,106878906	137,3619995			
1,139780623	2,107415771	137,4620056			
1,140645356	2,107894287	137,5619965			
1,141509973	2,108724365	137,6620026			
1,142323832	2,109577148	137,7619934			
1,143188449	2,110228516	137,8619995			
1,144053065	2,110606934	137,9620056			
1,144917798	2,111397705	138,0619965			
1,145731541	2,111797607	138,1620026			
1,146596274	2,112526123	138,2619934			
1,147460891	2,113099365	138,3619995			
1,14827475	2,113695801	138,4620056			
1,149088494	2,114357422	138,5619965			
1,149902353	2,11479248	138,6620026			
1,150716213	2,115189941	138,7619934			
1,151529956	2,115741211	138,8619995			
1,152394689	2,116647949	138,9620056			
1,153208432	2,116843506	139,0619965			
1,154022175	2,117269287	139,1620026			
1,154836034	2,117909912	139,2619934			
1,155649778	2,118404785	139,3619995			
1,156514511	2,119129395	139,4620056			
1,157328254	2,11951123	139,5619965			
1,158142113	2,120064941	139,6620026			
1,15900673	2,120538086	139,7619934			
1,159820589	2,121185791	139,8619995			
1,160685206	2,121670898	139,9620056			
1,161499065	2,122151123	140,0619965			
1,162312808	2,122699707	140,1620026			
1,163177541	2,12317627	140,2619934			
1,164042158	2,123538818	140,3619995			
1,164855901	2,124022217	140,4620056			
1,165720634	2,124665283	140,5619965			
1,166534377	2,125121826	140,6620026			
1,167348237	2,12568042	140,7619934			
1,168212853	2,126154541	140,8619995			
1,169026713	2,125965576	140,9620056			
1,169840456	2,126600342	141,0619965			
1,170654316	2,126774414	141,1620026			
1,171468175	2,127358887	141,2619934			
1,172281918	2,127717529	141,3619995			
1,173095661	2,128145508	141,4620056			
1,173909521	2,128609131	141,5619965			
1,174774137	2,128990234	141,6620026			
1,175587997	2,129403076	141,7619934			
1,17640174	2,130005371	141,8619995			
1,177215599	2,130484375	141,9620056			
1,178029459	2,13063916	142,0619965			
1,178843086	2,131218018	142,1620026			
1,179656945	2,131876953	142,2619934			
1,180521562	2,132155029	142,3619995			
1,181335421	2,132729004	142,4620056			
1,182200038	2,133071533	142,5619965			
1,183013897	2,133421631	142,6620026			
1,183878514	2,133837646	142,7619934			
1,184692373	2,134384521	142,8619995			
1,18555699	2,134696289	142,9620056			
1,186421723	2,135178467	143,0619965			
1,18728634	2,135658691	143,1620026			
1,188150956	2,136070313	143,2619934			
1,189015689	2,136449463	143,3619995			
1,189829432	2,136837646	143,4620056			
1,190694165	2,137328125	143,5619965			
1,191558782	2,137507813	143,6620026			
1,192372642	2,137739502	143,7619934			
1,193186385	2,138199219	143,8619995			
1,194051118	2,138359619	143,9620056			
1,194864861	2,138780273	144,0619965			
1,19567872	2,139155518	144,1620026			
1,19649258	2,139224854	144,2619934			
1,197357196	2,139574951	144,3619995			
1,198171056	2,139628418	144,4620056			
1,198984799	2,13975708	144,5619965			
1,199798542	2,140102295	144,6620026			
1,200612402	2,140267334	144,7619934			
1,201426145	2,140750977	144,8619995			
1,202290878	2,140719971	144,9620056			
1,203104621	2,141088379	145,0619965			
1,20391848	2,141192139	145,1620026			
1,20473234	2,14137207	145,2619934			
1,205596956	2,141744629	145,3619995			
1,206410816	2,141869385	145,4620056			
1,207275433	2,141903076	145,5619965			
1,208089176	2,142293945	145,6620026			
1,208953909	2,142532959	145,7619934			
1,209818525	2,142537598	145,8619995			
1,210632268	2,142888672	145,9620056			
1,211497001	2,143151611	146,0619965			
1,212310744	2,143195313	146,1620026			
1,213175361	2,143496582	146,2619934			
1,213989221	2,1435271	146,3619995			
1,21480308	2,143765869	146,4620056			
1,215616823	2,143853027	146,5619965			
1,216430683	2,143918457	146,6620026			
1,217244542	2,144044434	146,7619934			
1,218058285	2,144270264	146,8619995			
1,218872028	2,144043701	146,9620056			
1,219685888	2,144224121	147,0619965			
1,220550505	2,144388184	147,1620026			
1,221364364	2,144233398	147,2619934			
1,222178107	2,144494385	147,3619995			
1,222991967	2,144551758	147,4620056			
1,223805826	2,144415771	147,5619965			
1,224619453	2,144547119	147,6620026			
1,225484302	2,144613037	147,7619934			
1,226297929	2,144518799	147,8619995			
1,227111788	2,144496338	147,9620056			
1,227976405	2,14476416	148,0619965			
1,228790265	2,144756592	148,1620026			
1,229654881	2,144853027	148,2619934			
1,230468741	2,144726318	148,3619995			
1,231333357	2,144670654	148,4620056			
1,23219809	2,145000732	148,5619965			
1,233062707	2,144753662	148,6620026			
1,233927323	2,144899414	148,7619934			
1,234792056	2,145087158	148,8619995			
1,2356058	2,144996094	148,9620056			
1,236470533	2,144850586	149,0619965			
1,237335149	2,144450195	149,1620026			
1,238149009	2,144542725	149,2619934			
1,239013625	2,144519531	149,3619995			
1,239827485	2,144362793	149,4620056			
1,240641228	2,14412793	149,5619965			
1,241505961	2,144049561	149,6620026			
1,242319704	2,143891602	149,7619934			
1,243133564	2,144155762	149,8619995			
1,243947423	2,143838135	149,9620056			
1,24481204	2,14377002	150,0619965			
1,245625899	2,143565674	150,1620026			
1,246439526	2,143568115	150,2619934			
1,247253385	2,143317627	150,3619995			
1,248067245	2,143337891	150,4620056			
1,248931861	2,142992188	150,5619965			
1,249745721	2,142782471	150,6620026			
1,250559464	2,142635498	150,7619934			
1,251424197	2,14242041	150,8619995			
1,25223794	2,142132568	150,9620056			
1,2530518	2,141788574	151,0619965			
1,253916416	2,141581543	151,1620026			
1,254781149	2,141295166	151,2619934			
1,255594892	2,141114502	151,3619995			
1,256459625	2,140856445	151,4620056			
1,257324242	2,140539307	151,5619965			
1,258138102	2,140114014	151,6620026			
1,259002718	2,139824951	151,7619934			
1,259816578	2,139455811	151,8619995			
1,260681194	2,138931396	151,9620056			
1,261494937	2,138415771	152,0619965			
1,26230868	2,138068604	152,1620026			
1,26312254	2,137503174	152,2619934			
1,263936399	2,136915039	152,3619995			
1,264750143	2,136428467	152,4620056			
1,265564002	2,135825195	152,5619965			
1,266377862	2,135202393	152,6620026			
1,267191488	2,134324463	152,7619934			
1,268005348	2,133698975	152,8619995			
1,268819207	2,133097656	152,9620056			
1,26963295	2,132259277	153,0619965			
1,27044681	2,131439697	153,1620026			
1,271260669	2,130745605	153,2619934			
1,272074296	2,130000244	153,3619995			
1,272939029	2,129195313	153,4620056			
1,273752772	2,128348389	153,5619965			
1,274566632	2,127642822	153,6620026			
1,275431248	2,12675708	153,7619934			
1,276295981	2,125704346	153,8619995			
1,277109724	2,124794922	153,9620056			
1,277974457	2,123863525	154,0619965			
1,278839074	2,122667969	154,1620026			
1,279652934	2,121453857	154,2619934			
1,28051755	2,120669922	154,3619995			
1,281382167	2,118995605	154,4620056			
1,2822469	2,117458008	154,5619965			
1,283111516	2,116008057	154,6620026			
1,283925376	2,114095703	154,7619934			
1,284789992	2,111998291	154,8619995			
1,285603852	2,10925415	154,9620056			
1,286468469	2,106465576	155,0619965			
1,287333085	2,102598145	155,1620026			
1,288146945	2,08696875	155,2619934			
1,289011561	2,042444092	155,3619995			
1,292165136	0,083157753	155,4149933			
