D:\Ensayos V?ctor\Test Run 8 28-03-2019 13 07 07\DAQ- Crosshead; ? - (Timed).txt
Test: ENSAYOS TRACCION PLA 1
Test Run: Test Run 8
Date: 28/03/2019 12:58:13


Crosshead 	Load 	Time 		Carga Maxima	
mm	kN	sec		2,163396729	
0,000203451	0,004483418	0,111000001			
0,000559489	0,004508166	0,210999995			
0,001017253	0,004614374	0,31099999			
0,001576742	0,004814559	0,411000013			
0,002034505	0,004876948	0,510999978			
0,002492269	0,0049869	0,611000001			
0,00289917	0,005183816	0,711000025			
0,003407796	0,005485342	0,81099999			
0,003967285	0,00596252	0,911000013			
0,004628499	0,006318694	1,011000037			
0,005391439	0,006882696	1,110999942			
0,006205241	0,006524478	1,210999966			
0,007069906	0,006600486	1,31099999			
0,007883708	0,006897735	1,411000013			
0,008748372	0,007393895	1,511000037			
0,009562174	0,008323042	1,610999942			
0,010426839	0,009578958	1,710999966			
0,011291504	0,009714119	1,81099999			
0,012105305	0,010148969	1,911000013			
0,012919108	0,010398932	2,010999918			
0,013783772	0,010578423	2,111000061			
0,014597576	0,01056122	2,210999966			
0,015411377	0,011002492	2,311000109			
0,01622518	0,011457099	2,411000013			
0,017038981	0,011569675	2,510999918			
0,017852783	0,012109234	2,611000061			
0,018666586	0,012637035	2,710999966			
0,019480387	0,013023898	2,811000109			
0,020345053	0,013118989	2,911000013			
0,021158854	0,013541171	3,010999918			
0,021972657	0,013900461	3,111000061			
0,022786458	0,014165692	3,210999966			
0,023651122	0,01438861	3,311000109			
0,024464925	0,014694477	3,411000013			
0,025329589	0,014807505	3,510999918			
0,026143392	0,015172763	3,611000061			
0,026957194	0,015374987	3,710999966			
0,027821859	0,016068481	3,811000109			
0,028635661	0,016324186	3,911000013			
0,029500326	0,016744459	4,011000156			
0,03036499	0,017445051	4,111000061			
0,031178792	0,01797731	4,210999966			
0,032043456	0,018944914	4,31099987			
0,032908123	0,019820978	4,410999775			
0,033721924	0,020637157	4,511000156			
0,034586588	0,021681683	4,611000061			
0,035451252	0,022873476	4,710999966			
0,03631592	0,02444729	4,81099987			
0,037129717	0,025975376	4,910999775			
0,037943522	0,027423836	5,011000156			
0,038808186	0,028939093	5,111000061			
0,039621991	0,030552683	5,210999966			
0,040486651	0,031904438	5,31099987			
0,041300456	0,033621731	5,410999775			
0,042114258	0,035214706	5,511000156			
0,042928059	0,036590473	5,611000061			
0,043792723	0,038202045	5,710999966			
0,044606524	0,039723248	5,81099987			
0,045420329	0,041392769	5,910999775			
0,046284993	0,043036808	6,011000156			
0,047098798	0,044389183	6,111000061			
0,047963458	0,046168236	6,210999966			
0,048777263	0,047737328	6,31099987			
0,049641927	0,049249771	6,410999775			
0,050455732	0,051040955	6,511000156			
0,051320392	0,052532257	6,611000061			
0,052134197	0,054155117	6,710999966			
0,052998861	0,055871342	6,81099987			
0,053812662	0,057346172	6,910999775			
0,054677326	0,058969032	7,011000156			
0,055491131	0,06044244	7,111000061			
0,056355791	0,062002327	7,210999966			
0,057169596	0,063091877	7,31099987			
0,05803426	0,064242218	7,410999775			
0,058848065	0,065039482	7,511000156			
0,059661867	0,065703148	7,611000061			
0,060475668	0,066245331	7,710999966			
0,061289473	0,067127434	7,81099987			
0,062154133	0,067704659	7,910999775			
0,062967934	0,068358566	8,01099968			
0,063781736	0,069113846	8,111000061			
0,064595544	0,069991409	8,211000443			
0,065409338	0,070606789	8,31099987			
0,066223147	0,071462814	8,411000252			
0,067036948	0,072302025	8,51099968			
0,067901608	0,073023224	8,611000061			
0,068715417	0,074053619	8,711000443			
0,069529211	0,074809875	8,81099987			
0,070393886	0,075864082	8,911000252			
0,07120768	0,076811172	9,01099968			
0,072021481	0,077609352	9,111000061			
0,072886149	0,078841385	9,211000443			
0,07369995	0,079786629	9,31099987			
0,07456461	0,08078067	9,411000252			
0,075378419	0,08237571	9,51099968			
0,076243079	0,083788849	9,611000061			
0,077107747	0,085519768	9,711000443			
0,077921548	0,087099525	9,81099987			
0,078786215	0,088781776	9,911000252			
0,079650876	0,090527115	10,01099968			
0,080515543	0,092494057	10,11100006			
0,081329345	0,09394886	10,21100044			
0,082194005	0,095409508	10,31099987			
0,083007813	0,097153908	10,41100025			
0,083821615	0,096459274	10,51099968			
0,084686282	0,09755378	10,61100006			
0,085500084	0,099204102	10,71100044			
0,086313878	0,100332626	10,81099987			
0,087127686	0,101277992	10,91100025			
0,087992346	0,103420296	11,01099968			
0,088806155	0,103923676	11,11100006			
0,089619956	0,105874603	11,21100044			
0,090433758	0,107597588	11,31099987			
0,091298425	0,109156097	11,41100025			
0,092112219	0,111220901	11,51099968			
0,092926028	0,112944519	11,61100006			
0,093790688	0,114730186	11,71100044			
0,094604489	0,114854744	11,81099987			
0,095469157	0,118010033	11,91100025			
0,096282958	0,119315262	12,01099968			
0,097147618	0,120806992	12,11100006			
0,097961427	0,122840279	12,21100044			
0,098826087	0,123875206	12,31099987			
0,099639896	0,126765038	12,41100025			
0,100453697	0,127858559	12,51099968			
0,101318357	0,130339005	12,61100006			
0,102132166	0,132101089	12,71100044			
0,102996826	0,133475266	12,81099987			
0,103810627	0,135014465	12,91100025			
0,104675295	0,136621216	13,01099968			
0,105489096	0,138229416	13,11100006			
0,106302898	0,140002533	13,21100044			
0,107116699	0,141422104	13,31099987			
0,1079305	0,143039047	13,41100025			
0,108744302	0,14475795	13,51099968			
0,109608969	0,146603958	13,61100006			
0,11042277	0,148212418	13,71100044			
0,111236572	0,149107635	13,81099987			
0,11205038	0,15164476	13,91100025			
0,112864174	0,153439697	14,01099968			
0,113677976	0,155415894	14,11100006			
0,114542643	0,157404663	14,21100044			
0,115356444	0,159231018	14,31099987			
0,116170253	0,161190491	14,41100025			
0,117034913	0,163002274	14,51099968			
0,117848715	0,164830551	14,61100006			
0,118713382	0,166727432	14,71100044			
0,119527183	0,168485809	14,81099987			
0,120391844	0,170361191	14,91100025			
0,121256511	0,172249435	15,01099968			
0,122070313	0,174187881	15,11100006			
0,122934973	0,176103638	15,21100044			
0,123748774	0,178038223	15,31099987			
0,124613434	0,179994461	15,41100025			
0,12542725	0,181883835	15,51099968			
0,12629191	0,183538666	15,61100006			
0,127156571	0,185465103	15,71100044			
0,127970387	0,187416565	15,81099987			
0,128784173	0,189314453	15,91100025			
0,129648848	0,191109558	16,01099968			
0,130462649	0,192956223	16,11100006			
0,131276451	0,19475174	16,21100044			
0,132090252	0,196562561	16,31100082			
0,132904053	0,198229996	16,4109993			
0,133717855	0,200364761	16,51099968			
0,134582515	0,202103775	16,61100006			
0,135396316	0,203837112	16,71100044			
0,136210132	0,205858658	16,81100082			
0,137023919	0,207686554	16,9109993			
0,137888594	0,209470245	17,01099968			
0,138702395	0,211481934	17,11100006			
0,139516196	0,213350601	17,21100044			
0,140329998	0,215027786	17,31100082			
0,141194658	0,21691362	17,4109993			
0,142008474	0,218904892	17,51099968			
0,142873119	0,220848785	17,61100006			
0,143686935	0,222628433	17,71100044			
0,144500736	0,224421234	17,81100082			
0,145365397	0,226455582	17,9109993			
0,146230057	0,228270752	18,01099968			
0,147043873	0,230006744	18,11100006			
0,147908519	0,23206958	18,21100044			
0,148722334	0,233771927	18,31100082			
0,149586995	0,235709732	18,4109993			
0,150400796	0,23762587	18,51099968			
0,151214597	0,239484512	18,61100006			
0,152079272	0,241208649	18,71100044			
0,152893073	0,24312735	18,81100082			
0,15370686	0,245011719	18,9109993			
0,154520676	0,246712601	19,01099968			
0,155334477	0,248413528	19,11100006			
0,156148264	0,25015921	19,21100044			
0,15696208	0,252098557	19,31100082			
0,157775881	0,253847	19,4109993			
0,158589683	0,255609253	19,51099968			
0,159403484	0,257261902	19,61100006			
0,160217285	0,259033051	19,71100044			
0,16108196	0,26080481	19,81100082			
0,161895747	0,262691498	19,9109993			
0,162709548	0,264528503	20,01099968			
0,163574223	0,266357452	20,11100006			
0,16438801	0,268170898	20,21100044			
0,165252684	0,270003998	20,31100082			
0,166066486	0,271883759	20,4109993			
0,166880302	0,27378064	20,51099968			
0,167744947	0,275552246	20,61100006			
0,168558763	0,277688324	20,71100044			
0,169423423	0,279517426	20,81100082			
0,170288084	0,281423889	20,9109993			
0,171152758	0,283360413	21,01099968			
0,17196656	0,285134521	21,11100006			
0,17283122	0,287026642	21,21100044			
0,17369588	0,289069733	21,31100082			
0,174509696	0,290839355	21,4109993			
0,175323483	0,292790039	21,51099968			
0,176188158	0,294472717	21,61100006			
0,177001959	0,296147949	21,71100044			
0,177815746	0,29812677	21,81100082			
0,178680421	0,299956573	21,9109993			
0,179494222	0,301922913	22,01099968			
0,180308023	0,303430084	22,11100006			
0,181121824	0,30501828	22,21100044			
0,181986499	0,306907349	22,31100082			
0,182800286	0,308724609	22,4109993			
0,183614087	0,310444824	22,51099968			
0,184478762	0,312506653	22,61100006			
0,185292563	0,3142995	22,71100044			
0,186106365	0,31614621	22,81100082			
0,186971025	0,317952545	22,9109993			
0,187784841	0,319773041	23,01099968			
0,188649487	0,32162677	23,11100006			
0,189463302	0,323671478	23,21100044			
0,190327963	0,325452118	23,31100082			
0,191141764	0,327322784	23,4109993			
0,192006424	0,329190887	23,51099968			
0,192871099	0,331006195	23,61100006			
0,193684886	0,332916168	23,71100044			
0,194498702	0,334711639	23,81100082			
0,195363362	0,336717804	23,9109993			
0,196177163	0,338514862	24,01099968			
0,197041823	0,340213074	24,11100006			
0,197855639	0,342092224	24,21100044			
0,198669441	0,343731262	24,31100082			
0,199483227	0,345546143	24,4109993			
0,200297043	0,347365601	24,51099968			
0,201110845	0,348962555	24,61100006			
0,201975505	0,351106262	24,71100044			
0,202789306	0,352712738	24,81100082			
0,203603107	0,354647583	24,9109993			
0,204416909	0,356436096	25,01099968			
0,20523071	0,35816217	25,11100006			
0,206044511	0,360085846	25,21100044			
0,206858327	0,361879303	25,31100082			
0,207672114	0,363643463	25,4109993			
0,208536789	0,365426147	25,51099968			
0,20935059	0,367361481	25,61100006			
0,210164377	0,369050018	25,71100044			
0,211029052	0,371010193	25,81100082			
0,211842853	0,372736115	25,9109993			
0,212656669	0,374678894	26,01099968			
0,213521314	0,37646283	26,11100006			
0,21433513	0,378280762	26,21100044			
0,215199791	0,380195313	26,31100082			
0,216064451	0,382211182	26,4109993			
0,216878252	0,383850983	26,51099968			
0,217742927	0,385667419	26,61100006			
0,218556714	0,38750766	26,71100044			
0,219421388	0,389523621	26,81100082			
0,220286063	0,391383575	26,9109993			
0,22109985	0,393376129	27,01099968			
0,221913651	0,394970184	27,11100006			
0,222778326	0,396868774	27,21100044			
0,223592113	0,398662933	27,31100082			
0,224456788	0,400431488	27,4109993			
0,225270589	0,40235434	27,51099968			
0,22608439	0,404156464	27,61100006			
0,226898192	0,405860352	27,71100044			
0,227762866	0,407762207	27,81100082			
0,228576653	0,409569977	27,9109993			
0,229390454	0,411464111	28,01099968			
0,23020427	0,413345917	28,11100006			
0,231068931	0,415095795	28,21100044			
0,231882732	0,416919556	28,31100082			
0,232696533	0,418746735	28,4109993			
0,233561208	0,420575287	28,51099968			
0,234374995	0,422364166	28,61100006			
0,235188796	0,424178589	28,71100044			
0,236053471	0,426042511	28,81100082			
0,236867258	0,427701874	28,9109993			
0,237731932	0,429538177	29,01099968			
0,238545734	0,431389984	29,11100006			
0,23935955	0,433418182	29,21100044			
0,240224195	0,435042175	29,31100082			
0,241038011	0,436953278	29,4109993			
0,241902671	0,438782379	29,51099968			
0,242716473	0,440557281	29,61100006			
0,243581133	0,442439911	29,71100044			
0,244394934	0,444026855	29,81100082			
0,245208736	0,446096283	29,9109993			
0,24607341	0,447816376	30,01099968			
0,246887212	0,449570923	30,11100006			
0,247701013	0,451359894	30,21100044			
0,248514814	0,453233429	30,31100082			
0,249328616	0,455137726	30,4109993			
0,250142417	0,456772583	30,51099968			
0,250956218	0,458462341	30,61100006			
0,25177002	0,460280334	30,71100044			
0,252583821	0,462151459	30,81100082			
0,253397622	0,463889862	30,9109993			
0,254262297	0,465584778	31,01099968			
0,255076069	0,46739743	31,11100006			
0,2558899	0,469228851	31,21100044			
0,256703701	0,471110443	31,31100082			
0,257568347	0,472949402	31,4109993			
0,258382177	0,474671265	31,51099968			
0,259246823	0,476436554	31,61100006			
0,260060624	0,478340454	31,71100044			
0,260925299	0,480063873	31,81100082			
0,2617391	0,481818695	31,9109993			
0,262603746	0,483792084	32,01100159			
0,263468421	0,485517273	32,11100006			
0,264282222	0,486999542	32,21099854			
0,265146868	0,489116516	32,31100082			
0,266011572	0,490947876	32,4109993			
0,266825344	0,492698669	32,51100159			
0,267690019	0,494345093	32,61100006			
0,26850382	0,496366974	32,71099854			
0,269368495	0,498246582	32,81100082			
0,270182296	0,499998749	32,9109993			
0,270996097	0,501770447	33,01100159			
0,271809899	0,503300476	33,11100006			
0,272674573	0,504959198	33,21099854			
0,273488375	0,506811005	33,31100082			
0,274302147	0,508620209	33,4109993			
0,275115977	0,510309326	33,51100159			
0,275980623	0,511809265	33,61100006			
0,276794424	0,513669617	33,71099854			
0,277608255	0,515508118	33,81100082			
0,2784729	0,517432983	33,9109993			
0,279286702	0,519052734	34,01100159			
0,280100503	0,520909363	34,11100006			
0,280965178	0,522774292	34,21099854			
0,28177895	0,52445459	34,31100082			
0,28259278	0,526408203	34,4109993			
0,283457426	0,528098022	34,51100159			
0,284271227	0,53004657	34,61100006			
0,285135902	0,531772827	34,71099854			
0,285949704	0,533534485	34,81100082			
0,286814349	0,535575195	34,9109993			
0,28762818	0,537164246	35,01100159			
0,288441981	0,539026428	35,11100006			
0,289306627	0,540954834	35,21099854			
0,290120457	0,542555298	35,31100082			
0,290934229	0,544437012	35,4109993			
0,291798933	0,546191162	35,51100159			
0,292612705	0,547992798	35,61100006			
0,293426507	0,54964502	35,71099854			
0,294240337	0,551395874	35,81100082			
0,295054109	0,553136169	35,9109993			
0,295817037	0,554946716	36,01100159			
0,296681741	0,556551514	36,11100006			
0,297495513	0,558425964	36,21099854			
0,298309315	0,560208252	36,31100082			
0,299123145	0,562008484	36,4109993			
0,299936917	0,56360791	36,51100159			
0,300750718	0,565608704	36,61100006			
0,301615393	0,567361267	36,71099854			
0,302429195	0,56909198	36,81100082			
0,30329384	0,570925659	36,9109993			
0,304107671	0,572723999	37,01100159			
0,304921472	0,574494934	37,11100006			
0,305786147	0,576374207	37,21099854			
0,306599948	0,578118591	37,31100082			
0,307464594	0,579774841	37,4109993			
0,308329269	0,581608948	37,51100159			
0,309193943	0,58350769	37,61100006			
0,310007716	0,585345581	37,71099854			
0,31087242	0,587049683	37,81100082			
0,311737065	0,588916077	37,9109993			
0,312550867	0,590521423	38,01100159			
0,313415541	0,592499695	38,11100006			
0,314229343	0,5942229	38,21099854			
0,315043115	0,596001038	38,31100082			
0,315907819	0,597954895	38,4109993			
0,316721591	0,599659668	38,51100159			
0,317535392	0,601324341	38,61100006			
0,318349223	0,603081604	38,71099854			
0,319162995	0,604751526	38,81100082			
0,32002767	0,606705688	38,9109993			
0,320841471	0,608331116	39,01100159			
0,321655272	0,610182678	39,11100006			
0,322469074	0,611740173	39,21099854			
0,323282875	0,613638977	39,31100082			
0,32414755	0,61535321	39,4109993			
0,324961322	0,616989502	39,51100159			
0,325826026	0,618781128	39,61100006			
0,326639798	0,620590637	39,71099854			
0,327453599	0,622270447	39,81100082			
0,328318274	0,624248901	39,9109993			
0,329132075	0,626066833	40,01100159			
0,329945906	0,627844543	40,11100006			
0,330810552	0,62952124	40,21099854			
0,331624353	0,631221008	40,31100082			
0,332489028	0,632939697	40,4109993			
0,333353673	0,634830811	40,51100159			
0,334167475	0,636719177	40,61100006			
0,335032149	0,638415771	40,71099854			
0,335845951	0,640171082	40,81100082			
0,336659752	0,64208905	40,9109993			
0,337524427	0,643655457	41,01100159			
0,338338228	0,645314087	41,11100006			
0,339152	0,647188171	41,21099854			
0,339965831	0,648839722	41,31100082			
0,340779632	0,650537598	41,4109993			
0,341593404	0,652193848	41,51100159			
0,342407235	0,65394397	41,61100006			
0,343221036	0,655662598	41,71099854			
0,344034808	0,657240784	41,81100082			
0,344848639	0,659120789	41,9109993			
0,34566244	0,660849426	42,01100159			
0,346527086	0,6623302	42,11100006			
0,347340916	0,66432959	42,21099854			
0,348154688	0,665888306	42,31100082			
0,348968519	0,667832336	42,4109993			
0,349833164	0,669693665	42,51100159			
0,350646966	0,671211792	42,61100006			
0,35151164	0,673129028	42,71099854			
0,352376315	0,674858398	42,81100082			
0,353190087	0,676621826	42,9109993			
0,354054791	0,67836145	43,01100159			
0,354868564	0,680210571	43,11100006			
0,355733238	0,682002502	43,21099854			
0,356597913	0,68375061	43,31100082			
0,357411715	0,68572821	43,4109993			
0,35827636	0,687264832	43,51100159			
0,359141035	0,689068604	43,61100006			
0,359954836	0,690848816	43,71099854			
0,360819482	0,692681946	43,81100082			
0,361633312	0,694430786	43,9109993			
0,362447114	0,696266479	44,01100159			
0,363260886	0,698034668	44,11100006			
0,364074716	0,699749451	44,21099854			
0,364939362	0,701377686	44,31100082			
0,365753163	0,703127258	44,4109993			
0,366566994	0,704882324	44,51100159			
0,367380766	0,706531067	44,61100006			
0,368194567	0,708478638	44,71099854			
0,369008398	0,710115173	44,81100082			
0,36982217	0,711777954	44,9109993			
0,370686845	0,713541748	45,01100159			
0,371500646	0,715132507	45,11100006			
0,372365321	0,716966797	45,21099854			
0,373179122	0,718659912	45,31100082			
0,373992923	0,720292175	45,4109993			
0,374857569	0,722035034	45,51100159			
0,3756714	0,72388385	45,61100006			
0,376536045	0,725766418	45,71099854			
0,377349847	0,727414185	45,81100082			
0,378214521	0,729208923	45,9109993			
0,379028323	0,730888916	46,01100159			
0,379892968	0,732629028	46,11100006			
0,380757672	0,734376648	46,21099854			
0,381571444	0,736105713	46,31100082			
0,382436119	0,73788739	46,4109993			
0,383249921	0,739655212	46,51100159			
0,384063722	0,741370605	46,61100006			
0,384928368	0,743122559	46,71099854			
0,385742198	0,744751038	46,81100082			
0,386555999	0,746437744	46,9109993			
0,387369771	0,748052917	47,01100159			
0,388183602	0,749776428	47,11100006			
0,388997403	0,751415649	47,21099854			
0,389811175	0,753058838	47,31100082			
0,390625006	0,754873535	47,4109993			
0,391438807	0,756615234	47,51100159			
0,392252608	0,758330505	47,61100006			
0,39306641	0,759821411	47,71099854			
0,393931055	0,761699402	47,81100082			
0,394744886	0,763366638	47,9109993			
0,395609532	0,765140137	48,01100159			
0,396423333	0,766677673	48,11100006			
0,397237163	0,768618408	48,21099854			
0,398101809	0,77046167	48,31100082			
0,39891561	0,772151978	48,4109993			
0,399780285	0,773791809	48,51100159			
0,400594086	0,775476929	48,61100006			
0,401458732	0,777168335	48,71099854			
0,402323407	0,778846741	48,81100082			
0,403137208	0,780708008	48,9109993			
0,404001854	0,782388977	49,01100159			
0,404815684	0,784257874	49,11100006			
0,40568033	0,785930664	49,21099854			
0,406494131	0,787739807	49,31100082			
0,407358806	0,789371704	49,4109993			
0,408172607	0,79116217	49,51100159			
0,409037253	0,792793579	49,61100006			
0,409851084	0,794535034	49,71099854			
0,410664885	0,796238525	49,81100082			
0,411478657	0,797994202	49,9109993			
0,412343361	0,799512451	50,01100159			
0,413157133	0,801317383	50,11100006			
0,413970934	0,802918213	50,21099854			
0,414784765	0,804750793	50,31100082			
0,415649411	0,806286926	50,4109993			
0,416463212	0,808064209	50,51100159			
0,417277013	0,809810791	50,61100006			
0,418141688	0,811651001	50,71099854			
0,418955489	0,813154968	50,81100082			
0,419820164	0,814925598	50,9109993			
0,420633936	0,816578979	51,01100159			
0,421447767	0,818341431	51,11100006			
0,422312412	0,820079041	51,21099854			
0,423177087	0,821738403	51,31100082			
0,423990889	0,823477844	51,4109993			
0,424855563	0,825130798	51,51100159			
0,425669336	0,826753601	51,61100006			
0,426534039	0,828558289	51,71099854			
0,427347812	0,830460938	51,81100082			
0,428212486	0,832016113	51,9109993			
0,429026288	0,833726929	52,01100159			
0,429840089	0,835298401	52,11100006			
0,43065389	0,837137695	52,21099854			
0,431467692	0,838827759	52,31100082			
0,432281493	0,840398682	52,4109993			
0,433095294	0,84206311	52,51100159			
0,433909096	0,84373291	52,61100006			
0,434722897	0,845233398	52,71099854			
0,435536698	0,847021729	52,81100082			
0,4363505	0,848770386	52,9109993			
0,437164301	0,850243652	53,01100159			
0,437978131	0,851888794	53,11100006			
0,438842777	0,85374939	53,21099854			
0,439656578	0,855269714	53,31100082			
0,44047038	0,856999207	53,4109993			
0,441335054	0,858635803	53,51100159			
0,442148827	0,860524963	53,61100006			
0,442962657	0,861931152	53,71099854			
0,443827303	0,863579468	53,81100082			
0,444641104	0,865406799	53,9109993			
0,445505779	0,867147278	54,01100159			
0,44631958	0,868871399	54,11100006			
0,447184226	0,87041925	54,21099854			
0,447998056	0,872070007	54,31100082			
0,448862702	0,873892395	54,4109993			
0,449727377	0,875685425	54,51100159			
0,450541178	0,877246094	54,61100006			
0,451405853	0,879077087	54,71099854			
0,452219625	0,880732117	54,81100082			
0,453084329	0,88247998	54,9109993			
0,453898101	0,884034973	55,01100159			
0,454762776	0,885724487	55,11100006			
0,455576577	0,887467224	55,21099854			
0,456390379	0,889169373	55,31100082			
0,457255024	0,890832458	55,4109993			
0,458068855	0,892351685	55,51100159			
0,458882656	0,894125549	55,61100006			
0,459696428	0,895619507	55,71099854			
0,460561132	0,897260376	55,81100082			
0,461374904	0,899003174	55,9109993			
0,462188735	0,900757446	56,01100159			
0,46305338	0,902275391	56,11100006			
0,463867182	0,903963989	56,21099854			
0,464681012	0,905682922	56,31100082			
0,465545658	0,907450134	56,4109993			
0,466359459	0,908933777	56,51100159			
0,46717326	0,910629517	56,61100006			
0,468037935	0,912162109	56,71099854			
0,468851707	0,914122192	56,81100082			
0,469716411	0,91570575	56,9109993			
0,470530184	0,917329102	57,01100159			
0,471343985	0,918902954	57,11100006			
0,47220866	0,920707581	57,21099854			
0,473073334	0,922269592	57,31100082			
0,473887107	0,924130615	57,4109993			
0,474751811	0,925694153	57,51100159			
0,475565583	0,92741333	57,61100006			
0,476379384	0,929032471	57,71099854			
0,477193214	0,930854919	57,81100082			
0,478006987	0,93230365	57,9109993			
0,478820788	0,933876648	58,01100159			
0,479634618	0,935518433	58,11100006			
0,480448391	0,937206604	58,21099854			
0,481262221	0,938909546	58,31100082			
0,482126867	0,940462158	58,4109993			
0,482940668	0,942117737	58,51100159			
0,483754498	0,943725281	58,61100006			
0,484568271	0,945331421	58,71099854			
0,485382072	0,946955566	58,81100082			
0,486195902	0,948598511	58,9109993			
0,487060548	0,950294006	59,01100159			
0,487874349	0,951797058	59,11100006			
0,488688122	0,953516357	59,21099854			
0,489552855	0,955151978	59,31100082			
0,490366598	0,956861023	59,4109993			
0,491180399	0,958459106	59,51100159			
0,492045074	0,959981934	59,61100006			
0,492858875	0,961874756	59,71099854			
0,49372355	0,963510071	59,81100082			
0,494588225	0,965061768	59,9109993			
0,495402026	0,966794739	60,01100159			
0,496266701	0,968445068	60,11100006			
0,497131376	0,970219116	60,21099854			
0,497995992	0,971799316	60,31100082			
0,498809793	0,973507751	60,4109993			
0,499674468	0,975292969	60,51100159			
0,50048827	0,976749146	60,61100006			
0,501352944	0,978396301	60,71099854			
0,502166746	0,98002179	60,81100082			
0,502980547	0,981635193	60,9109993			
0,503794348	0,983244019	61,01100159			
0,50460815	0,98473822	61,11100006			
0,505472824	0,986453491	61,21099854			
0,506286626	0,988121399	61,31100082			
0,507100427	0,989750061	61,4109993			
0,507914228	0,991269836	61,51100159			
0,50872803	0,993003784	61,61100006			
0,509592704	0,99439801	61,71099854			
0,510406506	0,9961427	61,81100082			
0,511220249	0,997694458	61,9109993			
0,512084982	0,999469604	62,01100159			
0,512898725	1,001186462	62,11100006			
0,5137634	1,002636475	62,21099854			
0,514577201	1,00426123	62,31100082			
0,515391061	1,005897339	62,4109993			
0,516255677	1,00757074	62,51100159			
0,517120352	1,009305176	62,61100006			
0,517934153	1,01109491	62,71099854			
0,518748013	1,012611633	62,81100082			
0,519612629	1,014217041	62,9109993			
0,520426431	1,015898621	63,01100159			
0,521240232	1,017258667	63,11100006			
0,522054033	1,018932068	63,21099854			
0,522918708	1,020682678	63,31100082			
0,523732509	1,022338257	63,4109993			
0,524546311	1,023817566	63,51100159			
0,525360112	1,025305054	63,61100006			
0,526173913	1,026859863	63,71099854			
0,526987715	1,028515625	63,81100082			
0,527750643	1,030059814	63,9109993			
0,528564444	1,031596924	64,01100159			
0,529429119	1,033156006	64,11100006			
0,53024292	1,034719971	64,21099854			
0,531056721	1,036433472	64,31099701			
0,531870523	1,037989746	64,41100311			
0,532684324	1,039494873	64,51100159			
0,533498125	1,041165039	64,61100006			
0,534311926	1,042727905	64,71099854			
0,535176601	1,044356079	64,81099701			
0,535990403	1,04605542	64,91100311			
0,536855019	1,047681763	65,01100159			
0,537668879	1,049313232	65,11100006			
0,538533495	1,050883911	65,21099854			
0,539347355	1,052579834	65,31099701			
0,540211971	1,0544198	65,41100311			
0,541076646	1,055930908	65,51100159			
0,541941321	1,057609497	65,61100006			
0,542805996	1,059180786	65,71099854			
0,543619797	1,060867676	65,81099701			
0,544484414	1,062633423	65,91100311			
0,545349147	1,064070923	66,01100159			
0,54616289	1,06565979	66,11100006			
0,546976749	1,067298584	66,21099854			
0,547790551	1,068779907	66,31099701			
0,548655225	1,070408081	66,41100311			
0,549468969	1,072100342	66,51100159			
0,55028277	1,073596802	66,61100006			
0,551096629	1,075240112	66,71099854			
0,551910372	1,0767771	66,81099701			
0,552775105	1,07846106	66,91100311			
0,553588849	1,080043823	67,01100159			
0,55440265	1,08169458	67,11100006			
0,555267325	1,083237183	67,21099854			
0,556081126	1,084965698	67,31099701			
0,556894985	1,086492065	67,41100311			
0,557759602	1,088079956	67,51100159			
0,558573403	1,089627319	67,61100006			
0,559438078	1,091389282	67,71099854			
0,56025188	1,092915161	67,81099701			
0,561065681	1,094486206	67,91100311			
0,561930356	1,096030884	68,01100159			
0,562744157	1,097726563	68,11100006			
0,563608832	1,099268555	68,21099854			
0,564422633	1,101074219	68,31099701			
0,565287308	1,10273938	68,41100311			
0,566151924	1,104157837	68,51100159			
0,566965784	1,105941406	68,61100006			
0,567779527	1,10742627	68,71099854			
0,568644202	1,10893103	68,81099701			
0,569458003	1,110554443	68,91100311			
0,570271804	1,112211426	69,01100159			
0,571085606	1,113703491	69,11100006			
0,571950281	1,115151611	69,21099854			
0,572764082	1,116730225	69,31099701			
0,573577883	1,118383057	69,41100311			
0,574391684	1,119968872	69,51100159			
0,575205486	1,121408081	69,61100006			
0,576019287	1,123118652	69,71099854			
0,576833088	1,124590332	69,81099701			
0,57764689	1,126194702	69,91100311			
0,578511565	1,127672607	70,01100159			
0,579325366	1,129496582	70,11100006			
0,580139167	1,130923828	70,21099854			
0,581003842	1,132490112	70,31099701			
0,581868459	1,133963623	70,41100311			
0,582682318	1,135691772	70,51100159			
0,583496119	1,137288696	70,61100006			
0,584360794	1,138926025	70,71099854			
0,585174537	1,140455078	70,81099701			
0,58603927	1,142039917	70,91100311			
0,586853013	1,143643311	71,01100159			
0,587717688	1,145231445	71,11100006			
0,588582363	1,146907959	71,21099854			
0,589396164	1,148610107	71,31099701			
0,590260781	1,150112793	71,41100311			
0,59107464	1,151805786	71,51100159			
0,591939257	1,153294556	71,61100006			
0,592753117	1,155021606	71,71099854			
0,593617733	1,156481079	71,81099701			
0,594431593	1,158237061	71,91100311			
0,595245336	1,159619873	72,01100159			
0,596059137	1,161167358	72,11100006			
0,596872997	1,162744629	72,21099854			
0,59768674	1,1641875	72,31099701			
0,598551473	1,165736694	72,41100311			
0,599365216	1,167333984	72,51100159			
0,600179017	1,16891272	72,61100006			
0,600992877	1,170520752	72,71099854			
0,601857493	1,172006104	72,81099701			
0,602671353	1,173582275	72,91100311			
0,603485096	1,175136719	73,01100159			
0,604349771	1,176711182	73,11100006			
0,605163572	1,178167725	73,21099854			
0,605977373	1,179830688	73,31099701			
0,606842048	1,181415039	73,41100311			
0,607655849	1,183040039	73,51100159			
0,608520524	1,18482312	73,61100006			
0,609385199	1,186296997	73,71099854			
0,610199	1,187838013	73,81099701			
0,611063675	1,189475586	73,91100311			
0,611928292	1,191192627	74,01100159			
0,612742151	1,192767334	74,11100006			
0,613606768	1,194279785	74,21099854			
0,614420569	1,195700806	74,31099701			
0,61523437	1,197236328	74,41100311			
0,616048172	1,198829712	74,51100159			
0,616861973	1,200236328	74,61100006			
0,617675774	1,201828979	74,71099854			
0,618489576	1,203288208	74,81099701			
0,619303377	1,204627808	74,91100311			
0,620117178	1,206331909	75,01100159			
0,620930979	1,207831177	75,11100006			
0,621744839	1,209315552	75,21099854			
0,622558582	1,210784546	75,31099701			
0,623423257	1,212337891	75,41100311			
0,624237058	1,213667847	75,51100159			
0,62505086	1,215380615	75,61100006			
0,625864661	1,216766968	75,71099854			
0,626678462	1,218369019	75,81099701			
0,627492263	1,220064941	75,91100311			
0,628356938	1,221628052	76,01100159			
0,62917074	1,223172485	76,11100006			
0,630035414	1,224649902	76,21099854			
0,630849157	1,2263302	76,31099701			
0,63171389	1,227780029	76,41100311			
0,632578565	1,229422729	76,51100159			
0,633392308	1,231086426	76,61100006			
0,634257041	1,232511963	76,71099854			
0,635121658	1,234139771	76,81099701			
0,635935459	1,235892334	76,91100311			
0,636800134	1,237436768	77,01100159			
0,637664809	1,238893066	77,11100006			
0,638478552	1,240240601	77,21099854			
0,639292412	1,241881714	77,31099701			
0,640157028	1,24345813	77,41100311			
0,640970888	1,244928101	77,51100159			
0,641784689	1,246510864	77,61100006			
0,642598432	1,248229858	77,71099854			
0,643463107	1,249527466	77,81099701			
0,644276908	1,251081665	77,91100311			
0,645090768	1,25265564	78,01100159			
0,645904569	1,254085083	78,11100006			
0,646718312	1,255509155	78,21099854			
0,647532172	1,257299927	78,31099701			
0,648396788	1,258588135	78,41100311			
0,649210648	1,260170044	78,51100159			
0,650075264	1,261645264	78,61100006			
0,650889124	1,263154663	78,71099854			
0,65175374	1,264841431	78,81099701			
0,652567542	1,266356323	78,91100311			
0,653432216	1,267903809	79,01100159			
0,654246018	1,269382935	79,11100006			
0,655110634	1,270973511	79,21099854			
0,655924494	1,272394409	79,31099701			
0,656789111	1,273935791	79,41100311			
0,65760297	1,275363037	79,51100159			
0,658467587	1,276882935	79,61100006			
0,659281446	1,278593506	79,71099854			
0,660146063	1,27988916	79,81099701			
0,660959922	1,281469604	79,91100311			
0,661773665	1,283028687	80,01100159			
0,66263834	1,28462207	80,11100006			
0,663452141	1,286018555	80,21099854			
0,664265943	1,287406616	80,31099701			
0,665079744	1,289143921	80,41100311			
0,665893545	1,290599487	80,51100159			
0,666707347	1,291932129	80,61100006			
0,667521206	1,293369385	80,71099854			
0,668334949	1,294941406	80,81099701			
0,669148751	1,296339844	80,91100311			
0,66996261	1,29788208	81,01100159			
0,670776353	1,299329468	81,11100006			
0,671590155	1,300911865	81,21099854			
0,672454829	1,30238855	81,31099701			
0,673268631	1,303880615	81,41100311			
0,674082432	1,305279053	81,51100159			
0,674947107	1,30685376	81,61100006			
0,675760908	1,308572021	81,71099854			
0,676625525	1,309856323	81,81099701			
0,677439384	1,311444458	81,91100311			
0,678304001	1,312929321	82,01100159			
0,67911786	1,314594971	82,11100006			
0,679982477	1,316180054	82,21099854			
0,680847152	1,317566895	82,31099701			
0,681660953	1,319297363	82,41100311			
0,682525628	1,320822144	82,51100159			
0,683390303	1,322209961	82,61100006			
0,684204104	1,323814209	82,71099854			
0,685068779	1,325282959	82,81099701			
0,68588258	1,326751709	82,91100311			
0,686747255	1,328202271	83,01100159			
0,687561056	1,329718872	83,11100006			
0,688374799	1,331277466	83,21099854			
0,689239474	1,332653076	83,31099701			
0,690053275	1,33413623	83,41100311			
0,690867135	1,335706299	83,51100159			
0,691680936	1,336897949	83,61100006			
0,692545611	1,338499756	83,71099854			
0,693359354	1,339976929	83,81099701			
0,694173155	1,341388672	83,91100311			
0,694987015	1,342952759	84,01100159			
0,695851631	1,344472656	84,11100006			
0,696665491	1,34588623	84,21099854			
0,697479234	1,347253662	84,31099701			
0,698343909	1,348660767	84,41100311			
0,69915771	1,350308105	84,51100159			
0,699971511	1,351724609	84,61100006			
0,700836186	1,353264893	84,71099854			
0,701649988	1,354309448	84,81099701			
0,702514662	1,356369873	84,91100311			
0,703328406	1,357718994	85,01100159			
0,704193139	1,358925781	85,11100006			
0,705006882	1,360563599	85,21099854			
0,705820741	1,361759644	85,31099701			
0,706685358	1,363334106	85,41100311			
0,707499217	1,36503479	85,51100159			
0,70831296	1,366433472	85,61100006			
0,709126762	1,367703735	85,71099854			
0,709940621	1,368983032	85,81099701			
0,710754422	1,370789673	85,91100311			
0,711568166	1,372137573	86,01100159			
0,712382025	1,373288696	86,11100006			
0,713195826	1,375027588	86,21099854			
0,714009569	1,376388428	86,31099701			
0,714823429	1,377753906	86,41100311			
0,71563723	1,379105957	86,51100159			
0,716501905	1,380643188	86,61100006			
0,717315648	1,382211182	86,71099854			
0,71812945	1,383352661	86,81099701			
0,718943309	1,38505957	86,91100311			
0,719757052	1,386472168	87,01100159			
0,720621785	1,387967407	87,11100006			
0,721435528	1,389366333	87,21099854			
0,722300203	1,390695313	87,31099701			
0,723114004	1,392026978	87,41100311			
0,723927806	1,393561523	87,51100159			
0,72479248	1,394804932	87,61100006			
0,725657155	1,396664063	87,71099854			
0,726470957	1,3983125	87,81099701			
0,727335631	1,399394653	87,91100311			
0,728200248	1,400896606	88,01100159			
0,729064923	1,402662109	88,11100006			
0,729929598	1,403997681	88,21099854			
0,730743399	1,405590088	88,31099701			
0,731608074	1,407021118	88,41100311			
0,73247269	1,408377075	88,51100159			
0,73328655	1,41001709	88,61100006			
0,734100351	1,411421509	88,71099854			
0,734914152	1,412762329	88,81099701			
0,735778827	1,414330444	88,91100311			
0,73659257	1,416086426	89,01100159			
0,73740643	1,417189575	89,11100006			
0,738220231	1,418602539	89,21099854			
0,739084906	1,420186401	89,31099701			
0,739898707	1,421606934	89,41100311			
0,74071245	1,422958008	89,51100159			
0,741577125	1,424469116	89,61100006			
0,742390926	1,425978394	89,71099854			
0,743204786	1,427400879	89,81099701			
0,744069403	1,428846802	89,91100311			
0,744883262	1,430205444	90,01100159			
0,745747879	1,431781738	90,11100006			
0,74656168	1,433152832	90,21099854			
0,747375481	1,434517578	90,31099701			
0,748240156	1,436043945	90,41100311			
0,749053957	1,437456055	90,51100159			
0,749918632	1,438998901	90,61100006			
0,750732434	1,440491211	90,71099854			
0,751597108	1,441905884	90,81099701			
0,75241091	1,443143188	90,91100311			
0,753275584	1,444756104	91,01100159			
0,754089328	1,446183838	91,11100006			
0,754903129	1,447474365	91,21099854			
0,755716988	1,448956665	91,31099701			
0,75653079	1,45046521	91,41100311			
0,757344533	1,451703735	91,51100159			
0,758158392	1,453082764	91,61100006			
0,758972194	1,454526489	91,71099854			
0,759785937	1,455896118	91,81099701			
0,760599796	1,457320313	91,91100311			
0,761413598	1,458526367	92,01100159			
0,762227341	1,460110107	92,11100006			
0,763092015	1,461407715	92,21099854			
0,763905817	1,462816284	92,31099701			
0,764719676	1,464256226	92,41100311			
0,765584293	1,465545898	92,51100159			
0,766398152	1,467059326	92,61100006			
0,767211895	1,468350342	92,71099854			
0,76807657	1,469883789	92,81099701			
0,768890372	1,471176025	92,91100311			
0,769755046	1,472745728	93,01100159			
0,770619663	1,47407251	93,11100006			
0,771433522	1,475534424	93,21099854			
0,772298139	1,477132324	93,31099701			
0,773162814	1,478444824	93,41100311			
0,774027547	1,479904419	93,51100159			
0,77484129	1,481203003	93,61100006			
0,775705965	1,482668457	93,71099854			
0,776519766	1,484189575	93,81099701			
0,777384441	1,485501953	93,91100311			
0,778198242	1,486899902	94,01100159			
0,779062917	1,488457031	94,11100006			
0,779876718	1,489781006	94,21099854			
0,78069052	1,491190552	94,31099701			
0,781504321	1,492583374	94,41100311			
0,782318122	1,493877197	94,51100159			
0,783182797	1,495442017	94,61100006			
0,783996598	1,496636597	94,71099854			
0,784810341	1,498042725	94,81099701			
0,785624201	1,499412964	94,91100311			
0,786438002	1,500907715	95,01100159			
0,787302677	1,502260254	95,11100006			
0,788116478	1,503540527	95,21099854			
0,788930221	1,505020874	95,31099701			
0,789744081	1,506404419	95,41100311			
0,790608698	1,507870483	95,51100159			
0,791422557	1,509167114	95,61100006			
0,7922363	1,510502441	95,71099854			
0,793101033	1,511796631	95,81099701			
0,793914776	1,513277466	95,91100311			
0,794779451	1,514650635	96,01100159			
0,795593252	1,516233765	96,11100006			
0,796457927	1,517639771	96,21099854			
0,797271729	1,518994263	96,31099701			
0,798136403	1,520362183	96,41100311			
0,798950205	1,521823853	96,51100159			
0,799814879	1,523144897	96,61100006			
0,800628681	1,524562012	96,71099854			
0,801442424	1,525919678	96,81099701			
0,802256283	1,527210571	96,91100311			
0,803070085	1,528509277	97,01100159			
0,803883828	1,529814087	97,11100006			
0,804697687	1,531165405	97,21099854			
0,805511489	1,532516602	97,31099701			
0,806325232	1,534007202	97,41100311			
0,807189965	1,535151855	97,51100159			
0,808003708	1,536543091	97,61100006			
0,808817567	1,537939575	97,71099854			
0,809631369	1,539424927	97,81099701			
0,810496043	1,540693359	97,91100311			
0,811309787	1,542316772	98,01100159			
0,812123588	1,543415649	98,11100006			
0,812988263	1,544688232	98,21099854			
0,813802064	1,546213623	98,31099701			
0,814615923	1,547700684	98,41100311			
0,81548054	1,54911084	98,51100159			
0,8162944	1,550296265	98,61100006			
0,817159016	1,551691895	98,71099854			
0,817972817	1,553078979	98,81099701			
0,818837492	1,554407349	98,91100311			
0,819651294	1,5560271	99,01100159			
0,82051591	1,557220947	99,11100006			
0,821380643	1,558816772	99,21099854			
0,822245318	1,560107422	99,31099701			
0,823059061	1,56150415	99,41100311			
0,823923794	1,562949829	99,51100159			
0,824737537	1,564253174	99,61100006			
0,825551338	1,565662598	99,71099854			
0,826416013	1,56693457	99,81099701			
0,827229815	1,568352417	99,91100311			
0,828043616	1,569646606	100,0110016			
0,828908291	1,570830322	100,1110001			
0,829722092	1,572365723	100,2109985			
0,830535893	1,573647583	100,310997			
0,831349695	1,57489917	100,4110031			
0,832163496	1,576048828	100,5110016			
0,832977297	1,577597534	100,6110001			
0,833791099	1,578829102	100,7109985			
0,8346049	1,580132446	100,810997			
0,835469516	1,581706543	100,9110031			
0,836283376	1,582827393	101,0110016			
0,837097177	1,584268311	101,1110001			
0,837961852	1,585611816	101,2109985			
0,838775653	1,586810669	101,310997			
0,839589396	1,588298462	101,4110031			
0,84045413	1,589593628	101,5110016			
0,841267873	1,591044434	101,6110001			
0,842132547	1,592176758	101,7109985			
0,842946349	1,593530029	101,810997			
0,843811024	1,595060547	101,9110031			
0,844624825	1,59630835	102,0110016			
0,8454895	1,597660522	102,1110001			
0,846354174	1,599025024	102,2109985			
0,847167976	1,600400635	102,310997			
0,847981777	1,601706665	102,4110031			
0,848795578	1,603139648	102,5110016			
0,84960938	1,604247803	102,6110001			
0,850423181	1,605559814	102,7109985			
0,851236982	1,607082764	102,810997			
0,852050784	1,608049561	102,9110031			
0,852864585	1,609453003	103,0110016			
0,853678386	1,610894409	103,1110001			
0,854492188	1,612040161	103,2109985			
0,855305989	1,613407837	103,310997			
0,85611979	1,614640625	103,4110031			
0,856933591	1,615898071	103,5110016			
0,857747393	1,617151001	103,6110001			
0,858612068	1,618486816	103,7109985			
0,859425869	1,619876343	103,810997			
0,86023967	1,621194336	103,9110031			
0,861104287	1,62247583	104,0110016			
0,861918146	1,623952271	104,1110001			
0,862731948	1,625192749	104,2109985			
0,863596622	1,626729858	104,310997			
0,864461239	1,627882446	104,4110031			
0,865275098	1,629251587	104,5110016			
0,866139715	1,630792114	104,6110001			
0,86700439	1,631912964	104,7109985			
0,867869065	1,633163086	104,810997			
0,868682866	1,634717285	104,9110031			
0,869547541	1,635898682	105,0110016			
0,870412157	1,637196045	105,1110001			
0,871226017	1,638593506	105,2109985			
0,872039818	1,639768066	105,310997			
0,872904493	1,641241211	105,4110031			
0,873718236	1,642425903	105,5110016			
0,874532037	1,643842163	105,6110001			
0,875396712	1,645147339	105,7109985			
0,876210514	1,646406982	105,810997			
0,877075188	1,647710083	105,9110031			
0,87788899	1,648926758	106,0110016			
0,878702791	1,650115356	106,1110001			
0,879516592	1,65143042	106,2109985			
0,880381267	1,652734985	106,310997			
0,881195068	1,653949219	106,4110031			
0,882059743	1,655396118	106,5110016			
0,882873544	1,656729248	106,6110001			
0,883738219	1,65799707	106,7109985			
0,884552021	1,659241821	106,810997			
0,885416695	1,660626831	106,9110031			
0,886230497	1,661784668	107,0110016			
0,887095171	1,663153809	107,1110001			
0,887908915	1,664426392	107,2109985			
0,888773648	1,665743408	107,310997			
0,889587391	1,667145386	107,4110031			
0,890452066	1,668370483	107,5110016			
0,891265867	1,669549438	107,6110001			
0,892130542	1,670968994	107,7109985			
0,892944343	1,672215942	107,810997			
0,893758144	1,673315186	107,9110031			
0,894571946	1,67468335	108,0110016			
0,895385747	1,675927368	108,1110001			
0,896199548	1,677248657	108,2109985			
0,897013349	1,678370728	108,310997			
0,897827151	1,679528564	108,4110031			
0,898640952	1,680807495	108,5110016			
0,899454753	1,682057983	108,6110001			
0,900268555	1,68341394	108,7109985			
0,901082356	1,684635864	108,810997			
0,901896157	1,685752319	108,9110031			
0,902709959	1,687199097	109,0110016			
0,903574633	1,68826062	109,1110001			
0,904388435	1,689563477	109,2109985			
0,905202236	1,690793579	109,310997			
0,906016037	1,692006104	109,4110031			
0,906880654	1,693224243	109,5110016			
0,907694513	1,694581055	109,6110001			
0,90855913	1,695793945	109,7109985			
0,90937299	1,697108765	109,810997			
0,910237606	1,698415527	109,9110031			
0,911051466	1,69976062	110,0110016			
0,911916082	1,70105603	110,1110001			
0,912780757	1,702296509	110,2109985			
0,913645432	1,703639404	110,310997			
0,914459233	1,704925903	110,4110031			
0,915323908	1,706148315	110,5110016			
0,916188525	1,707564819	110,6110001			
0,917002384	1,708754517	110,7109985			
0,917867001	1,710026978	110,810997			
0,91868086	1,711234985	110,9110031			
0,919545477	1,712570679	111,0110016			
0,920359336	1,713884155	111,1110001			
0,921173079	1,714953125	111,2109985			
0,921986881	1,716174561	111,310997			
0,922851556	1,717490112	111,4110031			
0,923665357	1,718467651	111,5110016			
0,924479158	1,719798584	111,6110001			
0,925292959	1,721187012	111,7109985			
0,926106761	1,722279419	111,810997			
0,92692062	1,723541992	111,9110031			
0,927785237	1,724839111	112,0110016			
0,928599038	1,725904053	112,1110001			
0,929412839	1,727161987	112,2109985			
0,930277514	1,728468872	112,310997			
0,931091316	1,729652466	112,4110031			
0,931905117	1,731007813	112,5110016			
0,932769792	1,732219238	112,6110001			
0,933583535	1,733428711	112,7109985			
0,934448268	1,734650391	112,810997			
0,935312943	1,735889893	112,9110031			
0,936126686	1,737166992	113,0110016			
0,936991419	1,738491699	113,1110001			
0,937805162	1,739725708	113,2109985			
0,938669837	1,740954102	113,310997			
0,939483638	1,742171021	113,4110031			
0,940297439	1,743317261	113,5110016			
0,941111241	1,744615601	113,6110001			
0,941925042	1,745667114	113,7109985			
0,942738843	1,746844604	113,810997			
0,943552644	1,748235352	113,9110031			
0,944417319	1,749272827	114,0110016			
0,945231121	1,750514038	114,1110001			
0,946044922	1,751580078	114,2109985			
0,946858723	1,752876221	114,310997			
0,947672524	1,753983398	114,4110031			
0,948486326	1,755268311	114,5110016			
0,949300127	1,756475342	114,6110001			
0,950113928	1,7575177	114,7109985			
0,950978603	1,758869507	114,810997			
0,951792405	1,759992554	114,9110031			
0,952606206	1,761061523	115,0110016			
0,953420007	1,762383789	115,1110001			
0,954284682	1,763557251	115,2109985			
0,955098425	1,764785645	115,310997			
0,955963158	1,765949707	115,4110031			
0,956827833	1,767189209	115,5110016			
0,957641576	1,768407593	115,6110001			
0,958506309	1,769665527	115,7109985			
0,959370926	1,770826904	115,810997			
0,9602356	1,77237085	115,9110031			
0,961100275	1,773244629	116,0110016			
0,961964892	1,774650269	116,1110001			
0,962778751	1,775848511	116,2109985			
0,963643368	1,77696167	116,310997			
0,964457227	1,778292603	116,4110031			
0,965321844	1,77931189	116,5110016			
0,966135703	1,780687256	116,6110001			
0,966949447	1,781844849	116,7109985			
0,967763248	1,783063843	116,810997			
0,968577107	1,784095459	116,9110031			
0,969441724	1,785180054	117,0110016			
0,970255525	1,786355347	117,1110001			
0,971069327	1,787549683	117,2109985			
0,971883128	1,788667725	117,310997			
0,972747803	1,790042603	117,4110031			
0,973561604	1,791141602	117,5110016			
0,974375405	1,792122192	117,6110001			
0,975189207	1,793263184	117,7109985			
0,976003008	1,794407837	117,810997			
0,976867625	1,795664795	117,9110031			
0,977681484	1,796739624	118,0110016			
0,978495344	1,798058105	118,1110001			
0,97935996	1,799147949	118,2109985			
0,98017382	1,800353027	118,310997			
0,981038436	1,801546875	118,4110031			
0,981852179	1,802864136	118,5110016			
0,982716912	1,803903198	118,6110001			
0,983581529	1,805101563	118,7109985			
0,984395272	1,806286987	118,810997			
0,985209132	1,807483765	118,9110031			
0,986022991	1,808700195	119,0110016			
0,986887608	1,809860107	119,1110001			
0,987701467	1,81082251	119,2109985			
0,98851521	1,812031494	119,310997			
0,98932907	1,813064941	119,4110031			
0,990142813	1,814392334	119,5110016			
0,990956556	1,81521228	119,6110001			
0,991770416	1,816564087	119,7109985			
0,992584275	1,817665771	119,810997			
0,993398018	1,818738403	119,9110031			
0,994211878	1,819730469	120,0110016			
0,995025621	1,820826172	120,1110001			
0,995839364	1,821904785	120,2109985			
0,996704097	1,823287354	120,310997			
0,99751784	1,823976929	120,4110031			
0,9983317	1,825452148	120,5110016			
0,999196316	1,826486816	120,6110001			
1,000010176	1,827522705	120,7109985			
1,000874909	1,828965332	120,810997			
1,001688652	1,830001587	120,9110031			
1,002553385	1,831216187	121,0110016			
1,003418001	1,832368408	121,1110001			
1,004282618	1,833541626	121,2109985			
1,005147351	1,834514282	121,310997			
1,005961094	1,835842407	121,4110031			
1,006825827	1,836995239	121,5110016			
1,007690444	1,837924683	121,6110001			
1,008504303	1,839246704	121,7109985			
1,00936892	1,840376953	121,810997			
1,010182779	1,84145752	121,9110031			
1,011047396	1,84260376	122,0110016			
1,011861255	1,843607178	122,1110001			
1,012674882	1,844696411	122,2109985			
1,013488742	1,845963257	122,310997			
1,014302601	1,847126099	122,4110031			
1,015167218	1,848093994	122,5110016			
1,015981077	1,849152222	122,6110001			
1,01679482	1,850170288	122,7109985			
1,01755769	1,851266602	122,810997			
1,018422539	1,852431152	122,9110031			
1,019236166	1,853473511	123,0110016			
1,020050026	1,854513428	123,1110001			
1,020863885	1,855710938	123,2109985			
1,021677628	1,856940063	123,310997			
1,022542361	1,85806665	123,4110031			
1,023356104	1,859041504	123,5110016			
1,024169964	1,860058105	123,6110001			
1,02503458	1,861272705	123,7109985			
1,02584844	1,862380005	123,810997			
1,026713056	1,863460327	123,9110031			
1,0275268	1,86465918	124,0110016			
1,028391533	1,865815796	124,1110001			
1,029256266	1,866900024	124,2109985			
1,030069892	1,868065918	124,310997			
1,030934742	1,869178833	124,4110031			
1,031748368	1,870217896	124,5110016			
1,032562228	1,871368042	124,6110001			
1,033376087	1,872476807	124,7109985			
1,034189831	1,873500488	124,810997			
1,035054564	1,874429199	124,9110031			
1,03581755	1,875695313	125,0110016			
1,036631176	1,876500244	125,1110001			
1,037445036	1,877590332	125,2109985			
1,038258895	1,878732788	125,310997			
1,039072638	1,879741699	125,4110031			
1,039937371	1,880810303	125,5110016			
1,040751114	1,881904907	125,6110001			
1,041564974	1,883031982	125,7109985			
1,042378834	1,884029907	125,810997			
1,04319246	1,885048462	125,9110031			
1,044057193	1,886258667	126,0110016			
1,044870936	1,887325806	126,1110001			
1,045684796	1,888287842	126,2109985			
1,046549412	1,889364746	126,310997			
1,047363272	1,890397339	126,4110031			
1,048227889	1,891542114	126,5110016			
1,049041748	1,892443359	126,6110001			
1,049906365	1,89370752	126,7109985			
1,050771098	1,894761108	126,810997			
1,051584841	1,895878906	126,9110031			
1,052449574	1,896981689	127,0110016			
1,05331419	1,898147705	127,1110001			
1,054178807	1,899052734	127,2109985			
1,054992666	1,900232178	127,310997			
1,055857283	1,901302979	127,4110031			
1,056671143	1,902357422	127,5110016			
1,057535759	1,903459717	127,6110001			
1,058349619	1,904383423	127,7109985			
1,059163478	1,905344604	127,810997			
1,059977221	1,906455688	127,9110031			
1,060841954	1,907425171	128,0110016			
1,061655697	1,908582153	128,1109924			
1,062469441	1,909336792	128,2109985			
1,0632833	1,910566162	128,3110046			
1,064097043	1,911660156	128,4109955			
1,064910903	1,912587402	128,5110016			
1,065775519	1,913766113	128,6109924			
1,066589379	1,914734497	128,7109985			
1,067403238	1,915786255	128,8110046			
1,068267855	1,916620605	128,9109955			
1,069081714	1,917888428	129,0110016			
1,069946331	1,918885376	129,1109924			
1,070760074	1,91983313	129,2109985			
1,071624807	1,921063477	129,3110046			
1,07243855	1,921950195	129,4109955			
1,073303167	1,922904907	129,5110016			
1,0741679	1,924148193	129,6109924			
1,075032633	1,925055176	129,7109985			
1,075846259	1,925990601	129,8110046			
1,076660119	1,927359497	129,9109955			
1,077524736	1,928007813	130,0110016			
1,078338595	1,929092163	130,1109924			
1,079152455	1,929836304	130,2109985			
1,079966198	1,930991455	130,3110046			
1,080780057	1,931993652	130,4109955			
1,081593917	1,932945068	130,5110016			
1,082407543	1,933829346	130,6109924			
1,083221403	1,93475769	130,7109985			
1,084035262	1,935846558	130,8110046			
1,084849006	1,936728271	130,9109955			
1,085662865	1,937717041	131,0110016			
1,086476725	1,938666992	131,1109924			
1,087341341	1,939631958	131,2109985			
1,088155201	1,940665405	131,3110046			
1,088968827	1,941518555	131,4109955			
1,089782687	1,942499146	131,5110016			
1,090596546	1,943650024	131,6109924			
1,091461163	1,944486816	131,7109985			
1,092275023	1,945551758	131,8110046			
1,093088766	1,946545288	131,9109955			
1,093953499	1,947436157	132,0110016			
1,094767242	1,948581543	132,1109924			
1,095631975	1,9495979	132,2109985			
1,096496591	1,950492065	132,3110046			
1,097310451	1,951657349	132,4109955			
1,098175067	1,95246228	132,5110016			
1,099039684	1,953587158	132,6109924			
1,099853544	1,954472412	132,7109985			
1,10071816	1,95555127	132,8110046			
1,101582893	1,956738647	132,9109955			
1,102396636	1,957580688	133,0110016			
1,103261369	1,958675415	133,1109924			
1,104075112	1,959566284	133,2109985			
1,104888972	1,960541626	133,3110046			
1,105753588	1,961334473	133,4109955			
1,106567332	1,962446411	133,5110016			
1,107381191	1,96331543	133,6109924			
1,108194934	1,964209351	133,7109985			
1,109059667	1,965205322	133,8110046			
1,10987341	1,965928345	133,9109955			
1,11068727	1,966947876	134,0110016			
1,111551886	1,967767334	134,1109924			
1,112365746	1,968620972	134,2109985			
1,113179605	1,969653198	134,3110046			
1,113993232	1,970641479	134,4109955			
1,114858082	1,971467041	134,5110016			
1,115671708	1,972489624	134,6109924			
1,116536441	1,973487793	134,7109985			
1,117350184	1,974348633	134,8110046			
1,118214917	1,975245728	134,9109955			
1,11902866	1,976180664	135,0110016			
1,119893393	1,977117676	135,1109924			
1,120707137	1,978127319	135,2109985			
1,12157187	1,97904187	135,3110046			
1,122385613	1,980074097	135,4109955			
1,123199472	1,980957275	135,5110016			
1,124064089	1,981877197	135,6109924			
1,124877948	1,982665039	135,7109985			
1,125691808	1,983619141	135,8110046			
1,126505551	1,984574097	135,9109955			
1,127370284	1,985455566	136,0110016			
1,128183911	1,985956665	136,1109924			
1,12899777	1,987025269	136,2109985			
1,12981163	1,987253296	136,3110046			
1,130625373	1,988814575	136,4109955			
1,131439232	1,989491455	136,5110016			
1,132253092	1,990088623	136,6109924			
1,133066718	1,991233398	136,7109985			
1,133880578	1,992139893	136,8110046			
1,134694437	1,992757446	136,9109955			
1,135508181	1,993764038	137,0110016			
1,136372914	1,994875	137,1109924			
1,137186657	1,995629272	137,2109985			
1,138000516	1,99634021	137,3110046			
1,138814376	1,997595093	137,4109955			
1,139678992	1,998162231	137,5110016			
1,140492852	1,999148804	137,6109924			
1,141306479	1,999954834	137,7109985			
1,142171212	2,000672852	137,8110046			
1,143035945	2,001786011	137,9109955			
1,143849688	2,002710693	138,0110016			
1,144714304	2,003487183	138,1109924			
1,145579037	2,004500244	138,2109985			
1,14644377	2,005336304	138,3110046			
1,147308387	2,006446899	138,4109955			
1,148122246	2,007092773	138,5110016			
1,148986863	2,007919922	138,6109924			
1,14985148	2,008948853	138,7109985			
1,150665339	2,009682373	138,8110046			
1,151479082	2,010599365	138,9109955			
1,152343699	2,011409058	139,0110016			
1,153157558	2,012476563	139,1109924			
1,153971301	2,013202515	139,2109985			
1,154785161	2,013900757	139,3110046			
1,15559902	2,014903198	139,4109955			
1,156463637	2,015677368	139,5110016			
1,157277497	2,016452148	139,6109924			
1,15809124	2,017396484	139,7109985			
1,158904983	2,01806543	139,8110046			
1,159718842	2,018962524	139,9109955			
1,160532585	2,019749878	140,0110016			
1,161397318	2,02043396	140,1109924			
1,162211061	2,021380737	140,2109985			
1,163024921	2,022285034	140,3110046			
1,163889538	2,023074463	140,4109955			
1,164703397	2,02387915	140,5110016			
1,165517257	2,024883545	140,6109924			
1,166381873	2,02555896	140,7109985			
1,167195733	2,026397461	140,8110046			
1,168060349	2,027362427	140,9109955			
1,168874092	2,028172363	141,0110016			
1,169738825	2,028923706	141,1109924			
1,170552569	2,029693481	141,2109985			
1,171366312	2,030516113	141,3110046			
1,172180171	2,031182739	141,4109955			
1,172994031	2,032079712	141,5110016			
1,173858647	2,032969849	141,6109924			
1,174672507	2,033668823	141,7109985			
1,17548625	2,034389648	141,8110046			
1,176299993	2,035246826	141,9109955			
1,177113852	2,036125244	142,0110016			
1,177927596	2,036820068	142,1109924			
1,178741455	2,037554077	142,2109985			
1,179555315	2,038179077	142,3110046			
1,180369058	2,038963867	142,4109955			
1,181182917	2,039725952	142,5110016			
1,18199666	2,040515869	142,6109924			
1,182810403	2,041308594	142,7109985			
1,183675136	2,041986084	142,8110046			
1,18448888	2,042795532	142,9109955			
1,185353613	2,043684692	143,0110016			
1,186167356	2,044401001	143,1109924			
1,187032089	2,045289673	143,2109985			
1,187896705	2,046171753	143,3110046			
1,188710565	2,047005493	143,4109955			
1,189575181	2,047695313	143,5110016			
1,190490671	2,048485352	143,6109924			
1,191355404	2,049272705	143,7109985			
1,192220137	2,050172119	143,8110046			
1,193084754	2,05101001	143,9109955			
1,193898614	2,051704346	144,0110016			
1,19476323	2,052397705	144,1109924			
1,195627847	2,053317383	144,2109985			
1,196441706	2,054129395	144,3110046			
1,197306323	2,054740479	144,4109955			
1,198120066	2,055645752	144,5110016			
1,198933925	2,056181152	144,6109924			
1,199747669	2,056929199	144,7109985			
1,200612402	2,057582764	144,8110046			
1,201426145	2,058230957	144,9109955			
1,202240004	2,058922363	145,0110016			
1,203053864	2,059732178	145,1109924			
1,203867607	2,060563232	145,2109985			
1,20473234	2,061133057	145,3110046			
1,205545967	2,061849609	145,4109955			
1,206359826	2,062527344	145,5110016			
1,207224443	2,063283936	145,6109924			
1,208038302	2,064004639	145,7109985			
1,208852162	2,064726807	145,8110046			
1,209716778	2,065409912	145,9109955			
1,210530638	2,066001221	146,0110016			
1,211344381	2,06666626	146,1109924			
1,212209114	2,067359863	146,2109985			
1,213022857	2,067994385	146,3110046			
1,21388759	2,068822266	146,4109955			
1,214701333	2,069612549	146,5110016			
1,215515193	2,070350342	146,6109924			
1,216379809	2,070924561	146,7109985			
1,217193552	2,071487549	146,8110046			
1,218007412	2,072236816	146,9109955			
1,218872028	2,072756104	147,0110016			
1,219685888	2,0735	147,1109924			
1,220499631	2,074060547	147,2109985			
1,221313491	2,074600342	147,3110046			
1,22212735	2,075343994	147,4109955			
1,222941093	2,075994629	147,5110016			
1,223754836	2,076506104	147,6109924			
1,224568696	2,077316162	147,7109985			
1,225382439	2,077817627	147,8110046			
1,226196298	2,078534912	147,9109955			
1,227060915	2,079136719	148,0110016			
1,227874774	2,079902832	148,1109924			
1,228739391	2,080424561	148,2109985			
1,229553251	2,081103271	148,3110046			
1,23036711	2,081846924	148,4109955			
1,231231727	2,082312012	148,5110016			
1,232045586	2,083044434	148,6109924			
1,232910203	2,083839111	148,7109985			
1,233723946	2,084276367	148,8110046			
1,234588679	2,085077881	148,9109955			
1,235453296	2,085689941	149,0110016			
1,236318029	2,086534912	149,1109924			
1,237182645	2,087143555	149,2109985			
1,237996505	2,087670166	149,3110046			
1,238861121	2,088271729	149,4109955			
1,239725738	2,089088135	149,5110016			
1,240539597	2,089653076	149,6109924			
1,241404214	2,090210205	149,7109985			
1,242218073	2,09102832	149,8110046			
1,24308269	2,091528564	149,9109955			
1,243896433	2,092102539	150,0110016			
1,244710293	2,092619141	150,1109924			
1,245524036	2,093407715	150,2109985			
1,246388769	2,093893311	150,3110046			
1,247202512	2,094422607	150,4109955			
1,248016371	2,094961426	150,5110016			
1,248830231	2,095498291	150,6109924			
1,249643974	2,096180908	150,7109985			
1,250508707	2,096562988	150,8110046			
1,251322334	2,097310059	150,9109955			
1,252136193	2,097774414	151,0110016			
1,252950053	2,098205566	151,1109924			
1,253814669	2,098834229	151,2109985			
1,254628529	2,099638672	151,3110046			
1,255493145	2,099976318	151,4109955			
1,256307005	2,100605469	151,5110016			
1,257171622	2,101089111	151,6109924			
1,257985481	2,101640381	151,7109985			
1,258850098	2,102286621	151,8110046			
1,259714714	2,10288208	151,9109955			
1,260579447	2,103403564	152,0110016			
1,26139319	2,103982178	152,1109924			
1,262257923	2,104481689	152,2109985			
1,263071666	2,104935303	152,3110046			
1,263936399	2,105584717	152,4109955			
1,264750143	2,106067383	152,5110016			
1,265564002	2,106542725	152,6109924			
1,266377862	2,107207031	152,7109985			
1,267191488	2,10764917	152,8110046			
1,268005348	2,108025391	152,9109955			
1,268819207	2,108396729	153,0110016			
1,26963295	2,109004883	153,1109924			
1,27044681	2,10936377	153,2109985			
1,271260669	2,109939209	153,3110046			
1,272074296	2,11037085	153,4109955			
1,272888156	2,110741455	153,5110016			
1,273702015	2,111363281	153,6109924			
1,274515758	2,111771729	153,7109985			
1,275329618	2,112407959	153,8110046			
1,276194234	2,112920654	153,9109955			
1,277008094	2,113331055	154,0110016			
1,277821953	2,113852783	154,1109924			
1,27868657	2,114495605	154,2109985			
1,279551187	2,114849121	154,3110046			
1,280365046	2,115461182	154,4109955			
1,281229663	2,116019287	154,5110016			
1,282094396	2,116534912	154,6109924			
1,282908139	2,116919434	154,7109985			
1,283772872	2,117565186	154,8110046			
1,284637488	2,11793335	154,9109955			
1,285502105	2,118429443	155,0110016			
1,286315965	2,119165283	155,1109924			
1,287180581	2,119647217	155,2109985			
1,288045314	2,120125732	155,3110046			
1,288859057	2,120514648	155,4109955			
1,2896728	2,12104248	155,5110016			
1,290537533	2,121287598	155,6109924			
1,291351276	2,121612061	155,7109985			
1,292215893	2,122183594	155,8110046			
1,293029753	2,122735107	155,9109955			
1,293843612	2,123013916	156,0110016			
1,294708229	2,123496338	156,1109924			
1,295522088	2,123992676	156,2109985			
1,296335831	2,124368896	156,3110046			
1,297149691	2,124748535	156,4109955			
1,298014307	2,125159424	156,5110016			
1,298828167	2,125566895	156,6109924			
1,29964191	2,12583252	156,7109985			
1,300506643	2,126390381	156,8110046			
1,301320386	2,126737061	156,9109955			
1,302185003	2,127265869	157,0110016			
1,302998862	2,127688721	157,1109924			
1,303863479	2,128033691	157,2109985			
1,304677338	2,128657715	157,3110046			
1,305541955	2,128923828	157,4109955			
1,306355814	2,12929834	157,5110016			
1,307220431	2,129713379	157,6109924			
1,308034291	2,130217773	157,7109985			
1,308898907	2,130411133	157,8110046			
1,309712767	2,130888672	157,9109955			
1,31052651	2,131294189	158,0110016			
1,311340369	2,131673828	158,1109924			
1,312204986	2,13198999	158,2109985			
1,313018845	2,132283203	158,3110046			
1,313832588	2,132785645	158,4109955			
1,314595575	2,132998779	158,5110016			
1,315409318	2,133246094	158,6109924			
1,316223177	2,133636719	158,7109985			
1,317037037	2,133886963	158,8110046			
1,317850663	2,134262451	158,9109955			
1,318715396	2,13469043	159,0110016			
1,319529139	2,135106689	159,1109924			
1,320342999	2,135344482	159,2109985			
1,321156858	2,135717041	159,3110046			
1,321970602	2,13606543	159,4109955			
1,322784461	2,136428223	159,5110016			
1,323649078	2,136785889	159,6109924			
1,324462937	2,137253906	159,7109985			
1,325327554	2,137555664	159,8110046			
1,326141413	2,138003418	159,9109955			
1,32700603	2,138354492	160,0110016			
1,327870763	2,138872314	160,1109924			
1,32873538	2,139311768	160,2109985			
1,329599996	2,139588623	160,3110046			
1,330464729	2,140024902	160,4109955			
1,331329346	2,140567383	160,5110016			
1,332193962	2,140846191	160,6109924			
1,333007822	2,141317871	160,7109985			
1,333872438	2,141420898	160,8110046			
1,334686298	2,141734375	160,9109955			
1,335550915	2,141947998	161,0110016			
1,336364774	2,142256592	161,1109924			
1,337178634	2,142666992	161,2109985			
1,33799226	2,142946045	161,3110046			
1,33880612	2,143143555	161,4109955			
1,339670736	2,143490234	161,5110016			
1,340484596	2,143656738	161,6109924			
1,341298455	2,143878418	161,7109985			
1,342112198	2,14433667	161,8110046			
1,342926058	2,144464844	161,9109955			
1,343790675	2,144786621	162,0110016			
1,344604534	2,144976563	162,1109924			
1,345418277	2,145277344	162,2109985			
1,34623202	2,145415771	162,3110046			
1,347096753	2,145823486	162,4109955			
1,347910496	2,146246094	162,5110016			
1,348775229	2,146580078	162,6109924			
1,349588973	2,146875244	162,7109985			
1,350453706	2,147125488	162,8110046			
1,351267449	2,147329102	162,9109955			
1,352132182	2,147781982	163,0110016			
1,352945925	2,147957764	163,1109924			
1,353810658	2,148260742	163,2109985			
1,354624401	2,148625488	163,3110046			
1,355489134	2,148913574	163,4109955			
1,356302877	2,149112793	163,5110016			
1,357116736	2,14934668	163,6109924			
1,357981353	2,14962085	163,7109985			
1,358795213	2,149775879	163,8110046			
1,359608956	2,149862305	163,9109955			
1,360422699	2,150195068	164,0110016			
1,361236558	2,150297363	164,1109924			
1,362050418	2,150598877	164,2109985			
1,362864161	2,150807617	164,3110046			
1,36367802	2,150820313	164,4109955			
1,364491764	2,151075439	164,5110016			
1,365305507	2,15135376	164,6109924			
1,366119366	2,151555664	164,7109985			
1,366933226	2,151818848	164,8110046			
1,367797842	2,151970215	164,9109955			
1,368611702	2,152255371	165,0110016			
1,369425445	2,152373535	165,1109924			
1,370290178	2,152680664	165,2109985			
1,371103921	2,152856445	165,3110046			
1,371968654	2,153114746	165,4109955			
1,372833271	2,153344971	165,5110016			
1,373697887	2,153640137	165,6109924			
1,37456262	2,153840088	165,7109985			
1,375427237	2,154207275	165,8110046			
1,376241096	2,154356445	165,9109955			
1,377105713	2,15461499	166,0110016			
1,377970329	2,154856689	166,1109924			
1,378835062	2,155055176	166,2109985			
1,379699679	2,155334473	166,3110046			
1,380513539	2,155404297	166,4109955			
1,381378155	2,155601563	166,5110016			
1,382192015	2,156016602	166,6109924			
1,383005758	2,156078857	166,7109985			
1,383819617	2,156282471	166,8110046			
1,384684234	2,156317383	166,9109955			
1,385498093	2,156426514	167,0110016			
1,386311837	2,156518555	167,1109924			
1,38712558	2,156719727	167,2109985			
1,387939439	2,156796143	167,3110046			
1,388753299	2,157109619	167,4109955			
1,389567042	2,157061523	167,5110016			
1,390431775	2,157275146	167,6109924			
1,391245518	2,157540039	167,7109985			
1,392059377	2,157674316	167,8110046			
1,39287312	2,157708984	167,9109955			
1,393737737	2,157862549	168,0110016			
1,394551597	2,158011475	168,1109924			
1,395416213	2,158288086	168,2109985			
1,396230073	2,158496582	168,3110046			
1,397094689	2,158418945	168,4109955			
1,397908549	2,158649902	168,5110016			
1,398773165	2,158841797	168,6109924			
1,399637782	2,159072754	168,7109985			
1,400502515	2,159145996	168,8110046			
1,401316258	2,15938623	168,9109955			
1,402180991	2,159447021	169,0110016			
1,402994734	2,159497559	169,1109924			
1,403808594	2,159709473	169,2109985			
1,404622453	2,159755615	169,3110046			
1,405436196	2,159770508	169,4109955			
1,406250056	2,159975586	169,5110016			
1,407063799	2,15989917	169,6109924			
1,407877542	2,160258301	169,7109985			
1,408691402	2,160323975	169,8110046			
1,409505261	2,160396729	169,9109955			
1,410319004	2,160417725	170,0110016			
1,411132864	2,160406494	170,1109924			
1,411946607	2,16056543	170,2109985			
1,41276035	2,160513184	170,3110046			
1,413574209	2,160611816	170,4109955			
1,414438826	2,160616211	170,5110016			
1,415252686	2,160990234	170,6109924			
1,416117302	2,161046631	170,7109985			
1,416931162	2,16109082	170,8110046			
1,417745021	2,161167236	170,9109955			
1,418609638	2,16124707	171,0110016			
1,419423497	2,161370361	171,1109924			
1,420288114	2,16144751	171,2109985			
1,421101973	2,161536865	171,3110046			
1,42196659	2,16164917	171,4109955			
1,422831207	2,161818359	171,5110016			
1,42369594	2,162016602	171,6109924			
1,424560556	2,162116455	171,7109985			
1,425425173	2,162095215	171,8110046			
1,426239032	2,162212646	171,9109955			
1,427103649	2,162413574	172,0110016			
1,427917508	2,162425293	172,1109924			
1,428782125	2,16254248	172,2109985			
1,429595985	2,162564941	172,3110046			
1,430409844	2,162637939	172,4109955			
1,431274461	2,162846924	172,5110016			
1,432088204	2,162508789	172,6109924			
1,432901947	2,162744873	172,7109985			
1,433715806	2,16272876	172,8110046			
1,434529666	2,162846191	172,9109955			
1,435394282	2,162813477	173,0110016			
1,436208142	2,162835693	173,1109924			
1,437021885	2,162847168	173,2109985			
1,437886618	2,162885498	173,3110046			
1,438700361	2,162928711	173,4109955			
1,439565094	2,162995117	173,5110016			
1,440378837	2,162998779	173,6109924			
1,44119258	2,162896973	173,7109985			
1,442057197	2,162930176	173,8110046			
1,442922046	2,163001953	173,9109955			
1,443735673	2,163014648	174,0110016			
1,444549533	2,163094238	174,1109924			
1,445414149	2,163030273	174,2109985			
1,446278882	2,16321875	174,3110046			
1,447092625	2,163396729	174,4109955			
1,447906485	2,163209717	174,5110016			
1,448771101	2,163136475	174,6109924			
1,449584961	2,163052734	174,7109985			
1,45039882	2,162969482	174,8110046			
1,451212564	2,163018311	174,9109955			
1,452026423	2,163175537	175,0110016			
1,45289104	2,163040039	175,1109924			
1,453653909	2,163012207	175,2109985			
1,454518642	2,162875488	175,3110046			
1,455332385	2,1629021	175,4109955			
1,456146245	2,162974121	175,5110016			
1,456960104	2,162888184	175,6109924			
1,457773848	2,162664063	175,7109985			
1,458587591	2,16277124	175,8110046			
1,45940145	2,162659668	175,9109955			
1,460215193	2,162726563	176,0110016			
1,461029053	2,162710938	176,1109924			
1,461842912	2,162547119	176,2109985			
1,462707529	2,162508301	176,3110046			
1,463521388	2,162737793	176,4109955			
1,464335131	2,162670898	176,5110016			
1,465199864	2,162665771	176,6109924			
1,466064481	2,162723389	176,7109985			
1,466878341	2,162533447	176,8110046			
1,467742957	2,162735352	176,9109955			
1,468607574	2,162728271	177,0110016			
1,469472307	2,162752197	177,1109924			
1,47028605	2,1627146	177,2109985			
1,471150783	2,162810547	177,3110046			
1,472015399	2,162743164	177,4109955			
1,472880016	2,16278125	177,5110016			
1,473693876	2,162792725	177,6109924			
1,474507735	2,162831543	177,7109985			
1,475321362	2,162608887	177,8110046			
1,476186211	2,1626604	177,9109955			
1,476999838	2,16257959	178,0110016			
1,477813697	2,162581055	178,1109924			
1,478627557	2,162473633	178,2109985			
1,479492174	2,162326904	178,3110046			
1,480306033	2,162354492	178,4109955			
1,481119776	2,162189697	178,5110016			
1,481933636	2,162255859	178,6109924			
1,482747379	2,162091553	178,7109985			
1,483561122	2,162106445	178,8110046			
1,484425855	2,161943604	178,9109955			
1,485239598	2,161946533	179,0110016			
1,486053457	2,161803711	179,1109924			
1,486918074	2,16180957	179,2109985			
1,487731934	2,161779053	179,3110046			
1,48859655	2,161796143	179,4109955			
1,48941041	2,161734619	179,5110016			
1,490275026	2,161630615	179,6109924			
1,491088886	2,161490479	179,7109985			
1,491953502	2,161522217	179,8110046			
1,492767362	2,161473145	179,9109955			
1,493631979	2,161625	180,0110016			
1,494445838	2,161506592	180,1109924			
1,495310455	2,161472168	180,2109985			
1,496124314	2,161258057	180,3110046			
1,496938057	2,161180176	180,4109955			
1,49780279	2,161235107	180,5110016			
1,498616533	2,161228271	180,6109924			
1,499430276	2,161052734	180,7109985			
1,500244136	2,161014893	180,8110046			
1,501108753	2,16076001	180,9109955			
1,501922612	2,160836914	181,0110016			
1,502736472	2,160748047	181,1109924			
1,503550215	2,160531006	181,2109985			
1,504363958	2,160520508	181,3110046			
1,505177817	2,160490479	181,4109955			
1,506042434	2,160368896	181,5110016			
1,506856293	2,16035083	181,6109924			
1,507670037	2,160216309	181,7109985			
1,50853477	2,160265137	181,8110046			
1,509348513	2,160067871	181,9109955			
1,510213246	2,160021484	182,0110016			
1,511077862	2,159983887	182,1109924			
1,511891722	2,159739746	182,2109985			
1,512756338	2,159774902	182,3110046			
1,513620955	2,159761719	182,4109955			
1,514485688	2,159863281	182,5110016			
1,515350305	2,15965918	182,6109924			
1,516164164	2,159617432	182,7109985			
1,517028781	2,159735107	182,8110046			
1,517893397	2,159417236	182,9109955			
1,518707257	2,159502197	183,0110016			
1,519571873	2,159413086	183,1109924			
1,520385733	2,159173096	183,2109985			
1,521199592	2,1592771	183,3110046			
1,522064209	2,159047119	183,4109955			
1,522878068	2,15885083	183,5110016			
1,523691812	2,158990234	183,6109924			
1,524556545	2,158676514	183,7109985			
1,525370288	2,158533447	183,8110046			
1,526184031	2,158575928	183,9109955			
1,52699789	2,158375977	184,0110016			
1,527862507	2,158262451	184,1109924			
1,528676366	2,158206787	184,2109985			
1,52949011	2,158142822	184,3110046			
1,530303969	2,157883545	184,4109955			
1,531168586	2,157741943	184,5110016			
1,531982445	2,157788574	184,6109924			
1,532796305	2,157470703	184,7109985			
1,533660921	2,157567871	184,8110046			
1,534474781	2,157351074	184,9109955			
1,535339397	2,156990723	185,0110016			
1,53615314	2,157133789	185,1109924			
1,537017873	2,157091553	185,2109985			
1,53788249	2,156905029	185,3110046			
1,538747223	2,156932861	185,4109955			
1,539560966	2,156830811	185,5110016			
1,540425699	2,156726563	185,6109924			
1,541239326	2,15649707	185,7109985			
1,542053185	2,156383545	185,8110046			
1,542867045	2,156228027	185,9109955			
1,543680788	2,156068848	186,0110016			
1,544494648	2,155930176	186,1109924			
1,545308507	2,155641357	186,2109985			
1,54612225	2,155517578	186,3110046			
1,546935993	2,155507813	186,4109955			
1,547749853	2,155178711	186,5110016			
1,548563596	2,155116943	186,6109924			
1,549377455	2,154792236	186,7109985			
1,550191315	2,154862305	186,8110046			
1,551005058	2,154749512	186,9109955			
1,551818801	2,154473633	187,0110016			
1,552683418	2,154332764	187,1109924			
1,553497277	2,154249023	187,2109985			
1,554361894	2,15404541	187,3110046			
1,555175753	2,153989746	187,4109955			
1,555989613	2,153683105	187,5110016			
1,556854229	2,153769043	187,6109924			
1,557718846	2,153504639	187,7109985			
1,558532706	2,153662598	187,8110046			
1,559397322	2,153280029	187,9109955			
1,560262055	2,153237305	188,0110016			
1,561075798	2,152975098	188,1109924			
1,561940531	2,152970947	188,2109985			
1,562805148	2,152996338	188,3110046			
1,563669764	2,152695557	188,4109955			
1,564483624	2,152753906	188,5110016			
1,565348241	2,152553467	188,6109924			
1,566212974	2,152406006	188,7109985			
1,567026717	2,152343018	188,8110046			
1,567840576	2,152077393	188,9109955			
1,568705193	2,152026367	189,0110016			
1,569519052	2,151884766	189,1109924			
1,570383669	2,151768066	189,2109985			
1,571197528	2,151595215	189,3110046			
1,572011388	2,151487061	189,4109955			
1,572825131	2,151217773	189,5110016			
1,573689864	2,151020508	189,6109924			
1,574503491	2,150790039	189,7109985			
1,57531735	2,150678223	189,8110046			
1,576181967	2,150488525	189,9109955			
1,576995826	2,150415771	190,0110016			
1,577809686	2,15013501	190,1109924			
1,578674302	2,149883545	190,2109985			
1,579488162	2,149817383	190,3110046			
1,580352779	2,149765625	190,4109955			
1,581217395	2,149632324	190,5110016			
1,582031255	2,149371582	190,6109924			
1,582895871	2,14927124	190,7109985			
1,583709731	2,149253662	190,8110046			
1,584574347	2,149040527	190,9109955			
1,585388207	2,149009521	191,0110016			
1,586202066	2,148695557	191,1109924			
1,587015693	2,148346191	191,2109985			
1,587880543	2,148177246	191,3110046			
1,588694169	2,148141846	191,4109955			
1,589508029	2,147885254	191,5110016			
1,590321888	2,147766357	191,6109924			
1,591135631	2,147691162	191,7109985			
1,591949491	2,147419678	191,8110046			
1,59276335	2,147259033	191,9109955			
1,593576977	2,147016357	192,0110016			
1,594390837	2,146822021	192,1109924			
1,595204696	2,146462646	192,2109985			
1,596018439	2,146333252	192,3110046			
1,596832299	2,146357422	192,4109955			
1,597646158	2,146261719	192,5110016			
1,598459785	2,146049316	192,6109924			
1,599324634	2,145878662	192,7109985			
1,600138261	2,145644043	192,8110046			
1,60095212	2,14570459	192,9109955			
1,601816737	2,145391357	193,0110016			
1,602630597	2,145027832	193,1109924			
1,603495213	2,144979004	193,2109985			
1,604309073	2,144895508	193,3110046			
1,605173689	2,144861084	193,4109955			
1,606038422	2,144881836	193,5110016			
1,606903039	2,144523438	193,6109924			
1,607767656	2,144715332	193,7109985			
1,608632389	2,144442139	193,8110046			
1,609497122	2,144314697	193,9109955			
1,610361738	2,144387939	194,0110016			
1,611226471	2,14412793	194,1109924			
1,612040214	2,144029785	194,2109985			
1,612904947	2,143881836	194,3110046			
1,613718574	2,143871582	194,4109955			
1,614583423	2,143632568	194,5110016			
1,61539705	2,143278809	194,6109924			
1,61621091	2,143089844	194,7109985			
1,617024769	2,142907471	194,8110046			
1,617889386	2,142692139	194,9109955			
1,618703245	2,142571777	195,0110016			
1,619516988	2,142357178	195,1109924			
1,620330848	2,142126465	195,2109985			
1,621195464	2,141931885	195,3110046			
1,622009324	2,141747559	195,4109955			
1,622823067	2,141512939	195,5110016			
1,62363681	2,141334717	195,6109924			
1,62445067	2,141125488	195,7109985			
1,625315286	2,14092627	195,8110046			
1,626129146	2,140847412	195,9109955			
1,626993762	2,140718994	196,0110016			
1,627807622	2,140612061	196,1109924			
1,628621481	2,140360596	196,2109985			
1,629486098	2,140113037	196,3110046			
1,630350715	2,140043213	196,4109955			
1,631164574	2,139990723	196,5110016			
1,632029191	2,13980835	196,6109924			
1,63284305	2,139656494	196,7109985			
1,63365691	2,139415527	196,8110046			
1,634521526	2,139275391	196,9109955			
1,635335269	2,139035156	197,0110016			
1,636149012	2,138893799	197,1109924			
1,636962872	2,138693604	197,2109985			
1,637827489	2,138498535	197,3110046			
1,638641348	2,138074463	197,4109955			
1,639455208	2,13818042	197,5110016			
1,640268951	2,137884033	197,6109924			
1,64108281	2,137548096	197,7109985			
1,641896553	2,137315186	197,8110046			
1,642710296	2,137150391	197,9109955			
1,643524156	2,137109619	198,0110016			
1,644338015	2,136745117	198,1109924			
1,645202632	2,136623779	198,2109985			
1,646016492	2,13636377	198,3110046			
1,646830235	2,136263184	198,4109955			
1,647644094	2,136133301	198,5110016			
1,648508711	2,135796143	198,6109924			
1,649322454	2,135613037	198,7109985			
1,650187187	2,135509033	198,8110046			
1,65100093	2,135318604	198,9109955			
1,651865547	2,135309814	199,0110016			
1,652730396	2,135105957	199,1109924			
1,653645886	2,13489502	199,2109985			
1,654459629	2,13473584	199,3110046			
1,655324362	2,134779297	199,4109955			
1,656188979	2,134444336	199,5110016			
1,657053595	2,134369873	199,6109924			
1,657867455	2,134220215	199,7109985			
1,658732072	2,134016602	199,8110046			
1,659545931	2,133638672	199,9109955			
1,660359791	2,133567627	200,0110016			
1,661224407	2,133443115	200,1109924			
1,66203815	2,133260254	200,2109985			
1,662851893	2,133080078	200,3110046			
1,663716626	2,132961914	200,4109955			
1,664530369	2,132734863	200,5110016			
1,665344229	2,132584473	200,6109924			
1,666158088	2,132293457	200,7109985			
1,667022705	2,13198291	200,8110046			
1,667836565	2,131776611	200,9109955			
1,668650308	2,131491455	201,0110016			
1,669464167	2,131384521	201,1109924			
1,67027791	2,131093262	201,2109985			
1,671142527	2,130900391	201,3110046			
1,671956386	2,130730713	201,4109955			
1,67277013	2,130624268	201,5110016			
1,673634863	2,130523682	201,6109924			
1,674448606	2,130299561	201,7109985			
1,675313339	2,130079102	201,8110046			
1,676177955	2,129969482	201,9109955			
1,676991815	2,12975708	202,0110016			
1,677856431	2,129540527	202,1109924			
1,678721048	2,129482178	202,2109985			
1,679534907	2,129296875	202,3110046			
1,680348767	2,128970947	202,4109955			
1,681213384	2,128784912	202,5110016			
1,682027243	2,128571289	202,6109924			
1,682840986	2,128268311	202,7109985			
1,683654729	2,12811792	202,8110046			
1,684468589	2,127830811	202,9109955			
1,685282332	2,127836914	203,0110016			
1,686096191	2,127394287	203,1109924			
1,686910051	2,127262207	203,2109985			
1,687723794	2,127041504	203,3110046			
1,688588527	2,126878174	203,4109955			
1,68940227	2,126619141	203,5110016			
1,690216013	2,126240234	203,6109924			
1,691029873	2,126134521	203,7109985			
1,691894489	2,125946777	203,8110046			
1,692708349	2,125716064	203,9109955			
1,693522092	2,125647461	204,0110016			
1,694386825	2,125459229	204,1109924			
1,695200568	2,125064209	204,2109985			
1,696065301	2,12498291	204,3110046			
1,696879044	2,124646484	204,4109955			
1,697743777	2,124638916	204,5110016			
1,69855752	2,124476807	204,6109924			
1,699422253	2,124224854	204,7109985			
1,70028687	2,124006348	204,8110046			
1,701151486	2,123937012	204,9109955			
1,701965346	2,123552002	205,0110016			
1,702829963	2,123733887	205,1109924			
1,703694696	2,123435547	205,2109985			
1,704508439	2,123201172	205,3110046			
1,705373172	2,12316626	205,4109955			
1,706186915	2,122818359	205,5110016			
1,707000774	2,122661133	205,6109924			
1,707865391	2,12239502	205,7109985			
1,70867925	2,122356445	205,8110046			
1,709492994	2,122113525	205,9109955			
1,710306737	2,121880371	206,0110016			
1,711120596	2,121562256	206,1109924			
1,711934456	2,12135791	206,2109985			
1,712799072	2,121076904	206,3110046			
1,713612932	2,120988525	206,4109955			
1,714426675	2,120717773	206,5110016			
1,715291408	2,120640625	206,6109924			
1,716105151	2,120339844	206,7109985			
1,716969884	2,120161865	206,8110046			
1,717783627	2,119843506	206,9109955			
1,71864836	2,119762939	207,0110016			
1,719461987	2,119571289	207,1109924			
1,720326836	2,119512451	207,2109985			
1,721140463	2,11936792	207,3110046			
1,722005196	2,119020752	207,4109955			
1,722869929	2,118943604	207,5110016			
1,723683672	2,118801758	207,6109924			
1,724548289	2,118616455	207,7109985			
1,725362148	2,11839209	207,8110046			
1,726226765	2,118200195	207,9109955			
1,727040624	2,118180908	208,0110016			
1,727854367	2,117905029	208,1109924			
1,7287191	2,117726318	208,2109985			
1,729532843	2,117266846	208,3110046			
1,730346703	2,117002686	208,4109955			
1,731160562	2,116941895	208,5110016			
1,731974189	2,116619629	208,6109924			
1,732788049	2,116227783	208,7109985			
1,733601908	2,116082275	208,8110046			
1,734415651	2,115722656	208,9109955			
1,735229511	2,115641357	209,0110016			
1,73604337	2,115361816	209,1109924			
1,736857113	2,115156006	209,2109985			
1,737670857	2,114941895	209,3110046			
1,738535473	2,114665039	209,4109955			
1,739349333	2,114521729	209,5110016			
1,740163192	2,114176758	209,6109924			
1,740976935	2,114215576	209,7109985			
1,741841668	2,113943359	209,8110046			
1,742655411	2,113766357	209,9109955			
1,743520144	2,113693604	210,0110016			
1,744333887	2,113310547	210,1109924			
1,74519862	2,113129883	210,2109985			
1,746063237	2,113044678	210,3110046			
1,746927854	2,112888184	210,4109955			
1,747792587	2,112657715	210,5110016			
1,748657203	2,112425293	210,6109924			
1,749471063	2,11234375	210,7109985			
1,750335679	2,112174561	210,8110046			
1,751200296	2,111912842	210,9109955			
1,752014155	2,111780762	211,0110016			
1,752878772	2,111427002	211,1109924			
1,753692632	2,111244385	211,2109985			
1,754506491	2,110982666	211,3110046			
1,755371108	2,110774658	211,4109955			
1,756184967	2,11065332	211,5110016			
1,75699871	2,110131836	211,6109924			
1,757812453	2,109987793	211,7109985			
1,758626313	2,109638916	211,8110046			
1,75949093	2,10948291	211,9109955			
1,760304789	2,109246094	212,0110016			
1,761118532	2,109015137	212,1109924			
1,761932392	2,108788818	212,2109985			
1,762797008	2,108563721	212,3110046			
1,763610868	2,108261719	212,4109955			
1,764475484	2,108096191	212,5110016			
1,765289344	2,10784668	212,6109924			
1,76615396	2,107710693	212,7109985			
1,76696782	2,107473389	212,8110046			
1,767832437	2,107287354	212,9109955			
1,768646296	2,107203369	213,0110016			
1,769510913	2,106840576	213,1109924			
1,770324656	2,106685303	213,2109985			
1,771189389	2,106425049	213,3110046			
1,772003132	2,10627002	213,4109955			
1,772867749	2,10605835	213,5110016			
1,773681608	2,105714355	213,6109924			
1,774495468	2,105708252	213,7109985			
1,775309211	2,105246094	213,8110046			
1,77612307	2,104867188	213,9109955			
1,77693693	2,10472168	214,0110016			
1,777750556	2,104439209	214,1109924			
1,778564416	2,104130859	214,2109985			
1,779378275	2,104042236	214,3110046			
1,780192018	2,103696045	214,4109955			
1,781056751	2,103478271	214,5110016			
1,781870495	2,103096191	214,6109924			
1,782684354	2,102728271	214,7109985			
1,783498214	2,102769775	214,8110046			
1,78431184	2,10235376	214,9109955			
1,7851257	2,102188965	215,0110016			
1,785939559	2,101913574	215,1109924			
1,786804176	2,101693848	215,2109985			
1,787618035	2,101406982	215,3110046			
1,788482652	2,101368652	215,4109955			
1,789296512	2,101090088	215,5110016			
1,790161128	2,100820068	215,6109924			
1,791025745	2,100545654	215,7109985			
1,791890478	2,100355957	215,8110046			
1,792755094	2,100158203	215,9109955			
1,793619711	2,09998291	216,0110016			
1,794484444	2,099534668	216,1109924			
1,795298187	2,09969043	216,2109985			
1,79616292	2,099071777	216,3110046			
1,797027537	2,098903809	216,4109955			
1,797841396	2,099048828	216,5110016			
1,798706013	2,098254639	216,6109924			
1,799519872	2,098197266	216,7109985			
1,800333615	2,098169678	216,8110046			
1,801198348	2,097822021	216,9109955			
1,802012092	2,097340576	217,0110016			
1,802825951	2,096706787	217,1109924			
1,803639811	2,096234131	217,2109985			
1,804453437	2,095137207	217,3110046			
1,805318287	2,094484131	217,4109955			
1,806131913	2,093904053	217,5110016			
1,806945773	2,093159424	217,6109924			
1,807810389	2,09231958	217,7109985			
1,808624249	2,091631836	217,8110046			
1,809438108	2,090984863	217,9109955			
1,810302725	2,090257324	218,0110016			
1,811116585	2,089494629	218,1109924			
1,811981201	2,088872314	218,2109985			
1,812795061	2,088176758	218,3110046			
1,813659677	2,087549316	218,4109955			
1,814524294	2,086878418	218,5110016			
1,815338153	2,08613501	218,6109924			
1,81620277	2,08535083	218,7109985			
1,81701663	2,08467041	218,8110046			
1,817881246	2,083806885	218,9109955			
1,818695106	2,083094238	219,0110016			
1,819559722	2,082360596	219,1109924			
1,820373582	2,081314453	219,2109985			
1,821187325	2,080407471	219,3110046			
1,822052058	2,079430908	219,4109955			
1,822865801	2,078292969	219,5110016			
1,823679544	2,077122559	219,6109924			
1,824493404	2,075523682	219,7109985			
1,825307263	2,074078613	219,8110046			
1,826121006	2,072563477	219,9109955			
1,826934866	2,066611328	220,0110016			
1,827799482	2,052599609	220,1109924			
1,828664215	1,984260742	220,2109985			
1,831766684	0,04871793	220,298996			
