File Path: D:\Ensayos Víctor\Fase II\PLA virgen\Test Run 5 16-05-2019 11 07 17\DAQ- Crosshead; … - (Timed).txt   
Test: ENSAYOS TRACCION PLA 2
Test Run: Test Run 5
Date: 16/05/2019 11:03:43


Crosshead 	Load 	Time 
mm	kN	sec
0,000254313135883422	0,0648778457641602	0,112000003457069
0,000508626271766843	0,0651072616577148	0,211999997496605
0,000915527323286369	0,0651187973022461	0,312000006437302
0,00142415365189663	0,0651481246948242	0,412000000476837
0,00198364250536542	0,0652578506469727	0,512000024318695
0,00249226877713227	0,0654132690429688	0,611999988555908
0,00295003246719716	0,0653696899414063	0,712000012397766
0,00340779615726206	0,0656443786621094	0,811999976634979
0,00386555984732695	0,0657766342163086	0,912000000476837
0,00437418611909379	0,0661931457519531	1,01199996471405
0,00493367542730994	0,0664412078857422	1,11199998855591
0,00559488898943528	0,0672094802856445	1,21200001239777
0,00635782862445922	0,0684765777587891	1,31200003623962
0,00712076825948316	0,0699233169555664	1,41199994087219
0,0079345700214617	0,0705690002441406	1,51199996471405
0,00879923572938424	0,070902717590332	1,61199998855591
0,00961303703661542	0,0711668548583984	1,71200001239777
0,0104268392533413	0,0717847366333008	1,81200003623962
0,0112915040517692	0,0719545516967773	1,91199994087219
0,0121053053590003	0,0725703277587891	2,01200008392334
0,0129699710669229	0,0731636123657227	2,11199998855591
0,0138346358653507	0,0737425918579102	2,21199989318848
0,0146484371725819	0,0744062652587891	2,31200003623962
0,0155131019710097	0,0748595275878906	2,41199994087219
0,0163269050972303	0,0756594619750977	2,51200008392334
0,0171915689861635	0,0762218551635742	2,61199998855591
0,018056234694086	0,0769005966186523	2,71199989318848
0,0189208985830192	0,077860466003418	2,81200003623962
0,0197347017092397	0,078285026550293	2,91199994087219
0,0205993655981729	0,0791131286621094	3,01200008392334
0,021464029487106	0,0795986709594727	3,11199998855591
0,0222778326133266	0,0800901794433594	3,21199989318848
0,0230916339205578	0,0807452926635742	3,31200003623962
0,0239562996284803	0,0816650390625	3,41199994087219
0,0247701009357115	0,0819610900878906	3,51200008392334
0,0255839022429427	0,0829048538208008	3,61199998855591
0,0263977053691633	0,0834833450317383	3,71199989318848
0,0272115084953839	0,0843200607299805	3,81200003623962
0,0280253079836257	0,0850636596679688	3,91199994087219
0,0288391111098463	0,0860884552001953	4,01200008392334
0,0296529142360669	0,0874484710693359	4,11199998855591
0,030517578125	0,0886476974487305	4,21199989318848
0,0313313794322312	0,0898694152832031	4,31199979782104
0,0321451843774412	0,0910854721069336	4,41200017929077
0,0329589856846724	0,0923213806152344	4,51200008392334
0,0338236495736055	0,0934751358032227	4,61199998855591
0,0346374508808367	0,0947681655883789	4,71199989318848
0,0355021184077486	0,0961195068359375	4,81199979782104
0,0363159197149798	0,0973913269042969	4,91200017929077
0,037180583603913	0,0985009231567383	5,01200008392334
0,0379943849111442	0,0997045745849609	5,11199998855591
0,0388590524380561	0,101116714477539	5,21199989318848
0,0396728501073085	0,102385597229004	5,31199979782104
0,0405375176342204	0,103776679992676	5,41200017929077
0,0414021815231536	0,105234199523926	5,51200008392334
0,0422668454120867	0,10652025604248	5,61199998855591
0,0430806467193179	0,107815162658691	5,71199989318848
0,0439453142462298	0,10901976776123	5,81199979782104
0,044809978135163	0,110171539306641	5,91200017929077
0,0456237794423942	0,111352127075195	6,01200008392334
0,0464884469693061	0,112303077697754	6,11199998855591
0,0473022446385585	0,113206413269043	6,21199989318848
0,0481669121654704	0,114079071044922	6,31199979782104
0,0489807134727016	0,115087677001953	6,41200017929077
0,0497945147799328	0,115961410522461	6,51200008392334
0,0506591786688659	0,116799194335938	6,61199998855591
0,0514729799760971	0,117855239868164	6,71199989318848
0,0523376475030091	0,118786346435547	6,81199979782104
0,0531514488102403	0,119941383361816	6,91200017929077
0,0539652501174714	0,120828025817871	7,01200008392334
0,0547790514247026	0,121756828308105	7,11199998855591
0,0556437189516146	0,122443504333496	7,21199989318848
0,0564575202588458	0,123599052429199	7,31199979782104
0,0573221841477789	0,124529365539551	7,41200017929077
0,0581359854550101	0,125561737060547	7,51200008392334
0,059000652981922	0,126729484558105	7,61199998855591
0,0598653132328764	0,12769921875	7,71199989318848
0,0606791181780864	0,128867965698242	7,81199979782104
0,0615437820670195	0,130024230957031	7,91200017929077
0,0623575833742507	0,131345474243164	8,01200008392334
0,0632222509011626	0,132641555786133	8,11200046539307
0,0640360522083938	0,133938461303711	8,21199989318848
0,0649007197353058	0,135099395751953	8,3120002746582
0,0657145137665793	0,136461669921875	8,41199970245361
0,0665791885694489	0,137973922729492	8,51200008392334
0,0673929826007225	0,139103012084961	8,61200046539307
0,0682576501276344	0,140591430664063	8,71199989318848
0,0690714514348656	0,141775833129883	8,8120002746582
0,0698852527420968	0,143189453125	8,91199970245361
0,0707499129930511	0,144549987792969	9,01200008392334
0,0715637215762399	0,145902374267578	9,11200046539307
0,0723775228834711	0,147157180786133	9,21199989318848
0,0731913241907023	0,148732940673828	9,3120002746582
0,0740051254979335	0,150050903320313	9,41199970245361
0,0748189340811223	0,151446365356445	9,51200008392334
0,0756327281123959	0,152640289306641	9,61200046539307
0,0764465366955847	0,153796875	9,71199989318848
0,077311196946539	0,154948883056641	9,8120002746582
0,0781249982537702	0,156376251220703	9,91199970245361
0,078938806836959	0,157589904785156	10,0120000839233
0,0798034670879133	0,158611877441406	10,1120004653931
0,0806172683951445	0,159707443237305	10,2119998931885
0,0814310697023757	0,160900726318359	10,3120002746582
0,0822957372292876	0,161727035522461	10,4119997024536
0,0831095385365188	0,162612426757813	10,5120000839233
0,0839742060634308	0,163629287719727	10,6120004653931
0,0847880000947043	0,164545654296875	10,7119998931885
0,0856526748975739	0,165813354492188	10,8120002746582
0,0865173351485282	0,167146499633789	10,9119997024536
0,0873819953994825	0,168947540283203	11,0120000839233
0,0881958039826714	0,170314529418945	11,1120004653931
0,0890604642336257	0,172078384399414	11,2119998931885
0,0899251317605376	0,17345686340332	11,3120002746582
0,090789792011492	0,174990341186523	11,4119997024536
0,0916036005946808	0,176860092163086	11,5120000839233
0,0924682608456351	0,178607177734375	11,6120004653931
0,0932820694288239	0,180293563842773	11,7119998931885
0,0941467296797782	0,181967330932617	11,8120002746582
0,0949605309870094	0,183690399169922	11,9119997024536
0,0957743322942406	0,185373199462891	12,0120000839233
0,0966389998211525	0,186971572875977	12,1120004653931
0,0974527938524261	0,188587997436523	12,2119998931885
0,0982666024356149	0,190141326904297	12,3120002746582
0,0990804037428461	0,191859893798828	12,4119997024536
0,0998942050500773	0,193496566772461	12,5120000839233
0,100758872576989	0,195122619628906	12,6120004653931
0,101572666608263	0,196679260253906	12,7119998931885
0,102386475191452	0,19830842590332	12,8120002746582
0,103251135442406	0,199786849975586	12,9119997024536
0,104064944025595	0,201658340454102	13,0120000839233
0,104878745332826	0,203157104492188	13,1120004653931
0,10574340558378	0,204941024780273	13,2119998931885
0,106557214166969	0,2064208984375	13,3120002746582
0,107421874417923	0,208250045776367	13,4119997024536
0,108235683001112	0,209914855957031	13,5120000839233
0,109100343252067	0,211580596923828	13,6120004653931
0,109914144559298	0,213203369140625	13,7119998931885
0,11077881208621	0,214932464599609	13,8120002746582
0,111592613393441	0,21647477722168	13,9119997024536
0,112457273644395	0,218489166259766	14,0120000839233
0,113271082227584	0,220123077392578	14,1120004653931
0,114135742478538	0,221759140014648	14,2119998931885
0,114949543785769	0,223524688720703	14,3120002746582
0,115814211312681	0,22523876953125	14,4119997024536
0,116628012619913	0,226837951660156	14,5120000839233
0,117441813927144	0,228570114135742	14,6120004653931
0,118255615234375	0,230341583251953	14,7119998931885
0,119069416541606	0,231880874633789	14,8120002746582
0,119883217848837	0,23354264831543	14,9119997024536
0,120747885375749	0,235159606933594	15,0120000839233
0,121561686682981	0,236628372192383	15,1120004653931
0,122375495266169	0,238435211181641	15,2119998931885
0,123189296573401	0,24011279296875	15,3120002746582
0,124003083328716	0,241580200195313	15,4119997024536
0,124867758131586	0,243404800415039	15,5120000839233
0,125681559438817	0,245204223632813	15,6120004653931
0,126495360746048	0,246834686279297	15,7119998931885
0,127360035548918	0,248668411254883	15,8120002746582
0,128173822304234	0,250303268432617	15,9119997024536
0,129038497107103	0,251842010498047	16,011999130249
0,129852298414335	0,253540893554688	16,1119995117188
0,130716958665289	0,255191024780273	16,2119998931885
0,13153075997252	0,257008972167969	16,3120002746582
0,13239543477539	0,258649780273438	16,4120006561279
0,133209221530706	0,260347290039063	16,511999130249
0,134073896333575	0,262156188964844	16,6119995117188
0,13493855658453	0,264043304443359	16,7119998931885
0,135752357891761	0,265609985351563	16,8120002746582
0,136617018142715	0,267298156738281	16,9120006561279
0,137430834001862	0,269025482177734	17,011999130249
0,138295479700901	0,270792236328125	17,1119995117188
0,139109295560047	0,272460968017578	17,2119998931885
0,139973955811001	0,274357299804688	17,3120002746582
0,140787771670148	0,275953002929688	17,4120006561279
0,141601558425464	0,277667449951172	17,511999130249
0,142415359732695	0,279204864501953	17,6119995117188
0,143229175591841	0,280858337402344	17,7119998931885
0,14409382129088	0,282719696044922	17,8120002746582
0,144907637150027	0,284298675537109	17,9120006561279
0,145721438457258	0,286081756591797	18,011999130249
0,146535239764489	0,287673156738281	18,1119995117188
0,147399900015444	0,289340576171875	18,2119998931885
0,148213701322675	0,291053039550781	18,3120002746582
0,149027517181821	0,292832733154297	18,4120006561279
0,14989216288086	0,294520843505859	18,511999130249
0,150705978740007	0,296190765380859	18,6119995117188
0,151570638990961	0,298090057373047	18,7119998931885
0,152384440298192	0,299705627441406	18,8120002746582
0,153249100549147	0,301479064941406	18,9120006561279
0,154062916408293	0,303158782958984	19,011999130249
0,154927562107332	0,305025787353516	19,1119995117188
0,155741377966478	0,306733489990234	19,2119998931885
0,156606038217433	0,308435516357422	19,3120002746582
0,157470698468387	0,310218322753906	19,4120006561279
0,158284499775618	0,311937072753906	19,511999130249
0,159149174578488	0,313639495849609	19,6119995117188
0,159962961333804	0,315522247314453	19,7119998931885
0,160827636136673	0,317183898925781	19,8120002746582
0,161641437443905	0,319121917724609	19,9120006561279
0,162455238751136	0,320515106201172	20,011999130249
0,163269040058367	0,32216943359375	20,1119995117188
0,164082841365598	0,3240087890625	20,2119998931885
0,164896657224745	0,325431365966797	20,3120002746582
0,165710443980061	0,327263488769531	20,4120006561279
0,166524245287292	0,328821655273438	20,511999130249
0,167338061146438	0,330612518310547	20,6119995117188
0,168151862453669	0,332238586425781	20,7119998931885
0,168965649208985	0,333876434326172	20,8120002746582
0,169779465068132	0,335579650878906	20,9120006561279
0,170593266375363	0,3374267578125	21,011999130249
0,171407053130679	0,338906066894531	21,1119995117188
0,172220868989825	0,340693603515625	21,2119998931885
0,17308552924078	0,342461883544922	21,3120002746582
0,173899330548011	0,344202667236328	21,4120006561279
0,174763990798965	0,345855682373047	21,511999130249
0,175577806658112	0,347581909179688	21,6119995117188
0,176442452357151	0,349586242675781	21,7119998931885
0,177256268216297	0,351155303955078	21,8120002746582
0,178120928467251	0,352812408447266	21,9120006561279
0,178934744326398	0,354704254150391	22,011999130249
0,179799390025437	0,356440490722656	22,1119995117188
0,180664064828306	0,358244171142578	22,2119998931885
0,181477866135538	0,359917663574219	22,3120002746582
0,182342526386492	0,361822906494141	22,4120006561279
0,183207201189362	0,363561798095703	22,511999130249
0,184021002496593	0,365329315185547	22,6119995117188
0,184885662747547	0,367036315917969	22,7119998931885
0,185699464054778	0,368692260742188	22,8120002746582
0,186513265362009	0,370609710693359	22,9120006561279
0,187377925612964	0,372236968994141	23,011999130249
0,188191726920195	0,374069732666016	23,1119995117188
0,189005542779341	0,375673858642578	23,2119998931885
0,18987018847838	0,377348297119141	23,3120002746582
0,190684004337527	0,379132568359375	23,4120006561279
0,191497805644758	0,380932922363281	23,511999130249
0,192362465895712	0,382767028808594	23,6119995117188
0,193176267202944	0,384556640625	23,7119998931885
0,193990068510175	0,386045166015625	23,8120002746582
0,194854743313044	0,387965972900391	23,9120006561279
0,19566853006836	0,389632171630859	24,011999130249
0,19653320487123	0,391358154296875	24,1119995117188
0,197347006178461	0,393254791259766	24,2119998931885
0,198211666429415	0,394856353759766	24,3120002746582
0,199025467736647	0,396581207275391	24,4120006561279
0,199839283595793	0,398656524658203	24,511999130249
0,200703929294832	0,400078948974609	24,6119995117188
0,201517745153978	0,402013549804688	24,7119998931885
0,202382405404933	0,403800689697266	24,8120002746582
0,203196206712164	0,405328979492188	24,9120006561279
0,204060866963118	0,407448272705078	25,011999130249
0,204925541765988	0,409260406494141	25,1119995117188
0,205739328521304	0,410943176269531	25,2119998931885
0,20655314438045	0,412407684326172	25,3120002746582
0,207417804631405	0,414451751708984	25,4120006561279
0,208231605938636	0,416026824951172	25,511999130249
0,209045407245867	0,417835784912109	25,6119995117188
0,209859208553098	0,419702728271484	25,7119998931885
0,210673024412245	0,42150244140625	25,8120002746582
0,211486811167561	0,42300830078125	25,9120006561279
0,212300612474792	0,424778228759766	26,011999130249
0,213165287277661	0,426576324462891	26,1119995117188
0,213979074032977	0,428331573486328	26,2119998931885
0,214792889892124	0,429963592529297	26,3120002746582
0,215606691199355	0,431876068115234	26,4120006561279
0,216471366002224	0,433552612304688	26,511999130249
0,21728515275754	0,435354949951172	26,6119995117188
0,218098954064772	0,437102630615234	26,7119998931885
0,218912769923918	0,438909698486328	26,8120002746582
0,219777415622957	0,440694396972656	26,9120006561279
0,220591231482103	0,442356506347656	27,011999130249
0,221455891733058	0,444229339599609	27,1119995117188
0,222269693040289	0,446019653320313	27,2119998931885
0,223134353291243	0,44777587890625	27,3120002746582
0,22394816915039	0,449548583984375	27,4120006561279
0,224812814849429	0,451287200927734	27,511999130249
0,225626630708575	0,453135223388672	27,6119995117188
0,22649129095953	0,455117797851563	27,7119998931885
0,227355951210484	0,456532897949219	27,8120002746582
0,228220626013353	0,458488433837891	27,9120006561279
0,229034427320585	0,460074584960938	28,011999130249
0,229899087571539	0,462133605957031	28,1119995117188
0,230763747822493	0,463582275390625	28,2119998931885
0,23157756368164	0,465482696533203	28,3120002746582
0,232442209380679	0,467189086914063	28,4120006561279
0,233256025239825	0,468845428466797	28,511999130249
0,234069826547056	0,470651916503906	28,6119995117188
0,234883627854288	0,472528167724609	28,7119998931885
0,235697429161519	0,474092376708984	28,8120002746582
0,236562089412473	0,47582470703125	28,9120006561279
0,23737590527162	0,477638702392578	29,011999130249
0,238189692026936	0,479162445068359	29,1119995117188
0,239003493334167	0,481115417480469	29,2119998931885
0,239817309193313	0,482751922607422	29,3120002746582
0,240681954892352	0,484652404785156	29,4120006561279
0,241495770751499	0,486301208496094	29,511999130249
0,24230957205873	0,48803125	29,6119995117188
0,243123373365961	0,489770721435547	29,7119998931885
0,243988033616915	0,491705963134766	29,8120002746582
0,244801834924147	0,493357879638672	29,9120006561279
0,245666509727016	0,495048858642578	30,011999130249
0,246480311034247	0,496973480224609	30,1119995117188
0,247344956733286	0,498546813964844	30,2119998931885
0,248158758040518	0,500421875	30,3120002746582
0,249023432843387	0,502291656494141	30,4120006561279
0,249837234150618	0,504022521972656	30,511999130249
0,250701908953488	0,505727844238281	30,6119995117188
0,251566554652527	0,507538238525391	30,7119998931885
0,252380385063589	0,509114196777344	30,8120002746582
0,25319418637082	0,510849060058594	30,9120006561279
0,254058832069859	0,512740600585938	31,011999130249
0,254872662480921	0,514291564941406	31,1119995117188
0,255686434684321	0,516122863769531	31,2119998931885
0,256500235991552	0,517809936523438	31,3120002746582
0,257314066402614	0,519480285644531	31,4120006561279
0,258127838606015	0,521257995605469	31,511999130249
0,258941639913246	0,522913513183594	31,6119995117188
0,259755470324308	0,524731140136719	31,7119998931885
0,260569242527708	0,526227966308594	31,8120002746582
0,26138304383494	0,528203918457031	31,9120006561279
0,262247718637809	0,529802734375	32,0120010375977
0,26306151994504	0,531473327636719	32,1119995117188
0,263875321252272	0,533157287597656	32,2120018005371
0,264689122559503	0,535031921386719	32,3120002746582
0,265553797362372	0,536714477539063	32,4119987487793
0,266367598669603	0,538476684570313	32,5120010375977
0,267181399976835	0,540133483886719	32,6119995117188
0,268046045675874	0,541909729003906	32,7120018005371
0,268859876086935	0,543675964355469	32,8120002746582
0,269724521785975	0,545492309570313	32,9119987487793
0,270538323093206	0,547056518554688	33,0120010375977
0,271402997896075	0,548690734863281	33,1119995117188
0,272216799203306	0,550664245605469	33,2120018005371
0,273081444902346	0,552369934082031	33,3120002746582
0,273895275313407	0,554104614257813	33,4119987487793
0,274759921012446	0,555875305175781	33,5120010375977
0,275573722319677	0,557671081542969	33,6119995117188
0,276438397122547	0,559392395019531	33,7120018005371
0,277252198429778	0,561045043945313	33,8120002746582
0,278116844128817	0,562945617675781	33,9119987487793
0,278930674539879	0,564878784179688	34,0120010375977
0,27974447584711	0,566521301269531	34,1119995117188
0,280558248050511	0,568324951171875	34,2120018005371
0,281422951957211	0,569997619628906	34,3120002746582
0,282236724160612	0,571693481445313	34,4119987487793
0,283050525467843	0,573462219238281	34,5120010375977
0,283864355878904	0,575075073242188	34,6119995117188
0,284678128082305	0,576809814453125	34,7120018005371
0,285542802885175	0,578786682128906	34,8120002746582
0,286356604192406	0,580321533203125	34,9119987487793
0,287170405499637	0,582160217285156	35,0120010375977
0,288035051198676	0,583847351074219	35,1119995117188
0,288848881609738	0,585591857910156	35,2120018005371
0,289662682916969	0,587440063476563	35,3120002746582
0,290527357719839	0,589245849609375	35,4119987487793
0,29134115902707	0,591016845703125	35,5120010375977
0,292205804726109	0,5927197265625	35,6119995117188
0,293019635137171	0,594358337402344	35,7120018005371
0,29388428083621	0,596351135253906	35,8120002746582
0,294698082143441	0,597999328613281	35,9119987487793
0,29556275694631	0,5996376953125	36,0120010375977
0,296376558253542	0,601547302246094	36,1119995117188
0,297241203952581	0,603221435546875	36,2120018005371
0,29810587875545	0,6051513671875	36,3120002746582
0,298919680062681	0,606697814941406	36,4119987487793
0,299733481369913	0,608634765625	36,5120010375977
0,300598156172782	0,610375732421875	36,6119995117188
0,301411957480013	0,611958679199219	36,7120018005371
0,302225729683414	0,613771057128906	36,8120002746582
0,303039560094476	0,615401611328125	36,9119987487793
0,303853361401707	0,617361206054688	37,0120010375977
0,304667133605108	0,618867309570313	37,1119995117188
0,305480964016169	0,620506896972656	37,2120018005371
0,306294765323401	0,622238952636719	37,3120002746582
0,307108537526801	0,6241181640625	37,4119987487793
0,307973241433501	0,625835327148438	37,5120010375977
0,308787013636902	0,627465637207031	37,6119995117188
0,309600844047964	0,629021362304688	37,7120018005371
0,310414645355195	0,630846618652344	37,8120002746582
0,311228417558596	0,632688354492188	37,9119987487793
0,312093121465296	0,634171630859375	38,0120010375977
0,312906893668696	0,635974670410156	38,1119995117188
0,313771568471566	0,637886901855469	38,2120018005371
0,314585369778797	0,639652160644531	38,3120002746582
0,315450044581667	0,641402587890625	38,4119987487793
0,316263816785067	0,642900268554688	38,5120010375977
0,317128520691767	0,644753356933594	38,6119995117188
0,317942292895168	0,646726806640625	38,7120018005371
0,318806967698038	0,648253784179688	38,8120002746582
0,319671642500907	0,650240234375	38,9119987487793
0,320485443808138	0,651781066894531	39,0120010375977
0,321350089507177	0,653654724121094	39,1119995117188
0,322163919918239	0,655330139160156	39,2120018005371
0,323028565617278	0,656995178222656	39,3120002746582
0,323842366924509	0,658826721191406	39,4119987487793
0,324707041727379	0,660656311035156	39,5120010375977
0,32552084303461	0,662234008789063	39,6119995117188
0,326334615238011	0,6639912109375	39,7120018005371
0,327148445649073	0,665711791992188	39,8120002746582
0,328013091348112	0,66738671875	39,9119987487793
0,328826892655343	0,6690751953125	40,0120010375977
0,329640723066404	0,670715209960938	40,1119995117188
0,330454495269805	0,672559204101563	40,2120018005371
0,331319170072675	0,674203247070313	40,3120002746582
0,332132971379906	0,675835876464844	40,4119987487793
0,332946772687137	0,677639526367188	40,5120010375977
0,333760603098199	0,679160339355469	40,6119995117188
0,334625248797238	0,681199523925781	40,7120018005371
0,335439050104469	0,682732177734375	40,8120002746582
0,3362528514117	0,684849182128906	40,9119987487793
0,33711752621457	0,686161254882813	41,0120010375977
0,337931298417971	0,688141418457031	41,1119995117188
0,338796002324671	0,689792602539063	41,2120018005371
0,339609774528071	0,691523376464844	41,3120002746582
0,340474449330941	0,692875305175781	41,4119987487793
0,341288250638172	0,694814758300781	41,5120010375977
0,342152925441042	0,696507263183594	41,6119995117188
0,342966697644442	0,698265808105469	41,7120018005371
0,343831401551142	0,700119140625	41,8120002746582
0,344645173754543	0,701732543945313	41,9119987487793
0,345509848557413	0,703480529785156	42,0120010375977
0,346323649864644	0,705033874511719	42,1119995117188
0,347137451171875	0,706791320800781	42,2120018005371
0,347951252479106	0,708498413085938	42,3120002746582
0,348815927281976	0,710054565429688	42,4119987487793
0,349629728589207	0,711852111816406	42,5120010375977
0,350443500792608	0,713529296875	42,6119995117188
0,351257331203669	0,715205261230469	42,7120018005371
0,352071132510901	0,716877746582031	42,8120002746582
0,352884904714301	0,718651672363281	42,9119987487793
0,353698735125363	0,720237121582031	43,0120010375977
0,354512536432594	0,72202001953125	43,1119995117188
0,355326337739825	0,723529541015625	43,2120018005371
0,356140139047056	0,725305847167969	43,3120002746582
0,356953940354288	0,727042541503906	43,4119987487793
0,357767741661519	0,728731323242188	43,5120010375977
0,358632416464388	0,730388549804688	43,6119995117188
0,359446188667789	0,732113830566406	43,7120018005371
0,360310892574489	0,733882507324219	43,8120002746582
0,36112466477789	0,735458312988281	43,9119987487793
0,361938466085121	0,737244262695313	44,0120010375977
0,362803140887991	0,738929321289063	44,1119995117188
0,36366781569086	0,740497985839844	44,2120018005371
0,364481587894261	0,742251708984375	44,3120002746582
0,365346291800961	0,744050415039063	44,4119987487793
0,366160064004362	0,74593408203125	44,5120010375977
0,367024738807231	0,747657958984375	44,6119995117188
0,367889413610101	0,749384887695313	44,7120018005371
0,368703214917332	0,7511337890625	44,8120002746582
0,369567860616371	0,752766967773438	44,9119987487793
0,370381691027433	0,754547668457031	45,0120010375977
0,371246336726472	0,756151123046875	45,1119995117188
0,372060138033703	0,757971801757813	45,2120018005371
0,372873939340934	0,75965966796875	45,3120002746582
0,373687740648165	0,761284545898438	45,4119987487793
0,374552386347204	0,762901306152344	45,5120010375977
0,375366216758266	0,764707275390625	45,6119995117188
0,376180018065497	0,766409912109375	45,7120018005371
0,376993819372728	0,767954956054688	45,8120002746582
0,377858494175598	0,769632080078125	45,9119987487793
0,378672266378999	0,771358703613281	46,0120010375977
0,37948609679006	0,773077026367188	46,1119995117188
0,3803507424891	0,774685913085938	46,2120018005371
0,381164543796331	0,77624169921875	46,3120002746582
0,381978374207392	0,777950561523438	46,4119987487793
0,382843019906431	0,779643127441406	46,5120010375977
0,383656821213663	0,781732788085938	46,6119995117188
0,384521496016532	0,783172119140625	46,7120018005371
0,385335297323763	0,784816528320313	46,8120002746582
0,386199943022802	0,786694030761719	46,9119987487793
0,387013773433864	0,788330322265625	47,0120010375977
0,387827545637265	0,789912170410156	47,1119995117188
0,388692220440134	0,791653930664063	47,2120018005371
0,389506021747366	0,793341735839844	47,3120002746582
0,390370696550235	0,794952819824219	47,4119987487793
0,391184468753636	0,796682556152344	47,5120010375977
0,391998299164698	0,798284790039063	47,6119995117188
0,392862944863737	0,800232666015625	47,7120018005371
0,393676746170968	0,801666625976563	47,8120002746582
0,394490576582029	0,803547485351563	47,9119987487793
0,39530434878543	0,805190124511719	48,0120010375977
0,396118150092661	0,806697692871094	48,1119995117188
0,396931980503723	0,808406555175781	48,2120018005371
0,397745752707124	0,810189697265625	48,3120002746582
0,398559583118185	0,81185107421875	48,4119987487793
0,399424228817225	0,813430603027344	48,5120010375977
0,400238030124456	0,814872497558594	48,6119995117188
0,401051860535517	0,816831176757813	48,7120018005371
0,401865632738918	0,818444274902344	48,8120002746582
0,402679434046149	0,819943481445313	48,9119987487793
0,403493264457211	0,821763916015625	49,0120010375977
0,40435791015625	0,823301818847656	49,1119995117188
0,405171711463481	0,825136047363281	49,2120018005371
0,405985512770712	0,826617309570313	49,3120002746582
0,406799314077944	0,828337280273438	49,4119987487793
0,407663959776983	0,830109436035156	49,5120010375977
0,408477790188044	0,831753051757813	49,6119995117188
0,409342435887083	0,833491027832031	49,7120018005371
0,410156237194315	0,835047180175781	49,8120002746582
0,411020911997184	0,836713134765625	49,9119987487793
0,411885586800054	0,838755249023438	50,0120010375977
0,412750232499093	0,84030419921875	50,1119995117188
0,413614907301962	0,842136962890625	50,2120018005371
0,414479582104832	0,843910278320313	50,3120002746582
0,415293354308233	0,845521911621094	50,4119987487793
0,416158058214933	0,847184509277344	50,5120010375977
0,417022703913972	0,848908264160156	50,6119995117188
0,417836505221203	0,850659790039063	50,7120018005371
0,418701180024073	0,852325500488281	50,8120002746582
0,419514981331304	0,854012329101563	50,9119987487793
0,420328753534704	0,855598022460938	51,0120010375977
0,421193457441404	0,857137390136719	51,1119995117188
0,422007229644805	0,859073791503906	51,2120018005371
0,422821030952036	0,860434020996094	51,3120002746582
0,423634861363098	0,862266052246094	51,4119987487793
0,424448633566499	0,8637548828125	51,5120010375977
0,42526246397756	0,865311645507813	51,6119995117188
0,4261271096766	0,867054077148438	51,7120018005371
0,426940910983831	0,868702819824219	51,8120002746582
0,427754741394892	0,870374877929688	51,9119987487793
0,428568513598293	0,871883728027344	52,0120010375977
0,429433188401163	0,873736389160156	52,1119995117188
0,430246989708394	0,875367248535156	52,2120018005371
0,431060791015625	0,87716455078125	52,3120002746582
0,431925436714664	0,878776611328125	52,4119987487793
0,432739267125726	0,880334045410156	52,5120010375977
0,433603912824765	0,882150207519531	52,6119995117188
0,434417714131996	0,883913513183594	52,7120018005371
0,435282388934866	0,885482727050781	52,8120002746582
0,436096190242097	0,887162719726563	52,9119987487793
0,436960835941136	0,888742126464844	53,0120010375977
0,437774666352198	0,890583435058594	53,1119995117188
0,438588467659429	0,892167297363281	53,2120018005371
0,439453113358468	0,894147216796875	53,3120002746582
0,440266943769529	0,895645141601563	53,4119987487793
0,44108071597293	0,897259643554688	53,5120010375977
0,441894517280161	0,898917785644531	53,6119995117188
0,442708347691223	0,90033984375	53,7120018005371
0,443522119894624	0,902005249023438	53,8120002746582
0,444335950305685	0,903617614746094	53,9119987487793
0,445149751612917	0,905205078125	54,0120010375977
0,445963523816317	0,90685546875	54,1119995117188
0,446777354227379	0,908653381347656	54,2120018005371
0,44759115553461	0,910258239746094	54,3120002746582
0,448404927738011	0,911642578125	54,4119987487793
0,449218758149073	0,913308044433594	54,5120010375977
0,450032559456304	0,914987609863281	54,6119995117188
0,450897205155343	0,916566284179688	54,7120018005371
0,451711035566404	0,918141845703125	54,8120002746582
0,452524807769805	0,919843994140625	54,9119987487793
0,453389482572675	0,921423034667969	55,0120010375977
0,454203283879906	0,923115173339844	55,1119995117188
0,455017085187137	0,924831909179688	55,2120018005371
0,455881730886176	0,926369689941406	55,3120002746582
0,456695561297238	0,928153869628906	55,4119987487793
0,457560206996277	0,929831726074219	55,5120010375977
0,458424881799147	0,931411376953125	55,6119995117188
0,459289556602016	0,93306591796875	55,7120018005371
0,460103357909247	0,934702758789063	55,8120002746582
0,460968003608286	0,936457336425781	55,9119987487793
0,461832678411156	0,937972290039063	56,0120010375977
0,462646479718387	0,939779052734375	56,1119995117188
0,463511125417426	0,941419921875	56,2120018005371
0,464324955828488	0,943017272949219	56,3120002746582
0,465138757135719	0,944732727050781	56,4119987487793
0,466003431938589	0,946277709960938	56,5120010375977
0,46681723324582	0,948022155761719	56,6119995117188
0,467631005449221	0,949574157714844	56,7120018005371
0,468444835860282	0,951318664550781	56,8120002746582
0,469258637167513	0,952782592773438	56,9119987487793
0,470072409370914	0,9544345703125	57,0120010375977
0,470937113277614	0,956104919433594	57,1119995117188
0,471750885481015	0,957785095214844	57,2120018005371
0,472564686788246	0,959450256347656	57,3120002746582
0,473378517199308	0,961027465820313	57,4119987487793
0,474243162898347	0,962672668457031	57,5120010375977
0,475056964205578	0,964393371582031	57,6119995117188
0,475921639008448	0,965972595214844	57,7120018005371
0,476735440315679	0,967515563964844	57,8120002746582
0,477600086014718	0,969347290039063	57,9119987487793
0,478413916425779	0,970861633300781	58,0120010375977
0,47922768862918	0,972544372558594	58,1119995117188
0,48009236343205	0,974015625	58,2120018005371
0,480906164739281	0,975769165039063	58,3120002746582
0,481770839542151	0,977378112792969	58,4119987487793
0,482584611745551	0,9792099609375	58,5120010375977
0,483449315652251	0,9807021484375	58,6119995117188
0,484263087855652	0,982293579101563	58,7120018005371
0,485076918266714	0,984079284667969	58,8120002746582
0,485941563965753	0,985727661132813	58,9119987487793
0,486755365272984	0,987114868164063	59,0120010375977
0,487569195684046	0,98865673828125	59,1119995117188
0,488382938783616	0,990560668945313	59,2120018005371
0,489196798298508	0,992012145996094	59,3120002746582
0,490010599605739	0,993557678222656	59,4119987487793
0,490824342705309	0,995175231933594	59,5120010375977
0,491638202220201	0,996894958496094	59,6119995117188
0,492452003527433	0,998310791015625	59,7120018005371
0,493316678330302	0,999974792480469	59,8120002746582
0,494130479637533	1,00161590576172	59,9119987487793
0,494944222737104	1,00331018066406	60,0120010375977
0,495758082251996	1,00490765380859	60,1119995117188
0,496571883559227	1,00648791503906	60,2120018005371
0,497436500154436	1,00805798339844	60,3120002746582
0,498250359669328	1,00968621826172	60,4119987487793
0,499064102768898	1,01145922851563	60,5120010375977
0,499928777571768	1,01309436035156	60,6119995117188
0,500793452374637	1,01477758789063	60,7120018005371
0,501607253681868	1,01642602539063	60,8120002746582
0,502471928484738	1,01810754394531	60,9119987487793
0,503336603287607	1,01980010986328	61,0120010375977
0,504150404594839	1,02151483154297	61,1119995117188
0,505015079397708	1,02304217529297	61,2120018005371
0,505828880704939	1,02463647460938	61,3120002746582
0,506693555507809	1,02640356445313	61,4119987487793
0,507558172103018	1,02803247070313	61,5120010375977
0,50837203161791	1,0296494140625	61,6119995117188
0,509236648213118	1,03121752929688	61,7120018005371
0,51005044952035	1,03300915527344	61,8120002746582
0,510864250827581	1,03440893554688	61,9119987487793
0,51172892563045	1,03602941894531	62,0120010375977
0,512542726937681	1,03762634277344	62,1119995117188
0,513356528244913	1,03916931152344	62,2120018005371
0,514170329552144	1,04074865722656	62,3120002746582
0,514984130859375	1,04246166992188	62,4119987487793
0,515797932166606	1,04394958496094	62,5120010375977
0,516662606969476	1,04545056152344	62,6119995117188
0,517476408276707	1,04715063476563	62,7120018005371
0,518290209583938	1,04863439941406	62,8120002746582
0,519104010891169	1,05037963867188	62,9119987487793
0,519917812198401	1,052017578125	63,0120010375977
0,52078248700127	1,05364196777344	63,1119995117188
0,52159623010084	1,05529504394531	63,2120018005371
0,522460963111371	1,05692395019531	63,3120002746582
0,523274706210941	1,0584677734375	63,4119987487793
0,524088565725833	1,0599970703125	63,5120010375977
0,524953182321042	1,06168713378906	63,6119995117188
0,525767041835934	1,06341955566406	63,7120018005371
0,526631658431143	1,064919921875	63,8120002746582
0,527445517946035	1,06648986816406	63,9119987487793
0,528310134541243	1,06812255859375	64,0120010375977
0,529123935848475	1,069701171875	64,1119995117188
0,529988610651344	1,07142016601563	64,2119979858398
0,530853285454214	1,07308190917969	64,3119964599609
0,531667028553784	1,07470678710938	64,4120025634766
0,532480888068676	1,07629431152344	64,5120010375977
0,533345504663885	1,0777822265625	64,6119995117188
0,534159364178777	1,07948046875	64,7119979858398
0,534973165486008	1,08104821777344	64,8119964599609
0,535786908585578	1,08262878417969	64,9120025634766
0,53660076810047	1,08413256835938	65,0120010375977
0,537414569407701	1,08556921386719	65,1119995117188
0,538228312507272	1,08718811035156	65,2119979858398
0,539042172022164	1,08871655273438	65,3119964599609
0,539855973329395	1,09029614257813	65,4120025634766
0,540669716428965	1,09188671875	65,5120010375977
0,541483575943857	1,09347839355469	65,6119995117188
0,542297377251089	1,09509497070313	65,7119979858398
0,543111120350659	1,09679455566406	65,8119964599609
0,543975853361189	1,09818432617188	65,9120025634766
0,54478959646076	1,09986340332031	66,0120010375977
0,545654271263629	1,10143310546875	66,1119995117188
0,54646807257086	1,10305090332031	66,2119979858398
0,54733274737373	1,10471520996094	66,3119964599609
0,548146548680961	1,10619018554688	66,4120025634766
0,549011223483831	1,10774462890625	66,5120010375977
0,549825024791062	1,10951171875	66,6119995117188
0,550689699593931	1,11117980957031	66,7119979858398
0,551554374396801	1,1127490234375	66,8119964599609
0,55241899099201	1,11439208984375	66,9120025634766
0,553232850506902	1,11603332519531	67,0120010375977
0,55409746710211	1,11764135742188	67,1119995117188
0,554911326617002	1,11923669433594	67,2119979858398
0,555775943212211	1,12068615722656	67,3119964599609
0,556589802727103	1,1222939453125	67,4120025634766
0,557454419322312	1,123900390625	67,5120010375977
0,558268220629543	1,12561901855469	67,6119995117188
0,559082021936774	1,1272939453125	67,7119979858398
0,559895823244005	1,12871899414063	67,8119964599609
0,560760498046875	1,13036706542969	67,9120025634766
0,561574299354106	1,13176281738281	68,0120010375977
0,562388100661337	1,13336633300781	68,1119995117188
0,563201901968569	1,13481872558594	68,2119979858398
0,5640157032758	1,13666918945313	68,3119964599609
0,564880378078669	1,13806323242188	68,4120025634766
0,565694179385901	1,13944934082031	68,5120010375977
0,566507980693132	1,14106652832031	68,6119995117188
0,567321782000363	1,14265832519531	68,7119979858398
0,568186456803232	1,14426525878906	68,8119964599609
0,569000258110464	1,1459228515625	68,9120025634766
0,569814001210034	1,14751159667969	69,0120010375977
0,570678734220564	1,14890173339844	69,1119995117188
0,571492477320135	1,15070886230469	69,2119979858398
0,572357152123004	1,15217907714844	69,3119964599609
0,573221885133535	1,15368054199219	69,4120025634766
0,574035628233105	1,15531872558594	69,5120010375977
0,574900303035975	1,15702136230469	69,6119995117188
0,575714104343206	1,15857678222656	69,7119979858398
0,576578779146075	1,16012670898438	69,8119964599609
0,577392580453306	1,16169885253906	69,9120025634766
0,578257255256176	1,1630615234375	70,0120010375977
0,579071056563407	1,16459045410156	70,1119995117188
0,579884799662977	1,16629357910156	70,2119979858398
0,58069865917787	1,16780261230469	70,3119964599609
0,581512460485101	1,16915417480469	70,4120025634766
0,582326261792332	1,17070495605469	70,5120010375977
0,583140063099563	1,17227807617188	70,6119995117188
0,583953864406794	1,17383837890625	70,7119979858398
0,584767665714026	1,17534252929688	70,8119964599609
0,585581467021257	1,17696838378906	70,9120025634766
0,586395268328488	1,17820007324219	71,0120010375977
0,587209069635719	1,17987438964844	71,1119995117188
0,58802287094295	1,18134997558594	71,2119979858398
0,588836672250181	1,18283093261719	71,3119964599609
0,589650473557413	1,18446081542969	71,4120025634766
0,590515148360282	1,18595581054688	71,5120010375977
0,591328891459852	1,18750817871094	71,6119995117188
0,592142750974745	1,189091796875	71,7119979858398
0,593007367569953	1,19064245605469	71,8119964599609
0,593821227084845	1,19228820800781	71,9120025634766
0,594685843680054	1,19386865234375	72,0120010375977
0,595499703194946	1,1953759765625	72,1119995117188
0,596364319790155	1,19693225097656	72,2119979858398
0,597228994593024	1,19857641601563	72,3119964599609
0,598093669395894	1,2001298828125	72,4120025634766
0,598907470703125	1,20164562988281	72,5120010375977
0,599772145505995	1,20321618652344	72,6119995117188
0,600636762101203	1,2049013671875	72,7119979858398
0,601450621616095	1,20641821289063	72,8119964599609
0,602315238211304	1,20813342285156	72,9120025634766
0,603129097726196	1,20963232421875	73,0120010375977
0,603993714321405	1,21121252441406	73,1119995117188
0,604807573836297	1,21280212402344	73,2119979858398
0,605621316935867	1,21410168457031	73,3119964599609
0,606435118243098	1,21575769042969	73,4120025634766
0,607299793045968	1,21738977050781	73,5120010375977
0,608113594353199	1,21882067871094	73,6119995117188
0,608927453868091	1,22038208007813	73,7119979858398
0,609741196967661	1,22193908691406	73,8119964599609
0,610605871770531	1,22358666992188	73,9120025634766
0,611419673077762	1,22504016113281	74,0120010375977
0,612233474384993	1,22650280761719	74,1119995117188
0,613098149187863	1,22815966796875	74,2119979858398
0,613911950495094	1,229595703125	74,3119964599609
0,614776625297964	1,23120385742188	74,4120025634766
0,615590368397534	1,23260534667969	74,5120010375977
0,616404227912426	1,23424536132813	74,6119995117188
0,617268844507635	1,23581567382813	74,7119979858398
0,618133519310504	1,23732641601563	74,8119964599609
0,618947320617735	1,23883264160156	74,9120025634766
0,619761180132627	1,24044360351563	75,0120010375977
0,620625796727836	1,24177404785156	75,1119995117188
0,621439656242728	1,24345007324219	75,2119979858398
0,622304272837937	1,24486071777344	75,3119964599609
0,623118074145168	1,24655297851563	75,4120025634766
0,623982748948038	1,247955078125	75,5120010375977
0,624796550255269	1,24959948730469	75,6119995117188
0,6256103515625	1,25103833007813	75,7119979858398
0,626424152869731	1,25246044921875	75,8119964599609
0,627237954176962	1,25389270019531	75,9120025634766
0,628051755484194	1,25549975585938	76,0120010375977
0,628865556791425	1,25699926757813	76,1119995117188
0,629679358098656	1,25848645019531	76,2119979858398
0,630493159405887	1,25998266601563	76,3119964599609
0,631306960713118	1,26152941894531	76,4120025634766
0,632171635515988	1,263	76,5120010375977
0,632985436823219	1,26444702148438	76,6119995117188
0,63379923813045	1,26580358886719	76,7119979858398
0,634613039437681	1,26731921386719	76,8119964599609
0,635426840744913	1,26880407714844	76,9120025634766
0,636240642052144	1,27032080078125	77,0120010375977
0,637054443359375	1,27181298828125	77,1119995117188
0,637919118162245	1,27291381835938	77,2119979858398
0,638732919469476	1,27499377441406	77,3119964599609
0,639546720776707	1,27623352050781	77,4120025634766
0,640411395579576	1,27789929199219	77,5120010375977
0,641276070382446	1,27929858398438	77,6119995117188
0,642089871689677	1,28078771972656	77,7119979858398
0,642954546492547	1,28264343261719	77,8119964599609
0,643819163087755	1,28382727050781	77,9120025634766
0,644633022602648	1,28543139648438	78,0120010375977
0,645497639197856	1,28721325683594	78,1119995117188
0,646362314000726	1,2887060546875	78,2119979858398
0,647176115307957	1,2902451171875	78,3119964599609
0,648040790110826	1,29173413085938	78,4120025634766
0,648905464913696	1,29319250488281	78,5120010375977
0,649719266220927	1,29467028808594	78,6119995117188
0,650533009320498	1,296283203125	78,7119979858398
0,651397684123367	1,29765441894531	78,8119964599609
0,652211485430598	1,29921166992188	78,9120025634766
0,65302534494549	1,300611328125	79,0120010375977
0,653839088045061	1,30208813476563	79,1119995117188
0,654652889352292	1,30355712890625	79,2119979858398
0,655517564155161	1,30528845214844	79,3119964599609
0,656331365462393	1,30658239746094	79,4120025634766
0,657145224977285	1,30817504882813	79,5120010375977
0,657958968076855	1,30958703613281	79,6119995117188
0,658823642879725	1,31117980957031	79,7119979858398
0,659637444186956	1,31266052246094	79,8119964599609
0,660451245494187	1,31399365234375	79,9120025634766
0,661315920297056	1,31572277832031	80,0120010375977
0,662129721604288	1,31705810546875	80,1119995117188
0,662994396407157	1,31852758789063	80,2119979858398
0,663808139506727	1,32018737792969	80,3119964599609
0,66462199902162	1,32159484863281	80,4120025634766
0,665486615616828	1,32319482421875	80,5120010375977
0,66630047513172	1,32456335449219	80,6119995117188
0,667165091726929	1,3262421875	80,7119979858398
0,667978951241821	1,32778332519531	80,8119964599609
0,66884356783703	1,32908251953125	80,9120025634766
0,669657427351922	1,33047143554688	81,0120010375977
0,670471170451492	1,33197546386719	81,1119995117188
0,671335903462023	1,33353540039063	81,2119979858398
0,672149646561593	1,33492687988281	81,3119964599609
0,672963447868824	1,33660693359375	81,4120025634766
0,673777307383716	1,33808178710938	81,5120010375977
0,674591050483286	1,33955847167969	81,6119995117188
0,675404851790518	1,34080322265625	81,7119979858398
0,67621871130541	1,34228161621094	81,8119964599609
0,67703245440498	1,3435810546875	81,9120025634766
0,677846255712211	1,34525866699219	82,0120010375977
0,678660115227103	1,34652478027344	82,1119995117188
0,679524731822312	1,34808190917969	82,2119979858398
0,680338533129543	1,34956774902344	82,3119964599609
0,681152334436774	1,35093029785156	82,4120025634766
0,681966135744005	1,35241796875	82,5120010375977
0,682779995258898	1,3538818359375	82,6119995117188
0,683644611854106	1,35521276855469	82,7119979858398
0,684458413161337	1,35675451660156	82,8119964599609
0,685272214468569	1,35812902832031	82,9120025634766
0,686136889271438	1,3595703125	83,0120010375977
0,686950690578669	1,36109765625	83,1119995117188
0,687815365381539	1,36259948730469	83,2119979858398
0,688679981976748	1,3641240234375	83,3119964599609
0,68949384149164	1,36572497558594	83,4120025634766
0,690358458086848	1,36720556640625	83,5120010375977
0,691223132889718	1,36873425292969	83,6119995117188
0,692087807692587	1,37027978515625	83,7119979858398
0,692952482495457	1,37160534667969	83,8119964599609
0,693766283802688	1,37320434570313	83,9120025634766
0,694630900397897	1,37474621582031	84,0120010375977
0,695444759912789	1,3761650390625	84,1119995117188
0,696309376507998	1,37744213867188	84,2119979858398
0,69712323602289	1,37905090332031	84,3119964599609
0,697937037330121	1,38049792480469	84,4120025634766
0,698750780429691	1,38175305175781	84,5120010375977
0,699564639944583	1,38341711425781	84,6119995117188
0,700378441251814	1,38484252929688	84,7119979858398
0,701243116054684	1,38603698730469	84,8119964599609
0,702056859154254	1,38763024902344	84,9120025634766
0,702870660461485	1,38911645507813	85,0120010375977
0,703684519976377	1,39037670898438	85,1119995117188
0,704498263075948	1,39204028320313	85,2119979858398
0,705312064383179	1,39339624023438	85,3119964599609
0,706176739186049	1,39496130371094	85,4120025634766
0,70699054049328	1,3963212890625	85,5120010375977
0,707804400008172	1,39772595214844	85,6119995117188
0,70866901660338	1,39919470214844	85,7119979858398
0,709482876118273	1,40063073730469	85,8119964599609
0,710347492713481	1,40219018554688	85,9120025634766
0,711161294020712	1,40349816894531	86,0120010375977
0,711975095327944	1,40502807617188	86,1119995117188
0,712839770130813	1,40645263671875	86,2119979858398
0,713653571438044	1,407947265625	86,3119964599609
0,714518246240914	1,4093916015625	86,4120025634766
0,715332047548145	1,41087060546875	86,5120010375977
0,716196722351015	1,41233898925781	86,6119995117188
0,717010523658246	1,4137451171875	86,7119979858398
0,717875198461115	1,41532250976563	86,8119964599609
0,718688941560686	1,41655126953125	86,9120025634766
0,719502742867917	1,41796960449219	87,0120010375977
0,720316602382809	1,419390625	87,1119995117188
0,721130345482379	1,42080737304688	87,2119979858398
0,72194414678961	1,42223742675781	87,3119964599609
0,722758006304502	1,423458984375	87,4120025634766
0,723571749404073	1,42489294433594	87,5120010375977
0,724385550711304	1,4263583984375	87,6119995117188
0,725199410226196	1,42775854492188	87,7119979858398
0,726013211533427	1,42901354980469	87,8119964599609
0,726826954632998	1,43050158691406	87,9120025634766
0,72764081414789	1,4317890625	88,0120010375977
0,728454615455121	1,43329333496094	88,1119995117188
0,72931929025799	1,43462927246094	88,2119979858398
0,730133033357561	1,43606591796875	88,3119964599609
0,730946834664792	1,43767419433594	88,4120025634766
0,731811509467661	1,43902587890625	88,5120010375977
0,732625310774893	1,44042736816406	88,6119995117188
0,733439170289785	1,441966796875	88,7119979858398
0,734303786884993	1,44330554199219	88,8119964599609
0,735168461687863	1,4447587890625	88,9120025634766
0,736033136490732	1,44615856933594	89,0120010375977
0,736897753085941	1,44771813964844	89,1119995117188
0,737762427888811	1,44919519042969	89,2119979858398
0,738576229196042	1,45061267089844	89,3119964599609
0,739440903998911	1,45215673828125	89,4120025634766
0,740305578801781	1,45358654785156	89,5120010375977
0,741119380109012	1,45497509765625	89,6119995117188
0,741933181416243	1,45644848632813	89,7119979858398
0,742797856219113	1,45771960449219	89,8119964599609
0,743611657526344	1,45921215820313	89,9120025634766
0,744425458833575	1,460671875	90,0120010375977
0,745290075428784	1,46203686523438	90,1119995117188
0,746103934943676	1,4632880859375	90,2119979858398
0,746917736250907	1,46471411132813	90,3119964599609
0,747731479350477	1,46604418945313	90,4120025634766
0,74854533886537	1,46756811523438	90,5120010375977
0,749409955460578	1,46880395507813	90,6119995117188
0,75022381497547	1,47033752441406	90,7119979858398
0,751037616282701	1,47163146972656	90,8119964599609
0,751851359382272	1,47307934570313	90,9120025634766
0,752716092392802	1,47448425292969	91,0120010375977
0,753529835492373	1,47593957519531	91,1119995117188
0,754343695007265	1,47726123046875	91,2119979858398
0,755208311602473	1,47881750488281	91,3119964599609
0,756022171117365	1,4801533203125	91,4120025634766
0,756835914216936	1,48137219238281	91,5120010375977
0,757700647227466	1,48287939453125	91,6119995117188
0,758514390327036	1,48430920410156	91,7119979858398
0,759379065129906	1,4856474609375	91,8119964599609
0,760243739932776	1,48708984375	91,9120025634766
0,761057541240007	1,488404296875	92,0120010375977
0,761922157835215	1,49009655761719	92,1119995117188
0,762736017350107	1,49128369140625	92,2119979858398
0,763549818657339	1,49277307128906	92,3119964599609
0,764414493460208	1,49408251953125	92,4120025634766
0,765228294767439	1,49531762695313	92,5120010375977
0,76604203786701	1,49671398925781	92,6119995117188
0,766855897381902	1,49812841796875	92,7119979858398
0,767669698689133	1,49943225097656	92,8119964599609
0,768432626500726	1,50085900878906	92,9120025634766
0,769246427807957	1,50223388671875	93,0120010375977
0,770060229115188	1,50340979003906	93,1119995117188
0,770874030422419	1,50476623535156	93,2119979858398
0,771738705225289	1,50605102539063	93,3119964599609
0,77255250653252	1,50750012207031	93,4120025634766
0,77336624963209	1,50881970214844	93,5120010375977
0,774180109146982	1,51020239257813	93,6119995117188
0,775044725742191	1,51169555664063	93,7119979858398
0,775858585257083	1,51293103027344	93,8119964599609
0,776672386564314	1,51423547363281	93,9120025634766
0,777537061367184	1,51576147460938	94,0120010375977
0,778350804466754	1,51714672851563	94,1119995117188
0,779215537477285	1,51859033203125	94,2119979858398
0,780080154072493	1,52007922363281	94,3119964599609
0,780893955379725	1,52131518554688	94,4120025634766
0,781758630182594	1,52264465332031	94,5120010375977
0,782572431489825	1,52399670410156	94,6119995117188
0,783437048085034	1,52556958007813	94,7119979858398
0,784301781095564	1,52712585449219	94,8119964599609
0,785166455898434	1,52832849121094	94,9120025634766
0,786031072493643	1,52995324707031	95,0120010375977
0,786844932008535	1,53111108398438	95,1119995117188
0,787709548603743	1,53243823242188	95,2119979858398
0,788523349910975	1,53410192871094	95,3119964599609
0,789388024713844	1,53532116699219	95,4120025634766
0,790201826021075	1,53681945800781	95,5120010375977
0,791015627328306	1,53796301269531	95,6119995117188
0,791829428635538	1,53935595703125	95,7119979858398
0,792694103438407	1,54056298828125	95,8119964599609
0,793507846537977	1,54194909667969	95,9120025634766
0,79432170605287	1,54314404296875	96,0120010375977
0,795135507360101	1,54463305664063	96,1119995117188
0,795949308667332	1,54605322265625	96,2119979858398
0,796813983470201	1,54732824707031	96,3119964599609
0,797627726569772	1,54865979003906	96,4120025634766
0,798441586084664	1,54998046875	96,5120010375977
0,799306202679873	1,55116906738281	96,6119995117188
0,800120062194765	1,55261962890625	96,7119979858398
0,800933863501996	1,55393371582031	96,8119964599609
0,801747606601566	1,55525866699219	96,9120025634766
0,802612281404436	1,55669445800781	97,0120010375977
0,803426082711667	1,55808972167969	97,1119995117188
0,804290757514536	1,55924096679688	97,2119979858398
0,805104558821768	1,56059948730469	97,3119964599609
0,805969233624637	1,5619638671875	97,4120025634766
0,806833908427507	1,56336499023438	97,5120010375977
0,807647709734738	1,56477465820313	97,6119995117188
0,808512384537607	1,56605895996094	97,7119979858398
0,809326185844839	1,56736145019531	97,8119964599609
0,810139928944409	1,56884533691406	97,9120025634766
0,811004661954939	1,57010473632813	98,0120010375977
0,81181840505451	1,57143225097656	98,1119995117188
0,812632264569402	1,57271240234375	98,2119979858398
0,813446065876633	1,57378686523438	98,3119964599609
0,814259808976203	1,57514416503906	98,4120025634766
0,815073668491095	1,57650378417969	98,5120010375977
0,815887469798326	1,57783056640625	98,6119995117188
0,816701212897897	1,579091796875	98,7119979858398
0,817515072412789	1,58028796386719	98,8119964599609
0,818379689007998	1,58165795898438	98,9120025634766
0,81919354852289	1,58302758789063	99,0120010375977
0,820007349830121	1,58439965820313	99,1119995117188
0,820821092929691	1,58554150390625	99,2119979858398
0,821634952444583	1,58684375	99,3119964599609
0,822499569039792	1,58811730957031	99,4120025634766
0,823313428554684	1,58947680664063	99,5120010375977
0,824178045149893	1,5908212890625	99,6119995117188
0,824991904664785	1,59220178222656	99,7119979858398
0,825805647764355	1,5935517578125	99,8119964599609
0,826670322567225	1,59466625976563	99,9120025634766
0,827484123874456	1,59587487792969	100,012001037598
0,828348798677325	1,5972578125	100,111999511719
0,829213415272534	1,59865283203125	100,21199798584
0,830027274787426	1,60000158691406	100,311996459961
0,830891891382635	1,60143151855469	100,412002563477
0,831756566185504	1,60282531738281	100,512001037598
0,832570367492735	1,60396472167969	100,611999511719
0,833435042295605	1,60550659179688	100,71199798584
0,834248843602836	1,60674291992188	100,811996459961
0,835113518405706	1,60802941894531	100,912002563477
0,835927319712937	1,60942297363281	101,012001037598
0,836791994515806	1,61079870605469	101,111999511719
0,837605795823038	1,61207666015625	101,21199798584
0,838419597130269	1,61328918457031	101,311996459961
0,839284213725477	1,61475317382813	101,412002563477
0,84009807324037	1,61588122558594	101,512001037598
0,840911874547601	1,61726623535156	101,611999511719
0,841725675854832	1,61851354980469	101,71199798584
0,842590350657701	1,61977856445313	101,811996459961
0,843404093757272	1,62093115234375	101,912002563477
0,844217953272164	1,62224194335938	102,012001037598
0,845031754579395	1,62359765625	102,111999511719
0,845896429382265	1,62477734375	102,21199798584
0,846710230689496	1,62613891601563	102,311996459961
0,847523973789066	1,62736535644531	102,412002563477
0,848388648591936	1,62874780273438	102,512001037598
0,849202449899167	1,63002160644531	102,611999511719
0,850067124702036	1,63112951660156	102,71199798584
0,850880926009268	1,63239477539063	102,811996459961
0,851745600812137	1,63369116210938	102,912002563477
0,852559402119368	1,63504907226563	103,012001037598
0,8533732034266	1,63624462890625	103,111999511719
0,854237878229469	1,63748498535156	103,21199798584
0,8550516795367	1,63900854492188	103,311996459961
0,855865480843931	1,63998303222656	103,412002563477
0,856730155646801	1,6414306640625	103,512001037598
0,857543956954032	1,64261682128906	103,611999511719
0,858357700053602	1,643931640625	103,71199798584
0,859171559568495	1,6452021484375	103,811996459961
0,859985360875726	1,64636596679688	103,912002563477
0,860799162182957	1,64757836914063	104,012001037598
0,861612963490188	1,64867346191406	104,111999511719
0,862426764797419	1,649869140625	104,21199798584
0,863240566104651	1,65112780761719	104,311996459961
0,864054367411882	1,65215808105469	104,412002563477
0,864868168719113	1,65355871582031	104,512001037598
0,865681970026344	1,65470080566406	104,611999511719
0,866546644829214	1,65600427246094	104,71199798584
0,867360387928784	1,65717468261719	104,811996459961
0,868174247443676	1,65847106933594	104,912002563477
0,868988048750907	1,65955676269531	105,012001037598
0,869852723553777	1,66094348144531	105,111999511719
0,870666524861008	1,66215246582031	105,21199798584
0,871531199663877	1,66331628417969	105,311996459961
0,872344942763448	1,66450646972656	105,412002563477
0,873209675773978	1,66576171875	105,512001037598
0,874023418873549	1,66715014648438	105,611999511719
0,874888093676418	1,66824633789063	105,71199798584
0,875752768479288	1,66960803222656	105,811996459961
0,876566569786519	1,67083935546875	105,912002563477
0,877431186381727	1,67226513671875	106,012001037598
0,878295919392258	1,67337268066406	106,111999511719
0,879160594195127	1,6745576171875	106,21199798584
0,879974337294698	1,67582641601563	106,311996459961
0,880839070305228	1,67713159179688	106,412002563477
0,881652813404799	1,67838842773438	106,512001037598
0,88246661471203	1,67954321289063	106,611999511719
0,883331289514899	1,6807646484375	106,71199798584
0,88414509082213	1,68194018554688	106,811996459961
0,884958950337023	1,68309851074219	106,912002563477
0,885823566932231	1,68436206054688	107,012001037598
0,886637368239462	1,68553759765625	107,111999511719
0,887451169546694	1,68669140625	107,21199798584
0,888264970853925	1,68792993164063	107,311996459961
0,889129645656794	1,68900622558594	107,412002563477
0,889943446964026	1,69016198730469	107,512001037598
0,890757248271257	1,69154016113281	107,611999511719
0,891571049578488	1,69268188476563	107,71199798584
0,892435724381357	1,69387829589844	107,811996459961
0,893249525688589	1,69512829589844	107,912002563477
0,894114200491458	1,69627001953125	108,012001037598
0,894928001798689	1,69744470214844	108,111999511719
0,895792676601559	1,69869921875	108,21199798584
0,896606419701129	1,69999597167969	108,311996459961
0,89747115271166	1,70097326660156	108,412002563477
0,89828489581123	1,70229443359375	108,512001037598
0,8991495706141	1,70350354003906	108,611999511719
0,899963371921331	1,7046416015625	108,71199798584
0,9008280467242	1,7058798828125	108,811996459961
0,901641848031431	1,70728039550781	108,912002563477
0,902455649338663	1,70825915527344	109,012001037598
0,903320324141532	1,70951501464844	109,111999511719
0,904134067241102	1,7105927734375	109,21199798584
0,904947926755995	1,71179040527344	109,311996459961
0,905761728063226	1,71293505859375	109,412002563477
0,906575529370457	1,71404858398438	109,512001037598
0,907389330677688	1,71504699707031	109,611999511719
0,908203131984919	1,71626232910156	109,71199798584
0,909016933292151	1,71726220703125	109,811996459961
0,909830734599382	1,71843237304688	109,912002563477
0,910644535906613	1,71949060058594	110,012001037598
0,911458337213844	1,7205830078125	110,111999511719
0,912272138521075	1,72168627929688	110,21199798584
0,913085939828306	1,72283532714844	110,311996459961
0,913899741135538	1,72397644042969	110,412002563477
0,914764415938407	1,72518408203125	110,512001037598
0,915578159037977	1,72620739746094	110,611999511719
0,91639201855287	1,72728430175781	110,71199798584
0,917256635148078	1,72860754394531	110,811996459961
0,91807049466297	1,72971472167969	110,912002563477
0,918935111258179	1,73089123535156	111,012001037598
0,919748970773071	1,73200390625	111,111999511719
0,92061358736828	1,73332678222656	111,21199798584
0,921427446883172	1,73460681152344	111,311996459961
0,92229206347838	1,735673828125	111,412002563477
0,92315673828125	1,73692114257813	111,512001037598
0,92402141308412	1,73821081542969	111,611999511719
0,924886029679328	1,73918237304688	111,71199798584
0,925750704482198	1,74044775390625	111,811996459961
0,926564505789429	1,74157897949219	111,912002563477
0,927429180592299	1,74264782714844	112,012001037598
0,92824298189953	1,74378723144531	112,111999511719
0,929107656702399	1,74496215820313	112,21199798584
0,92992145800963	1,74596472167969	112,311996459961
0,930735317524523	1,74693591308594	112,412002563477
0,931549060624093	1,74780725097656	112,512001037598
0,932362861931324	1,74883154296875	112,611999511719
0,933227536734194	1,74994604492188	112,71199798584
0,934041338041425	1,75114758300781	112,811996459961
0,934855139348656	1,75215441894531	112,912002563477
0,935668940655887	1,75309655761719	113,012001037598
0,936482741963118	1,754392578125	113,111999511719
0,937347416765988	1,75543908691406	113,21199798584
0,938161218073219	1,75647106933594	113,311996459961
0,93897501938045	1,75775024414063	113,412002563477
0,939788820687681	1,7586826171875	113,512001037598
0,940653495490551	1,75970324707031	113,611999511719
0,941467296797782	1,76067797851563	113,71199798584
0,942331971600652	1,76187854003906	113,811996459961
0,943145772907883	1,76315441894531	113,912002563477
0,944010447710752	1,76417639160156	114,012001037598
0,944824190810323	1,76515808105469	114,111999511719
0,945637992117554	1,76631469726563	114,21199798584
0,946502666920424	1,76745373535156	114,311996459961
0,947367341723293	1,76847924804688	114,412002563477
0,948181143030524	1,76968273925781	114,512001037598
0,948994944337755	1,77082702636719	114,611999511719
0,949859619140625	1,77171643066406	114,71199798584
0,950673420447856	1,772869140625	114,811996459961
0,951487221755087	1,77392211914063	114,912002563477
0,952301023062319	1,7749931640625	115,012001037598
0,95311482436955	1,77611437988281	115,111999511719
0,953979499172419	1,77700610351563	115,21199798584
0,954793300479651	1,77821118164063	115,311996459961
0,955607101786882	1,77919372558594	115,412002563477
0,956420903094113	1,78014782714844	115,512001037598
0,957234704401344	1,781283203125	115,611999511719
0,958048505708575	1,78215344238281	115,71199798584
0,958862307015806	1,78348474121094	115,811996459961
0,959676108323038	1,78417517089844	115,912002563477
0,960489909630269	1,78531030273438	116,012001037598
0,9613037109375	1,78622155761719	116,111999511719
0,96216838574037	1,78730114746094	116,21199798584
0,962982187047601	1,78830346679688	116,311996459961
0,96384686185047	1,78930102539063	116,412002563477
0,964660663157701	1,79050073242188	116,512001037598
0,965525337960571	1,7914033203125	116,611999511719
0,96638995455578	1,79259619140625	116,71199798584
0,967203814070672	1,79360180664063	116,811996459961
0,96806843066588	1,79472619628906	116,912002563477
0,96893310546875	1,7958232421875	117,012001037598
0,969746906775981	1,79675341796875	117,111999511719
0,970611581578851	1,79786730957031	117,21199798584
0,97147625638172	1,799017578125	117,311996459961
0,972290057688951	1,8000380859375	117,412002563477
0,973154732491821	1,8010439453125	117,512001037598
0,973968533799052	1,801998046875	117,611999511719
0,974833208601922	1,80310205078125	117,71199798584
0,975646951701492	1,80414465332031	117,811996459961
0,976460753008723	1,80509619140625	117,912002563477
0,977274612523615	1,80614501953125	118,012001037598
0,978139229118824	1,80700305175781	118,111999511719
0,978953088633716	1,80800671386719	118,21199798584
0,979766831733286	1,80896228027344	118,311996459961
0,980580574832857	1,81007946777344	118,412002563477
0,981394434347749	1,81113452148438	118,512001037598
0,982208293862641	1,81192407226563	118,611999511719
0,98307291045785	1,81304272460938	118,71199798584
0,983886769972742	1,81384826660156	118,811996459961
0,984700513072312	1,81487329101563	118,912002563477
0,985565129667521	1,81593298339844	119,012001037598
0,986378989182413	1,8167314453125	119,111999511719
0,987243605777621	1,81774279785156	119,21199798584
0,988057465292513	1,81880029296875	119,311996459961
0,988922081887722	1,81989916992188	119,412002563477
0,989735941402614	1,82091516113281	119,512001037598
0,990600557997823	1,8219912109375	119,611999511719
0,991414417512715	1,82275061035156	119,71199798584
0,992279034107924	1,82374951171875	119,811996459961
0,993092777207494	1,82464965820313	119,912002563477
0,993957510218024	1,82552307128906	120,012001037598
0,994771253317595	1,82669860839844	120,111999511719
0,995635986328125	1,82754931640625	120,21199798584
0,996449729427695	1,82840124511719	120,311996459961
0,997263588942587	1,82932690429688	120,412002563477
0,998077448457479	1,83017993164063	120,512001037598
0,99889119155705	1,83106311035156	120,611999511719
0,999654061160982	1,83191625976563	120,71199798584
1,00046792067587	1,83270751953125	120,811996459961
1,00128178019077	1,83351940917969	120,912002563477
1,00209552329034	1,83450036621094	121,012001037598
1,00290926638991	1,83548999023438	121,111999511719
1,0037231259048	1,8363349609375	121,21199798584
1,00458774250001	1,83719921875	121,311996459961
1,0054016020149	1,83820092773438	121,412002563477
1,00621546152979	1,83898522949219	121,512001037598
1,00702920462936	1,839974609375	121,611999511719
1,00789393763989	1,84077624511719	121,71199798584
1,00870768073946	1,84174609375	121,811996459961
1,00952154025435	1,84255529785156	121,912002563477
1,01038615684956	1,84342065429688	122,012001037598
1,01119989994913	1,84441296386719	122,111999511719
1,01206463295966	1,84542309570313	122,21199798584
1,01292936597019	1,84620300292969	122,311996459961
1,01374299265444	1,84708312988281	122,412002563477
1,0146078420803	1,84808947753906	122,512001037598
1,0154724586755	1,84909826660156	122,611999511719
1,01633707527071	1,84993298339844	122,71199798584
1,01720180828124	1,85093029785156	122,811996459961
1,01801555138081	1,85171862792969	122,912002563477
1,01888028439134	1,85260534667969	123,012001037598
1,01969402749091	1,85332580566406	123,111999511719
1,02050777059048	1,85407153320313	123,21199798584
1,02137238718569	1,85509436035156	123,311996459961
1,02218624670058	1,85590856933594	123,412002563477
1,02300010621548	1,85669091796875	123,512001037598
1,02381384931505	1,85747985839844	123,611999511719
1,02467858232558	1,85845983886719	123,71199798584
1,02549232542515	1,85899865722656	123,811996459961
1,02630618494004	1,85999438476563	123,912002563477
1,02712004445493	1,86074621582031	124,012001037598
1,02793367113918	1,86149609375	124,111999511719
1,02874753065407	1,86240063476563	124,21199798584
1,02961214724928	1,86311767578125	124,311996459961
1,03042600676417	1,86388586425781	124,412002563477
1,03123986627907	1,86487622070313	124,512001037598
1,03205360937864	1,86570483398438	124,611999511719
1,03291834238917	1,86645251464844	124,71199798584
1,03373208548874	1,86731823730469	124,811996459961
1,03459681849927	1,868119140625	124,912002563477
1,03541056159884	1,86895129394531	125,012001037598
1,03627529460937	1,86966943359375	125,111999511719
1,03713991120458	1,87052136230469	125,21199798584
1,03795377071947	1,87140808105469	125,311996459961
1,03881838731468	1,87222326660156	125,412002563477
1,03963224682957	1,87320434570313	125,512001037598
1,04049686342478	1,873806640625	125,611999511719
1,04131072293967	1,87464599609375	125,71199798584
1,04217533953488	1,87542150878906	125,811996459961
1,04298908263445	1,87628857421875	125,912002563477
1,04380282573402	1,87714794921875	126,012001037598
1,04461668524891	1,8777041015625	126,111999511719
1,0454305447638	1,87842529296875	126,21199798584
1,04624428786337	1,87914477539063	126,311996459961
1,04705814737827	1,87997058105469	126,412002563477
1,04787189047784	1,88068286132813	126,512001037598
1,04868563357741	1,88148803710938	126,611999511719
1,0494994930923	1,88225122070313	126,71199798584
1,05031335260719	1,88289367675781	126,811996459961
1,0511779692024	1,88365063476563	126,912002563477
1,05199182871729	1,8844462890625	127,012001037598
1,05280557181686	1,88515832519531	127,111999511719
1,05367030482739	1,88592041015625	127,21199798584
1,05448404792696	1,88678161621094	127,311996459961
1,05529790744185	1,88736596679688	127,412002563477
1,05616252403706	1,88813818359375	127,512001037598
1,05697626713663	1,88890380859375	127,611999511719
1,05784100014716	1,88970849609375	127,71199798584
1,05870573315769	1,89047680664063	127,811996459961
1,05951935984194	1,89123913574219	127,912002563477
1,0603842092678	1,891853515625	128,011993408203
1,061248825863	1,89270251464844	128,111999511719
1,06206256896257	1,89340881347656	128,212005615234
1,0629273019731	1,89422045898438	128,311996459961
1,06379191856831	1,89500439453125	128,412002563477
1,06465665157884	1,89567150878906	128,511993408203
1,06547039467841	1,89627966308594	128,611999511719
1,06633512768894	1,8971328125	128,712005615234
1,06719974428415	1,8977724609375	128,811996459961
1,06801360379905	1,89849865722656	128,912002563477
1,06882723048329	1,89903491210938	129,011993408203
1,06964108999819	1,89973315429688	129,111999511719
1,07045494951308	1,9002490234375	129,212005615234
1,07126869261265	1,90114685058594	129,311996459961
1,07208255212754	1,90164587402344	129,412002563477
1,07294716872275	1,90236682128906	129,511993408203
1,07376102823764	1,90300927734375	129,611999511719
1,07457477133721	1,90357287597656	129,712005615234
1,07538851443678	1,90419909667969	129,811996459961
1,07620237395167	1,90485961914063	129,912002563477
1,07701623346657	1,9055283203125	130,011993408203
1,07788085006177	1,90627172851563	130,111999511719
1,07869470957667	1,90684326171875	130,212005615234
1,07950845267624	1,90753039550781	130,311996459961
1,08037318568677	1,9081806640625	130,412002563477
1,08118692878634	1,90876013183594	130,511993408203
1,08200078830123	1,90942590332031	130,611999511719
1,08286540489644	1,909939453125	130,712005615234
1,08373013790697	1,91079272460938	130,811996459961
1,08454388100654	1,91158728027344	130,912002563477
1,08540861401707	1,91210473632813	131,011993408203
1,08622224070132	1,91261669921875	131,111999511719
1,08708709012717	1,9133623046875	131,212005615234
1,08790071681142	1,91401574707031	131,311996459961
1,08871457632631	1,91456945800781	131,412002563477
1,0895284358412	1,91516674804688	131,511993408203
1,09034217894077	1,91574487304688	131,611999511719
1,0912069119513	1,91638659667969	131,712005615234
1,09202065505087	1,91695568847656	131,811996459961
1,09283451456577	1,9174541015625	131,912002563477
1,09364825766534	1,91814672851563	132,011993408203
1,09446200076491	1,91866589355469	132,111999511719
1,0952758602798	1,91935510253906	132,212005615234
1,09608971979469	1,9197978515625	132,311996459961
1,09690346289426	1,920263671875	132,412002563477
1,09771732240915	1,92088903808594	132,511993408203
1,09853118192405	1,92151428222656	132,611999511719
1,09939579851925	1,9220556640625	132,712005615234
1,10020954161882	1,92268505859375	132,811996459961
1,10102328471839	1,92327392578125	132,912002563477
1,10188801772892	1,92379382324219	133,011993408203
1,1027017608285	1,92434838867188	133,111999511719
1,10356649383903	1,92484045410156	133,212005615234
1,1043802369386	1,92530969238281	133,311996459961
1,10524496994913	1,92603637695313	133,412002563477
1,10610958654433	1,92665844726563	133,511993408203
1,10697420313954	1,927267578125	133,611999511719
1,10778806265444	1,92782165527344	133,712005615234
1,10865267924964	1,92826440429688	133,811996459961
1,10951741226017	1,92890246582031	133,912002563477
1,11038202885538	1,92963464355469	134,011993408203
1,11124676186591	1,93025256347656	134,111999511719
1,11211149487644	1,93083264160156	134,212005615234
1,11292512156069	1,93132238769531	134,311996459961
1,11378997098655	1,93183947753906	134,412002563477
1,11460359767079	1,9323251953125	134,511993408203
1,11541745718569	1,932810546875	134,611999511719
1,11623131670058	1,93339233398438	134,712005615234
1,11709593329579	1,93384436035156	134,811996459961
1,11790979281068	1,93436682128906	134,912002563477
1,11872353591025	1,93491625976563	135,011993408203
1,11953739542514	1,93538256835938	135,111999511719
1,12040201202035	1,93599536132813	135,212005615234
1,12121587153524	1,93655249023438	135,311996459961
1,12202961463481	1,93680517578125	135,412002563477
1,12284335773438	1,93744128417969	135,511993408203
1,12365721724927	1,93783642578125	135,611999511719
1,12452183384448	1,93835400390625	135,712005615234
1,12533569335938	1,93874792480469	135,811996459961
1,12614955287427	1,939353515625	135,912002563477
1,12701416946948	1,9396884765625	136,011993408203
1,12782802898437	1,94028515625	136,111999511719
1,12869264557958	1,94088916015625	136,212005615234
1,12950650509447	1,94133776855469	136,311996459961
1,13037112168968	1,94176953125	136,412002563477
1,13118498120457	1,94244995117188	136,511993408203
1,13204959779978	1,9426416015625	136,611999511719
1,13286345731467	1,94332727050781	136,712005615234
1,13367708399892	1,94365295410156	136,811996459961
1,13449094351381	1,94397412109375	136,912002563477
1,13535556010902	1,94449584960938	137,011993408203
1,13616941962391	1,94492846679688	137,111999511719
1,1369832791388	1,945328125	137,212005615234
1,13779702223837	1,94572534179688	137,311996459961
1,13861088175327	1,94620080566406	137,412002563477
1,13942462485284	1,94655114746094	137,511993408203
1,14023836795241	1,947189453125	137,611999511719
1,1410522274673	1,94754919433594	137,712005615234
1,14186608698219	1,94785998535156	137,811996459961
1,1427307035774	1,94827026367188	137,912002563477
1,14354456309229	1,94871008300781	138,011993408203
1,14435830619186	1,94894982910156	138,111999511719
1,14517216570675	1,94954797363281	138,212005615234
1,14598590880632	1,94988317871094	138,311996459961
1,14679965190589	1,95042138671875	138,412002563477
1,14766438491642	1,95080395507813	138,511993408203
1,148478128016	1,95115344238281	138,611999511719
1,14934286102653	1,95146801757813	138,712005615234
1,1501566041261	1,95196618652344	138,811996459961
1,15102133713663	1,95249548339844	138,912002563477
1,15188595373183	1,95281018066406	139,011993408203
1,15275057032704	1,95338061523438	139,111999511719
1,15361530333757	1,95373657226563	139,212005615234
1,15442904643714	1,95416491699219	139,311996459961
1,15529377944767	1,95465209960938	139,412002563477
1,15615839604288	1,95495861816406	139,511993408203
1,15702312905341	1,95545861816406	139,611999511719
1,15783687215298	1,95596069335938	139,712005615234
1,15870148874819	1,95626062011719	139,811996459961
1,15951534826308	1,95649694824219	139,912002563477
1,16032920777798	1,95690502929688	140,011993408203
1,16119382437319	1,95724645996094	140,111999511719
1,16200768388808	1,95759826660156	140,212005615234
1,16282142698765	1,95799487304688	140,311996459961
1,16368615999818	1,95834436035156	140,412002563477
1,16449990309775	1,9587041015625	140,511993408203
1,16531376261264	1,9589638671875	140,611999511719
1,16617837920785	1,95948742675781	140,712005615234
1,16699223872274	1,95968884277344	140,811996459961
1,16780598182231	1,96001867675781	140,912002563477
1,16861972492188	1,96045239257813	141,011993408203
1,16948445793241	1,96067834472656	141,111999511719
1,17029820103198	1,96090747070313	141,212005615234
1,17111206054688	1,96129162597656	141,311996459961
1,17197667714208	1,9617451171875	141,412002563477
1,17279053665698	1,96204345703125	141,511993408203
1,17365515325218	1,96234497070313	141,611999511719
1,17446901276708	1,96266381835938	141,712005615234
1,17533362936229	1,96299768066406	141,811996459961
1,17614748887718	1,96333715820313	141,912002563477
1,17701210547239	1,96353149414063	142,011993408203
1,17782596498728	1,96379431152344	142,111999511719
1,17869058158249	1,96406384277344	142,212005615234
1,17950444109738	1,96463671875	142,311996459961
1,18036905769259	1,96466174316406	142,412002563477
1,18118291720748	1,96505859375	142,511993408203
1,18199666030705	1,96528625488281	142,611999511719
1,18281040340662	1,96546618652344	142,712005615234
1,18362426292151	1,96574719238281	142,811996459961
1,1844381224364	1,96590283203125	142,912002563477
1,18525186553597	1,96622766113281	143,011993408203
1,18606572505087	1,96646594238281	143,111999511719
1,18687946815044	1,96673852539063	143,212005615234
1,18774408474565	1,96687512207031	143,311996459961
1,18855794426054	1,96704113769531	143,412002563477
1,18937168736011	1,96713244628906	143,511993408203
1,190185546875	1,96757202148438	143,611999511719
1,19099940638989	1,96780895996094	143,712005615234
1,1918640229851	1,96799328613281	143,811996459961
1,19267788249999	1,96827160644531	143,912002563477
1,19349162559956	1,96840234375	144,011993408203
1,19430536869913	1,96871569824219	144,111999511719
1,19517010170966	1,96883801269531	144,212005615234
1,19598384480923	1,96907141113281	144,311996459961
1,19684846140444	1,96932788085938	144,412002563477
1,19766232091933	1,96963500976563	144,511993408203
1,19852693751454	1,96990771484375	144,611999511719
1,19939167052507	1,97003967285156	144,712005615234
1,20020541362464	1,97036743164063	144,811996459961
1,20107014663517	1,97064501953125	144,912002563477
1,20193476323038	1,97109814453125	145,011993408203
1,20279949624091	1,97116796875	145,111999511719
1,20361323934048	1,971484375	145,212005615234
1,20447785593569	1,97163903808594	145,311996459961
1,20529171545058	1,97180322265625	145,412002563477
1,20610557496548	1,97206506347656	145,511993408203
1,20697019156069	1,97234265136719	145,611999511719
1,20778405107558	1,97248950195313	145,712005615234
1,20864866767079	1,97259936523438	145,811996459961
1,20946252718568	1,97293005371094	145,912002563477
1,21027627028525	1,97288879394531	146,011993408203
1,21109012980014	1,97316870117188	146,111999511719
1,21190387289971	1,97332006835938	146,212005615234
1,21276860591024	1,9736337890625	146,311996459961
1,21358234900981	1,97365783691406	146,412002563477
1,21439609210938	1,97394226074219	146,511993408203
1,21520995162427	1,97405078125	146,611999511719
1,21602381113917	1,97404309082031	146,712005615234
1,21688842773438	1,974166015625	146,811996459961
1,21770228724927	1,97444262695313	146,912002563477
1,21856690384448	1,97443579101563	147,011993408203
1,21938076335937	1,97460388183594	147,111999511719
1,22024537995458	1,97467639160156	147,212005615234
1,22105923946947	1,97500219726563	147,311996459961
1,22192385606468	1,97518640136719	147,412002563477
1,22278847265989	1,97531091308594	147,511993408203
1,22360233217478	1,97550170898438	147,611999511719
1,22446694876999	1,97545092773438	147,712005615234
1,22528080828488	1,97582409667969	147,811996459961
1,22614542488009	1,97580688476563	147,912002563477
1,22695928439498	1,97586376953125	148,011993408203
1,22777302749455	1,97606726074219	148,111999511719
1,22858677059412	1,97623657226563	148,212005615234
1,22945150360465	1,976240234375	148,311996459961
1,23026524670422	1,97636169433594	148,412002563477
1,23107910621911	1,97657116699219	148,511993408203
1,23189296573401	1,97666796875	148,611999511719
1,23270670883358	1,9767138671875	148,712005615234
1,23352045193315	1,976716796875	148,811996459961
1,23433431144804	1,97690405273438	148,912002563477
1,23514805454761	1,97696240234375	149,011993408203
1,2359619140625	1,97706896972656	149,111999511719
1,23677577357739	1,97702294921875	149,212005615234
1,2376403901726	1,97731762695313	149,311996459961
1,23845424968749	1,977220703125	149,412002563477
1,23926799278706	1,97724475097656	149,511993408203
1,24008173588663	1,97747705078125	149,611999511719
1,24094646889716	1,97764562988281	149,712005615234
1,24176021199673	1,97784057617188	149,811996459961
1,24262482859194	1,97775207519531	149,912002563477
1,24343868810683	1,97785217285156	150,011993408203
1,24430330470204	1,97804077148438	150,111999511719
1,24516803771257	1,97824951171875	150,212005615234
1,2460327707231	1,97828991699219	150,311996459961
1,24684651382267	1,97863073730469	150,412002563477
1,24771113041788	1,97854016113281	150,511993408203
1,24857586342841	1,97880798339844	150,611999511719
1,24944059643894	1,97883581542969	150,712005615234
1,25030521303415	1,97897546386719	150,811996459961
1,25116982962936	1,97907971191406	150,912002563477
1,25198368914425	1,9790498046875	151,011993408203
1,25284830573946	1,97924633789063	151,111999511719
1,25366216525435	1,9791201171875	151,212005615234
1,25452678184956	1,97923913574219	151,311996459961
1,25534052494913	1,97911572265625	151,412002563477
1,25615438446403	1,97929089355469	151,511993408203
1,2569681275636	1,97944079589844	151,611999511719
1,25783286057413	1,97940148925781	151,712005615234
1,2586466036737	1,97927697753906	151,811996459961
1,25946046318859	1,97937878417969	151,912002563477
1,26027432270348	1,97938708496094	152,011993408203
1,26113893929869	1,979482421875	152,111999511719
1,26195279881358	1,97937731933594	152,212005615234
1,26276642549783	1,97964233398438	152,311996459961
1,26363127492368	1,97935498046875	152,412002563477
1,26444490160793	1,97978735351563	152,511993408203
1,26525876112282	1,97937768554688	152,611999511719
1,26612337771803	1,97939440917969	152,712005615234
1,26693723723292	1,97932458496094	152,811996459961
1,26780185382813	1,97943737792969	152,912002563477
1,26861571334302	1,97932043457031	153,011993408203
1,26948032993823	1,9793251953125	153,111999511719
1,27029418945313	1,97932421875	153,212005615234
1,27115880604833	1,9792587890625	153,311996459961
1,27197266556323	1,97897412109375	153,412002563477
1,27278652507812	1,97902429199219	153,511993408203
1,27360026817769	1,97896948242188	153,611999511719
1,27441401127726	1,97869982910156	153,712005615234
1,27527874428779	1,978798828125	153,811996459961
1,27609248738736	1,97881201171875	153,912002563477
1,27690634690225	1,97877514648438	154,011993408203
1,27772009000182	1,9785107421875	154,111999511719
1,27853394951671	1,97832543945313	154,212005615234
1,27934780903161	1,97843029785156	154,311996459961
1,28016155213118	1,97822351074219	154,412002563477
1,28097529523075	1,97797875976563	154,511993408203
1,28178915474564	1,978005859375	154,611999511719
1,28260289784521	1,97781176757813	154,712005615234
1,2834167573601	1,97783874511719	154,811996459961
1,28423061687499	1,97758117675781	154,912002563477
1,28504435997456	1,97749084472656	155,011993408203
1,28585810307413	1,97752697753906	155,111999511719
1,28672283608466	1,9772705078125	155,212005615234
1,28753657918423	1,97710998535156	155,311996459961
1,28835043869913	1,97717395019531	155,412002563477
1,28921505529433	1,97710705566406	155,511993408203
1,29002891480923	1,97693383789063	155,611999511719
1,29089353140444	1,97679418945313	155,712005615234
1,29175814799964	1,97681921386719	155,811996459961
1,29262288101017	1,97647741699219	155,912002563477
1,29348749760538	1,97632702636719	156,011993408203
1,29430135712028	1,97624865722656	156,111999511719
1,29516597371548	1,97620678710938	156,212005615234
1,29603059031069	1,97595593261719	156,311996459961
1,29689543973655	1,97539343261719	156,412002563477
1,29770906642079	1,97544458007813	156,511993408203
1,29857379943132	1,97519714355469	156,611999511719
1,29938754253089	1,97493920898438	156,712005615234
1,30025227554142	1,9746669921875	156,811996459961
1,301066018641	1,97456616210938	156,912002563477
1,30187987815589	1,9738701171875	157,011993408203
1,3027444947511	1,97354541015625	157,111999511719
1,30355835426599	1,97326708984375	157,212005615234
1,30437221378088	1,97271789550781	157,311996459961
1,30518595688045	1,97228479003906	157,412002563477
1,30605068989098	1,97190930175781	157,511993408203
1,30686443299055	1,97143518066406	157,611999511719
1,30767817609012	1,97089526367188	157,712005615234
1,30854279268533	1,9703837890625	157,811996459961
1,30935665220022	1,96996691894531	157,912002563477
1,31017051171511	1,96948217773438	158,011993408203
1,31103512831032	1,96883508300781	158,111999511719
1,31184898782521	1,96837512207031	158,212005615234
1,31266273092479	1,96763757324219	158,311996459961
1,31352746393532	1,96719323730469	158,412002563477
1,31439208053052	1,96655859375	158,511993408203
1,31520594004542	1,96579809570313	158,611999511719
1,31607055664063	1,96515576171875	158,712005615234
1,31688441615552	1,96441931152344	158,811996459961
1,31774903275073	1,963484375	158,912002563477
1,31861364934593	1,96246337890625	159,011993408203
1,31942750886083	1,96162158203125	159,111999511719
1,32024136837572	1,96038269042969	159,212005615234
1,32110598497093	1,95926049804688	159,311996459961
1,32191984448582	1,95812658691406	159,412002563477
1,32273347117007	1,95692175292969	159,511993408203
1,32354733068496	1,95561596679688	159,611999511719
1,32436119019985	1,95430407714844	159,712005615234
1,32517493329942	1,95272680664063	159,811996459961
1,32598879281431	1,95108154296875	159,912002563477
1,32680265232921	1,94922448730469	160,011993408203
1,32761627901345	1,94736145019531	160,111999511719
1,32843013852835	1,94534497070313	160,212005615234
1,32924399804324	1,94352893066406	160,311996459961
1,33005774114281	1,94122595214844	160,412002563477
1,33092247415334	1,93920715332031	160,511993408203
1,33173621725291	1,93701416015625	160,611999511719
1,33260095026344	1,93488208007813	160,712005615234
1,33341469336301	1,93258898925781	160,811996459961
1,33427942637354	1,92997082519531	160,912002563477
1,33509316947311	1,9270732421875	161,011993408203
1,33595790248364	1,92376538085938	161,111999511719
1,33677164558321	1,91996569824219	161,212005615234
1,33763637859374	1,91615747070313	161,311996459961
1,33850099518895	1,91260998535156	161,412002563477
1,33936561178416	1,90850537109375	161,511993408203
1,34023034479469	1,90369250488281	161,611999511719
1,3410949613899	1,89918383789063	161,712005615234
1,34195957798511	1,89460144042969	161,811996459961
1,34282431099564	1,88910034179688	161,912002563477
1,34363805409521	1,88107482910156	162,011993408203
1,34450278710574	1,87069848632813	162,111999511719
1,34536740370095	1,85860412597656	162,212005615234
1,34618126321584	1,84265405273438	162,311996459961
1,34704587981105	1,81011120605469	162,412002563477
1,34974159300327	-0,120238143920898	162,468994140625
