File Path: D:\Ensayos Víctor\Fase III\Reciclado\vertical\Test Run 4 16-05-2019 13 27 46\DAQ- Crosshead; … - (Timed).txt   
Test: ENSAYOS TRACCION PLA 4
Test Run: Test Run 4
Date: 16/05/2019 13:25:30


Crosshead 	Load 	Time 
mm	kN	sec
0,000203450511548908	0,0565094680786133	0,112000003457069
0,000508626271766843	0,0566420059204102	0,211999997496605
0,000966389961831737	0,0567981948852539	0,312000006437302
0,00162760409239127	0,056885814666748	0,412000000476837
0,002085367896143	0,0568858337402344	0,512000024318695
0,00254313158620789	0,0570514526367188	0,611999988555908
0,00300089527627279	0,0571882629394531	0,712000012397766
0,00345865896633768	0,0570956802368164	0,811999976634979
0,00396728501073085	0,057587028503418	0,912000000476837
0,00452677386419964	0,0577384757995605	1,01199996471405
0,00523885091752163	0,0579346237182617	1,11199998855591
0,00600179055254557	0,0580698623657227	1,21200001239777
0,00681559231452411	0,0581479949951172	1,31200003623962
0,00762939453125	0,0584078674316406	1,41199994087219
0,00849405932967784	0,0585552520751953	1,51199996471405
0,00935872321861098	0,0586206512451172	1,61199998855591
0,0101725263448316	0,0587251319885254	1,71200001239777
0,0110371902337647	0,0589795341491699	1,81200003623962
0,0118509933599853	0,0593261489868164	1,91199994087219
0,0126647946672165	0,0595674133300781	2,01200008392334
0,013529460375139	0,0599366264343262	2,11199998855591
0,0143432616823702	0,0604644165039063	2,21199989318848
0,0152079264807981	0,0605367965698242	2,31200003623962
0,0160217277880292	0,0609709625244141	2,41199994087219
0,0168355309142498	0,0611469230651855	2,51200008392334
0,017700194803183	0,0616084136962891	2,61199998855591
0,0185139979294036	0,0616683235168457	2,71199989318848
0,0193786618183367	0,0619916915893555	2,81200003623962
0,0201924649445573	0,0621389770507813	2,91199994087219
0,0210062662517885	0,0621812019348145	3,01200008392334
0,021870931959711	0,0622827262878418	3,11199998855591
0,0226847332669422	0,0624008598327637	3,21199989318848
0,0235493989748647	0,0623642807006836	3,31200003623962
0,0244140628637979	0,0626249084472656	3,41199994087219
0,0252278659900185	0,0625290336608887	3,51200008392334
0,0260925298789516	0,0626158981323242	3,61199998855591
0,0269063311861828	0,0627195167541504	3,71199989318848
0,0277709968941053	0,062950798034668	3,81200003623962
0,0286356607830385	0,0630901641845703	3,91199994087219
0,0294494620902697	0,0630352592468262	4,01200008392334
0,0303141277981922	0,0632747993469238	4,11199998855591
0,0311787916871253	0,0632181587219238	4,21199989318848
0,0319925966323353	0,0632694282531738	4,31199979782104
0,0328572568832897	0,0635992660522461	4,41200017929077
0,0336710618284997	0,0638033638000488	4,51200008392334
0,0344848631357308	0,0638985137939453	4,61199998855591
0,0353495306626428	0,0641518325805664	4,71199989318848
0,0361633283318952	0,0643168182373047	4,81199979782104
0,0369771296391264	0,0643744277954102	4,91200017929077
0,0377909345843364	0,0645543060302734	5,01200008392334
0,0386047358915675	0,0649213485717773	5,11199998855591
0,0394185371987987	0,0648545074462891	5,21199989318848
0,0402323421440087	0,0650947647094727	5,31199979782104
0,0410970023949631	0,0653028411865234	5,41200017929077
0,0419108073401731	0,0654533004760742	5,51200008392334
0,0427246086474042	0,0655237808227539	5,61199998855591
0,0435384099546354	0,0657865676879883	5,71199989318848
0,0444030774815474	0,0659413375854492	5,81199979782104
0,0452168787887786	0,0661641006469727	5,91200017929077
0,0460815426777117	0,0665213394165039	6,01200008392334
0,0468953439849429	0,066492317199707	6,11199998855591
0,0477091489301529	0,0668567733764648	6,21199989318848
0,0485738091811072	0,067102668762207	6,31199979782104
0,0494384767080192	0,0672507476806641	6,41200017929077
0,0502522780152503	0,0675395660400391	6,51200008392334
0,0511169419041835	0,0677312469482422	6,61199998855591
0,0519307432114147	0,0680811386108398	6,71199989318848
0,0527954107383266	0,0683923416137695	6,81199979782104
0,0536600746272597	0,0685902709960938	6,91200017929077
0,0545247385161929	0,0689366302490234	7,01200008392334
0,0553385434614029	0,0693556060791016	7,11199998855591
0,0562032037123572	0,0698537139892578	7,21199989318848
0,0570678712392692	0,0705522079467773	7,31199979782104
0,0578816725465003	0,0710901184082031	7,41200017929077
0,0587463364354335	0,0718164291381836	7,51200008392334
0,0595601377426647	0,0725230484008789	7,61199998855591
0,0604248052695766	0,0730465850830078	7,71199989318848
0,0612386065768078	0,0736674957275391	7,81199979782104
0,062052407884039	0,0743997955322266	7,91200017929077
0,0628662091912702	0,0751566925048828	8,01200008392334
0,0637308767181821	0,076002685546875	8,11200046539307
0,0645446780254133	0,0763415222167969	8,21199989318848
0,0653584793326445	0,077089485168457	8,3120002746582
0,0661722806398757	0,0776494674682617	8,41199970245361
0,0670369481667876	0,0784223327636719	8,51200008392334
0,0678507494740188	0,0789573135375977	8,61200046539307
0,06866455078125	0,0794991607666016	8,71199989318848
0,0695292110322043	0,0800285110473633	8,8120002746582
0,0703430196153931	0,0804242248535156	8,91199970245361
0,0712076798663475	0,0808642349243164	9,01200008392334
0,0720214811735787	0,0815066604614258	9,11200046539307
0,0728861487004906	0,0816842193603516	9,21199989318848
0,0736999500077218	0,0824466171264648	9,3120002746582
0,0745646102586761	0,0828904724121094	9,41199970245361
0,0753784188418649	0,0837229690551758	9,51200008392334
0,0762430790928192	0,084712760925293	9,61200046539307
0,077056887676008	0,0860748138427734	9,71199989318848
0,0778706889832392	0,0874055023193359	9,8120002746582
0,0787353492341936	0,0887160491943359	9,91199970245361
0,0795491578173824	0,0901030960083008	10,0120000839233
0,0803629518486559	0,0912015762329102	10,1120004653931
0,0812276193755679	0,0925781097412109	10,2119998931885
0,0820414206827991	0,0937738418579102	10,3120002746582
0,0828552219900303	0,0951657104492188	10,4119997024536
0,0836690305732191	0,0963163375854492	10,5120000839233
0,0844828246044926	0,0977249145507813	10,6120004653931
0,0852966331876814	0,0990188140869141	10,7119998931885
0,0861104344949126	0,100206314086914	10,8120002746582
0,0869242358021438	0,101489349365234	10,9119997024536
0,087738037109375	0,102878524780273	11,0120000839233
0,0885518384166062	0,104049575805664	11,1120004653931
0,0893656397238374	0,10527116394043	11,2119998931885
0,0902303072507493	0,106493347167969	11,3120002746582
0,0910441085579805	0,107617317199707	11,4119997024536
0,0919087760848925	0,108661476135254	11,5120000839233
0,092722570116166	0,109744682312012	11,6120004653931
0,0935872449190356	0,110853630065918	11,7119998931885
0,0944010389503092	0,112069869995117	11,8120002746582
0,0952657064772211	0,113291732788086	11,9119997024536
0,096130374004133	0,114408233642578	12,0120000839233
0,0969950342550874	0,115430480957031	12,1120004653931
0,0978597017819993	0,116442176818848	12,2119998931885
0,0986735030892305	0,117727439880371	12,3120002746582
0,0995381706161425	0,118494209289551	12,4119997024536
0,100402830867097	0,119505096435547	12,5120000839233
0,101267491118051	0,120339775085449	12,6120004653931
0,10208129970124	0,121432189941406	12,7119998931885
0,102945959952194	0,122499664306641	12,8120002746582
0,103759768535383	0,123349670410156	12,9119997024536
0,104624428786337	0,124660163879395	13,0120000839233
0,105438230093569	0,125666091918945	13,1120004653931
0,106252038676757	0,126888969421387	13,2119998931885
0,107065832708031	0,128390762329102	13,3120002746582
0,107930500234943	0,129461471557617	13,4119997024536
0,108744301542174	0,130853485107422	13,5120000839233
0,109558102849405	0,132196929931641	13,6120004653931
0,110371911432594	0,133371719360352	13,7119998931885
0,111185705463868	0,134702835083008	13,8120002746582
0,111999514047056	0,135692123413086	13,9119997024536
0,112864174298011	0,136867294311523	14,0120000839233
0,113677975605242	0,137796997070313	14,1120004653931
0,114491784188431	0,138975006103516	14,2119998931885
0,115356444439385	0,140056884765625	14,3120002746582
0,116170253022574	0,141039962768555	14,4119997024536
0,117034913273528	0,142183944702148	14,5120000839233
0,117848714580759	0,143117797851563	14,6120004653931
0,118662515887991	0,144238037109375	14,7119998931885
0,119527183414903	0,145434753417969	14,8120002746582
0,120340977446176	0,146578170776367	14,9119997024536
0,121205652249046	0,147531692504883	15,0120000839233
0,1220703125	0,148542526245117	15,1120004653931
0,122884113807231	0,14979460144043	15,2119998931885
0,123748774058186	0,151288375854492	15,3120002746582
0,124562589917332	0,152983520507813	15,4119997024536
0,125376391224563	0,154357437133789	15,5120000839233
0,126241036923602	0,156016738891602	15,6120004653931
0,127054852782749	0,157313354492188	15,7119998931885
0,12786865408998	0,159044418334961	15,8120002746582
0,128682455397211	0,160422592163086	15,9119997024536
0,129496256704442	0,161841094970703	16,011999130249
0,130310058011673	0,16333674621582	16,1119995117188
0,131123859318905	0,164903350830078	16,2119998931885
0,131937660626136	0,166491577148438	16,3120002746582
0,132751461933367	0,167919692993164	16,4120006561279
0,133565263240598	0,169408477783203	16,511999130249
0,134429938043468	0,170748489379883	16,6119995117188
0,135243724798784	0,172473190307617	16,7119998931885
0,13605754065793	0,173742034912109	16,8120002746582
0,136922200908884	0,175227676391602	16,9120006561279
0,137736002216116	0,176939147949219	17,011999130249
0,13860066246707	0,178270858764648	17,1119995117188
0,139414478326216	0,17989323425293	17,2119998931885
0,140279124025255	0,181364135742188	17,3120002746582
0,141143798828125	0,182858505249023	17,4120006561279
0,141957600135356	0,184216995239258	17,511999130249
0,142822260386311	0,185773345947266	17,6119995117188
0,14368693518918	0,187239273071289	17,7119998931885
0,144500736496411	0,188787567138672	17,8120002746582
0,145365396747366	0,190226333618164	17,9120006561279
0,146179198054597	0,191754730224609	18,011999130249
0,147043872857466	0,193208023071289	18,1119995117188
0,147908518556505	0,194772857666016	18,2119998931885
0,148722334415652	0,196101623535156	18,3120002746582
0,149586994666606	0,197720932006836	18,4120006561279
0,150400795973837	0,199220642089844	18,511999130249
0,151265456224792	0,200565414428711	18,6119995117188
0,152079272083938	0,202059188842773	18,7119998931885
0,152893073391169	0,203543960571289	18,8120002746582
0,153706860146485	0,205050048828125	18,9120006561279
0,154571534949355	0,20637092590332	19,011999130249
0,155385336256586	0,20790837097168	19,1119995117188
0,156199137563817	0,209455612182617	19,2119998931885
0,157012938871048	0,210726470947266	19,3120002746582
0,157877613673918	0,212295104980469	19,4120006561279
0,158691400429234	0,213773239135742	19,511999130249
0,159505201736465	0,215231628417969	19,6119995117188
0,160369876539335	0,216758514404297	19,7119998931885
0,161183663294651	0,218253524780273	19,8120002746582
0,161997479153797	0,219614730834961	19,9120006561279
0,162862139404751	0,221198120117188	20,011999130249
0,163675955263898	0,222568206787109	20,1119995117188
0,164540600962937	0,224028717041016	20,2119998931885
0,165354416822083	0,225457077026367	20,3120002746582
0,166219077073038	0,226830703735352	20,4120006561279
0,167032878380269	0,228273208618164	20,511999130249
0,167897538631223	0,229890518188477	20,6119995117188
0,16871135449037	0,231338745117188	20,7119998931885
0,169576000189409	0,232891296386719	20,8120002746582
0,170389816048555	0,23433203125	20,9120006561279
0,171254476299509	0,235804229736328	21,011999130249
0,172068277606741	0,237316833496094	21,1119995117188
0,172882078913972	0,238706237792969	21,2119998931885
0,173746753716841	0,240220169067383	21,3120002746582
0,174560540472157	0,241646087646484	21,4120006561279
0,175374341779388	0,243313980102539	21,511999130249
0,176188157638535	0,244658355712891	21,6119995117188
0,177001958945766	0,246197937011719	21,7119998931885
0,177815745701082	0,247801895141602	21,8120002746582
0,178629561560228	0,249351058959961	21,9120006561279
0,17944336286746	0,250571243286133	22,011999130249
0,180257149622776	0,252067138671875	22,1119995117188
0,181121824425645	0,253649124145508	22,2119998931885
0,181935625732876	0,25523127746582	22,3120002746582
0,182749441592023	0,256702667236328	22,4120006561279
0,183563228347339	0,258255859375	22,511999130249
0,184427903150208	0,259761657714844	22,6119995117188
0,185241704457439	0,261347564697266	22,7119998931885
0,186055491212755	0,262808135986328	22,8120002746582
0,186920166015625	0,264470977783203	22,9120006561279
0,187733967322856	0,265986083984375	23,011999130249
0,188598627573811	0,267508911132813	23,1119995117188
0,189412428881042	0,268926391601563	23,2119998931885
0,190277103683911	0,270638610839844	23,3120002746582
0,191141763934866	0,272293640136719	23,4120006561279
0,191955565242097	0,274002563476563	23,511999130249
0,192820240044966	0,275382354736328	23,6119995117188
0,193684885744005	0,276907043457031	23,7119998931885
0,194498701603152	0,278446044921875	23,8120002746582
0,195363361854106	0,280112060546875	23,9120006561279
0,196177163161337	0,28172412109375	24,011999130249
0,197041823412292	0,283281829833984	24,1119995117188
0,197855639271438	0,284765563964844	24,2119998931885
0,198669440578669	0,286502532958984	24,3120002746582
0,199483227333985	0,287881805419922	24,4120006561279
0,200347902136855	0,289389831542969	24,511999130249
0,201161703444086	0,290836242675781	24,6119995117188
0,201975504751317	0,29237353515625	24,7119998931885
0,202789306058548	0,293914825439453	24,8120002746582
0,20360310736578	0,295528778076172	24,9120006561279
0,204467767616734	0,297037811279297	25,011999130249
0,205281568923965	0,298674560546875	25,1119995117188
0,206095384783112	0,300242553710938	25,2119998931885
0,206960030482151	0,301736053466797	25,3120002746582
0,207773846341297	0,303177856445313	25,4120006561279
0,208587647648528	0,304953033447266	25,511999130249
0,209452322451398	0,306344818115234	25,6119995117188
0,210266109206714	0,307814666748047	25,7119998931885
0,211130784009583	0,309448913574219	25,8120002746582
0,211944585316814	0,310996185302734	25,9120006561279
0,212809245567769	0,312668426513672	26,011999130249
0,213623046875	0,313956634521484	26,1119995117188
0,21448772167787	0,315633056640625	26,2119998931885
0,215301508433186	0,317347351074219	26,3120002746582
0,216166183236055	0,318811309814453	26,4120006561279
0,216979984543286	0,320501525878906	26,511999130249
0,217844644794241	0,321845336914063	26,6119995117188
0,218658446101472	0,323516479492188	26,7119998931885
0,219472247408703	0,324958831787109	26,8120002746582
0,220286063267849	0,326471466064453	26,9120006561279
0,221099850023165	0,327986846923828	27,011999130249
0,221913651330397	0,329447479248047	27,1119995117188
0,222727467189543	0,330985717773438	27,2119998931885
0,223541253944859	0,332509429931641	27,3120002746582
0,22435505525209	0,334002899169922	27,4120006561279
0,225168871111237	0,335601776123047	27,511999130249
0,225982672418468	0,33697412109375	27,6119995117188
0,226847332669422	0,338494232177734	27,7119998931885
0,227661133976653	0,340211822509766	27,8120002746582
0,228474935283884	0,341713653564453	27,9120006561279
0,229288736591116	0,343213958740234	28,011999130249
0,23015339684207	0,344868469238281	28,1119995117188
0,230967212701216	0,346262725830078	28,2119998931885
0,231780999456532	0,348058837890625	28,3120002746582
0,232645674259402	0,349577972412109	28,4120006561279
0,233459475566633	0,351272613525391	28,511999130249
0,234324135817587	0,352778533935547	28,6119995117188
0,235137937124819	0,354224884033203	28,7119998931885
0,236002611927688	0,356103118896484	28,8120002746582
0,236867257626727	0,357560943603516	28,9120006561279
0,237731932429597	0,359252807617188	29,011999130249
0,238545733736828	0,360871307373047	29,1119995117188
0,239410393987782	0,362541839599609	29,2119998931885
0,240275068790652	0,364234008789063	29,3120002746582
0,241088870097883	0,365815582275391	29,4120006561279
0,241953530348837	0,367373291015625	29,511999130249
0,242767331656069	0,369006103515625	29,6119995117188
0,243632006458938	0,370417205810547	29,7119998931885
0,244445807766169	0,372099151611328	29,8120002746582
0,245259609073401	0,373549346923828	29,9120006561279
0,24612425477244	0,375173461914063	30,011999130249
0,246938056079671	0,376689849853516	30,1119995117188
0,247751886490732	0,378177917480469	30,2119998931885
0,248565687797964	0,379875335693359	30,3120002746582
0,249430333497003	0,381451843261719	30,4120006561279
0,250244134804234	0,383002166748047	30,511999130249
0,251057965215296	0,384582458496094	30,6119995117188
0,251922610914335	0,386200805664063	30,7119998931885
0,252736412221566	0,387603088378906	30,8120002746582
0,253550213528797	0,389393310546875	30,9120006561279
0,254414888331667	0,390818664550781	31,011999130249
0,255228660535067	0,392350952148438	31,1119995117188
0,256042490946129	0,393794616699219	31,2119998931885
0,256907136645168	0,395404907226563	31,3120002746582
0,257720937952399	0,396907958984375	31,4120006561279
0,258534768363461	0,398386199951172	31,511999130249
0,2593994140625	0,39991015625	31,6119995117188
0,260213215369731	0,401570434570313	31,7119998931885
0,261077890172601	0,402898468017578	31,8120002746582
0,261891691479832	0,404881530761719	31,9120006561279
0,262756337178871	0,405795257568359	32,0120010375977
0,263570167589933	0,407696380615234	32,1119995117188
0,264434813288972	0,409278015136719	32,2120018005371
0,265248614596203	0,410719604492188	32,3120002746582
0,266062415903434	0,4121396484375	32,4119987487793
0,266876217210665	0,413730346679688	32,5120010375977
0,267690018517897	0,415289855957031	32,6119995117188
0,268503819825128	0,416933654785156	32,7120018005371
0,269317621132359	0,418357360839844	32,8120002746582
0,270131451543421	0,420372497558594	32,9119987487793
0,270945223746821	0,421906433105469	33,0120010375977
0,271759025054052	0,422544067382813	33,1119995117188
0,272572855465114	0,424066070556641	33,2120018005371
0,273386627668515	0,425873779296875	33,3120002746582
0,274200428975746	0,427627563476563	33,4119987487793
0,275065103778616	0,428803924560547	33,5120010375977
0,275878905085847	0,430273406982422	33,6119995117188
0,276692706393078	0,431574127197266	33,7120018005371
0,277506507700309	0,433382019042969	33,8120002746582
0,278371182503179	0,434991638183594	33,9119987487793
0,279184954706579	0,436358703613281	34,0120010375977
0,279998785117641	0,43791064453125	34,1119995117188
0,28086343081668	0,439840393066406	34,2120018005371
0,281677232123911	0,441081634521484	34,3120002746582
0,282541906926781	0,442496063232422	34,4119987487793
0,283355708234012	0,444256713867188	34,5120010375977
0,284220353933051	0,446178161621094	34,6119995117188
0,285085057839751	0,447638763427734	34,7120018005371
0,28594970353879	0,449222015380859	34,8120002746582
0,286814349237829	0,450892517089844	34,9119987487793
0,287628179648891	0,452434234619141	35,0120010375977
0,28849282534793	0,454129730224609	35,1119995117188
0,2893575001508	0,455666595458984	35,2120018005371
0,290171301458031	0,457135803222656	35,3120002746582
0,290985102765262	0,458714172363281	35,4119987487793
0,291798933176324	0,460321685791016	35,5120010375977
0,292612705379725	0,461838531494141	35,6119995117188
0,293477380182594	0,463511352539063	35,7120018005371
0,294291181489825	0,464921020507813	35,8120002746582
0,295104982797056	0,466594818115234	35,9119987487793
0,295918784104288	0,467948760986328	36,0120010375977
0,296732585411519	0,469494201660156	36,1119995117188
0,297597260214388	0,471075897216797	36,2120018005371
0,298411032417789	0,472518646240234	36,3120002746582
0,299224862828851	0,474034606933594	36,4119987487793
0,30008950852789	0,475671691894531	36,5120010375977
0,300903309835121	0,477247894287109	36,6119995117188
0,301767984637991	0,47890380859375	36,7120018005371
0,302581785945222	0,480332000732422	36,8120002746582
0,303395587252453	0,481992370605469	36,9119987487793
0,304260262055323	0,483576599121094	37,0120010375977
0,305074063362554	0,484885070800781	37,1119995117188
0,305938709061593	0,486683013916016	37,2120018005371
0,306752539472654	0,488289520263672	37,3120002746582
0,307617185171694	0,489758514404297	37,4119987487793
0,308430986478925	0,491162445068359	37,5120010375977
0,309295661281794	0,493047058105469	37,6119995117188
0,310160306980833	0,494535552978516	37,7120018005371
0,310974108288065	0,496178833007813	37,8120002746582
0,311787938699126	0,497863342285156	37,9119987487793
0,312601710902527	0,499278167724609	38,0120010375977
0,313415541313589	0,500735534667969	38,1119995117188
0,31422934262082	0,502091125488281	38,2120018005371
0,315093988319859	0,503918914794922	38,3120002746582
0,315907818730921	0,505477996826172	38,4119987487793
0,316670746542513	0,506646118164063	38,5120010375977
0,317484518745914	0,508248565673828	38,6119995117188
0,318298349156976	0,509837493896484	38,7120018005371
0,319162994856015	0,511405181884766	38,8120002746582
0,319976796163246	0,513016784667969	38,9119987487793
0,320790626574308	0,514497314453125	39,0120010375977
0,321604398777708	0,516126647949219	39,1119995117188
0,322469073580578	0,517584106445313	39,2120018005371
0,323282874887809	0,519193664550781	39,3120002746582
0,32409667619504	0,520839111328125	39,4119987487793
0,324961321894079	0,522338806152344	39,5120010375977
0,325826025800779	0,523991455078125	39,6119995117188
0,32663979800418	0,525284484863281	39,7120018005371
0,32750447280705	0,527212951660156	39,8120002746582
0,328318274114281	0,528723449707031	39,9119987487793
0,329182948917151	0,530097717285156	40,0120010375977
0,33004759461619	0,531828674316406	40,1119995117188
0,330912269419059	0,533394897460938	40,2120018005371
0,33172607072629	0,535048583984375	40,3120002746582
0,332590716425329	0,536549560546875	40,4119987487793
0,333404546836391	0,538004028320313	40,5120010375977
0,33426919253543	0,539776550292969	40,6119995117188
0,335082993842661	0,54127294921875	40,7120018005371
0,335947668645531	0,54283056640625	40,8120002746582
0,336761469952762	0,544290649414063	40,9119987487793
0,337575300363824	0,545747802734375	41,0120010375977
0,338389072567225	0,547248596191406	41,1119995117188
0,339202873874456	0,548818786621094	41,2120018005371
0,340067548677325	0,550393005371094	41,3120002746582
0,340881349984556	0,551926574707031	41,4119987487793
0,341695151291788	0,553250183105469	41,5120010375977
0,342508952599019	0,554780639648438	41,6119995117188
0,34332275390625	0,556310913085938	41,7120018005371
0,344136555213481	0,557847717285156	41,8120002746582
0,345001230016351	0,559400939941406	41,9119987487793
0,345815031323582	0,560865783691406	42,0120010375977
0,346628803526983	0,562382629394531	42,1119995117188
0,347442633938044	0,563858093261719	42,2120018005371
0,348307279637083	0,56557861328125	42,3120002746582
0,349121080944315	0,567051391601563	42,4119987487793
0,349985755747184	0,56865966796875	42,5120010375977
0,350799557054415	0,570148864746094	42,6119995117188
0,351664202753454	0,571648132324219	42,7120018005371
0,352478033164516	0,573185729980469	42,8120002746582
0,353342678863555	0,574915283203125	42,9119987487793
0,354156480170786	0,576445739746094	43,0120010375977
0,355021154973656	0,578036743164063	43,1119995117188
0,355834956280887	0,579480590820313	43,2120018005371
0,356699601979926	0,580943359375	43,3120002746582
0,357513432390988	0,582543334960938	43,4119987487793
0,358327233698219	0,584264709472656	43,5120010375977
0,359191908501089	0,585796997070313	43,6119995117188
0,36000570980832	0,58728271484375	43,7120018005371
0,360819482011721	0,588494506835938	43,8120002746582
0,361633312422782	0,590179260253906	43,9119987487793
0,362447113730013	0,59176025390625	44,0120010375977
0,363260885933414	0,593261474609375	44,1119995117188
0,364074716344476	0,594551025390625	44,2120018005371
0,364888517651707	0,596105224609375	44,3120002746582
0,365702289855108	0,597685913085938	44,4119987487793
0,366566993761808	0,599207824707031	44,5120010375977
0,367380765965208	0,600683776855469	44,6119995117188
0,36819456727244	0,602319091796875	44,7120018005371
0,369059242075309	0,603741577148438	44,8120002746582
0,36987304338254	0,605441162109375	44,9119987487793
0,370686844689772	0,606715026855469	45,0120010375977
0,371551519492641	0,608449890136719	45,1119995117188
0,372365320799872	0,60985888671875	45,2120018005371
0,373229966498911	0,611346496582031	45,3120002746582
0,374043796909973	0,612833435058594	45,4119987487793
0,374908442609012	0,614544677734375	45,5120010375977
0,375722273020074	0,616202514648438	45,6119995117188
0,376586918719113	0,61753125	45,7120018005371
0,377451564418152	0,619243835449219	45,8120002746582
0,378265394829214	0,620579162597656	45,9119987487793
0,379079196136445	0,622191162109375	46,0120010375977
0,379943841835484	0,623671630859375	46,1119995117188
0,380757672246546	0,625172302246094	46,2120018005371
0,381622317945585	0,626623901367188	46,3120002746582
0,382436119252816	0,628258361816406	46,4119987487793
0,383300794055685	0,629649841308594	46,5120010375977
0,384114595362917	0,631234130859375	46,6119995117188
0,384928367566317	0,632759582519531	46,7120018005371
0,385742197977379	0,634130981445313	46,8120002746582
0,38655599928461	0,635609558105469	46,9119987487793
0,387420644983649	0,637186157226563	47,0120010375977
0,388234475394711	0,638700134277344	47,1119995117188
0,389048247598112	0,640281921386719	47,2120018005371
0,389862048905343	0,641655639648438	47,3120002746582
0,390726723708212	0,643216796875	47,4119987487793
0,391540525015444	0,644606872558594	47,5120010375977
0,392354326322675	0,646207397460938	47,6119995117188
0,393168127629906	0,647673950195313	47,7120018005371
0,394032802432776	0,649251708984375	47,8120002746582
0,394846574636176	0,650801086425781	47,9119987487793
0,395711278542876	0,652163269042969	48,0120010375977
0,396525050746277	0,653639892578125	48,1119995117188
0,397389725549147	0,655255615234375	48,2120018005371
0,398203526856378	0,656646789550781	48,3120002746582
0,399068201659247	0,658135925292969	48,4119987487793
0,399882002966478	0,659905456542969	48,5120010375977
0,400746677769348	0,661413330078125	48,6119995117188
0,401560449972749	0,662657592773438	48,7120018005371
0,402425153879449	0,664232788085938	48,8120002746582
0,40323892608285	0,665775939941406	48,9119987487793
0,404052727390081	0,66711865234375	49,0120010375977
0,40491740219295	0,668656677246094	49,1119995117188
0,405731203500181	0,67028369140625	49,2120018005371
0,406545004807413	0,671644775390625	49,3120002746582
0,407358806114644	0,673087829589844	49,4119987487793
0,408172607421875	0,674565490722656	49,5120010375977
0,408986408729106	0,675830261230469	49,6119995117188
0,409800210036337	0,677434631347656	49,7120018005371
0,410614011343569	0,678996398925781	49,8120002746582
0,4114278126508	0,680254333496094	49,9119987487793
0,412241613958031	0,681785034179688	50,0120010375977
0,413055415265262	0,683309692382813	50,1119995117188
0,413869245676324	0,684807250976563	50,2120018005371
0,414733891375363	0,686208862304688	50,3120002746582
0,415547692682594	0,687719604492188	50,4119987487793
0,416361493989825	0,689252990722656	50,5120010375977
0,417175295297056	0,69083154296875	50,6119995117188
0,418039940996096	0,692201538085938	50,7120018005371
0,418904644902796	0,693632202148438	50,8120002746582
0,419718417106196	0,69493310546875	50,9119987487793
0,420532218413427	0,696624145507813	51,0120010375977
0,421396893216297	0,698018737792969	51,1119995117188
0,422210694523528	0,699621887207031	51,2120018005371
0,423075340222567	0,701104309082031	51,3120002746582
0,423889170633629	0,702602416992188	51,4119987487793
0,424753816332668	0,70407421875	51,5120010375977
0,425618491135538	0,705593627929688	51,6119995117188
0,426483165938407	0,707170715332031	51,7120018005371
0,427296967245638	0,708565368652344	51,8120002746582
0,428161612944677	0,709972717285156	51,9119987487793
0,428975443355739	0,711611877441406	52,0120010375977
0,42978921555914	0,713068359375	52,1119995117188
0,430603016866371	0,714567932128906	52,2120018005371
0,431467691669241	0,71598193359375	52,3120002746582
0,432281492976472	0,717509704589844	52,4119987487793
0,433095294283703	0,719052307128906	52,5120010375977
0,433909095590934	0,720474853515625	52,6119995117188
0,434773770393804	0,721890014648438	52,7120018005371
0,435587542597204	0,72335986328125	52,8120002746582
0,436401373008266	0,72478759765625	52,9119987487793
0,437215174315497	0,726222412109375	53,0120010375977
0,438079820014536	0,727752136230469	53,1119995117188
0,438893650425598	0,729249084472656	53,2120018005371
0,439758296124637	0,730786682128906	53,3120002746582
0,440572126535699	0,732123291015625	53,4119987487793
0,441436772234738	0,733772827148438	53,5120010375977
0,442250573541969	0,735124877929688	53,6119995117188
0,443115248344839	0,736498168945313	53,7120018005371
0,44392904965207	0,738113342285156	53,8120002746582
0,444793695351109	0,73948779296875	53,9119987487793
0,445607525762171	0,741020629882813	54,0120010375977
0,44647217146121	0,742460693359375	54,1119995117188
0,447285972768441	0,743938903808594	54,2120018005371
0,44815064757131	0,745435607910156	54,3120002746582
0,448964448878542	0,746931274414063	54,4119987487793
0,449778221081942	0,748270263671875	54,5120010375977
0,450642924988642	0,7497685546875	54,6119995117188
0,451456697192043	0,751067993164063	54,7120018005371
0,452270498499274	0,752568298339844	54,8120002746582
0,453084328910336	0,753993957519531	54,9119987487793
0,453898101113737	0,755451904296875	55,0120010375977
0,454711902420968	0,7568916015625	55,1119995117188
0,455525732832029	0,758321350097656	55,2120018005371
0,45633950503543	0,759466003417969	55,3120002746582
0,457153306342661	0,760936462402344	55,4119987487793
0,457967136753723	0,762277404785156	55,5120010375977
0,458780908957124	0,763850463867188	55,6119995117188
0,459594739368185	0,765210083007813	55,7120018005371
0,460408540675417	0,766656677246094	55,8120002746582
0,461222312878817	0,768148559570313	55,9119987487793
0,462036143289879	0,76949267578125	56,0120010375977
0,462900788988918	0,770938110351563	56,1119995117188
0,463714590296149	0,772283752441406	56,2120018005371
0,464528420707211	0,773866455078125	56,3120002746582
0,46539306640625	0,775277099609375	56,4119987487793
0,466206867713481	0,776769165039063	56,5120010375977
0,467071542516351	0,778287170410156	56,6119995117188
0,467885343823582	0,779666687011719	56,7120018005371
0,468749989522621	0,7810634765625	56,8120002746582
0,469563819933683	0,782575317382813	56,9119987487793
0,470428465632722	0,784296447753906	57,0120010375977
0,471293111331761	0,785661376953125	57,1119995117188
0,472157815238461	0,787244689941406	57,2120018005371
0,472971587441862	0,788592834472656	57,3120002746582
0,473836262244731	0,790078186035156	57,4119987487793
0,474650063551962	0,791517272949219	57,5120010375977
0,475514738354832	0,793008850097656	57,6119995117188
0,476328510558233	0,794325073242188	57,7120018005371
0,477142340969294	0,795863220214844	57,8120002746582
0,477956142276526	0,797284057617188	57,9119987487793
0,478820787975565	0,798606506347656	58,0120010375977
0,479634618386626	0,799970764160156	58,1119995117188
0,480448390590027	0,801435729980469	58,2120018005371
0,481262221001089	0,802785278320313	58,3120002746582
0,48207602230832	0,804185485839844	58,4119987487793
0,482940668007359	0,805748107910156	58,5120010375977
0,483754498418421	0,807134338378906	58,6119995117188
0,484568270621821	0,80852197265625	58,7120018005371
0,485432945424691	0,809960693359375	58,8120002746582
0,486246746731922	0,811445007324219	58,9119987487793
0,487060548039153	0,812757202148438	59,0120010375977
0,487925193738192	0,814117004394531	59,1119995117188
0,488738995045424	0,815285705566406	59,2120018005371
0,489552854560316	0,816920104980469	59,3120002746582
0,490417471155524	0,818483581542969	59,4119987487793
0,491231272462755	0,819856506347656	59,5120010375977
0,492095947265625	0,82126416015625	59,6119995117188
0,492909748572856	0,822700317382813	59,7120018005371
0,493774423375726	0,824026550292969	59,8120002746582
0,494588224682957	0,825476623535156	59,9119987487793
0,495402025990188	0,8267861328125	60,0120010375977
0,496266700793058	0,828309692382813	60,1119995117188
0,497080502100289	0,829591674804688	60,2120018005371
0,49789430340752	0,831152893066406	60,3120002746582
0,498708104714751	0,83256103515625	60,4119987487793
0,499521906021982	0,833890686035156	60,5120010375977
0,500335707329214	0,835284790039063	60,6119995117188
0,501149450428784	0,836607299804688	60,7120018005371
0,501963309943676	0,837976745605469	60,8120002746582
0,502777111250907	0,839437255859375	60,9119987487793
0,503590854350477	0,840853393554688	61,0120010375977
0,50440471386537	0,842265197753906	61,1119995117188
0,505269330460578	0,843634094238281	61,2120018005371
0,50608318997547	0,844992614746094	61,3120002746582
0,506896991282701	0,846427307128906	61,4119987487793
0,507710734382272	0,847873107910156	61,5120010375977
0,508524593897164	0,849130676269531	61,6119995117188
0,509338395204395	0,850588684082031	61,7120018005371
0,510203070007265	0,852084411621094	61,8120002746582
0,511016871314496	0,853317260742188	61,9119987487793
0,511881546117365	0,854747924804688	62,0120010375977
0,512695289216936	0,856197814941406	62,1119995117188
0,513560022227466	0,857728942871094	62,2120018005371
0,514373765327036	0,85906787109375	62,3120002746582
0,515238440129906	0,860613525390625	62,4119987487793
0,516103114932776	0,862014099121094	62,5120010375977
0,516967789735645	0,863380615234375	62,6119995117188
0,517781532835215	0,864942443847656	62,7120018005371
0,518646265845746	0,866404479980469	62,8120002746582
0,519510940648615	0,867586608886719	62,9119987487793
0,520375557243824	0,869170532226563	63,0120010375977
0,521189416758716	0,870607299804688	63,1119995117188
0,522054033353925	0,871922668457031	63,2120018005371
0,522867834661156	0,8732734375	63,3120002746582
0,523681635968387	0,874585144042969	63,4119987487793
0,524495437275618	0,876013793945313	63,5120010375977
0,525360112078488	0,877385681152344	63,6119995117188
0,526173913385719	0,878680603027344	63,7120018005371
0,52698771469295	0,879958435058594	63,8120002746582
0,527801516000181	0,881407775878906	63,9119987487793
0,528615317307413	0,882841979980469	64,0120010375977
0,529429118614644	0,884076110839844	64,1119995117188
0,530293735209852	0,885528381347656	64,2119979858398
0,531107594724745	0,886749084472656	64,3119964599609
0,531921396031976	0,888165954589844	64,4120025634766
0,532735197339207	0,889573120117188	64,5120010375977
0,533599872142076	0,890878479003906	64,6119995117188
0,534413615241647	0,892391845703125	64,7119979858398
0,535227474756539	0,893628662109375	64,8119964599609
0,536092091351748	0,895093200683594	64,9120025634766
0,53690595086664	0,896552856445313	65,0120010375977
0,537719752173871	0,897715637207031	65,1119995117188
0,53858442697674	0,899231567382813	65,2119979858398
0,539398170076311	0,900720886230469	65,3119964599609
0,540262903086841	0,90199609375	65,4120025634766
0,541076646186411	0,903382019042969	65,5120010375977
0,541941320989281	0,904988098144531	65,6119995117188
0,542755122296512	0,906109619140625	65,7119979858398
0,543568923603743	0,907474914550781	65,8119964599609
0,544382724910975	0,908926391601563	65,9120025634766
0,545196526218206	0,910276489257813	66,0120010375977
0,546010327525437	0,911649475097656	66,1119995117188
0,546824128832668	0,912885070800781	66,2119979858398
0,547637930139899	0,914285583496094	66,3119964599609
0,54845173144713	0,915580993652344	66,4120025634766
0,549265590962023	0,916898376464844	66,5120010375977
0,550079334061593	0,918160583496094	66,6119995117188
0,550893135368824	0,919336791992188	66,7119979858398
0,551706994883716	0,920804016113281	66,8119964599609
0,552520737983286	0,922092468261719	66,9120025634766
0,553334539290518	0,923558288574219	67,0120010375977
0,55414839880541	0,9249033203125	67,1119995117188
0,555013015400618	0,92623779296875	67,2119979858398
0,55582681670785	0,927550903320313	67,3119964599609
0,556640618015081	0,928976257324219	67,4120025634766
0,55750529281795	0,930364807128906	67,5120010375977
0,558319094125181	0,931641784667969	67,6119995117188
0,559132895432413	0,933058288574219	67,7119979858398
0,559997570235282	0,934444274902344	67,8119964599609
0,560862245038152	0,935714904785156	67,9120025634766
0,561676046345383	0,93711962890625	68,0120010375977
0,562540721148252	0,938652404785156	68,1119995117188
0,563405337743461	0,940155944824219	68,2119979858398
0,564270012546331	0,941341735839844	68,3119964599609
0,5651346873492	0,942846557617188	68,4120025634766
0,565999303944409	0,944184875488281	68,5120010375977
0,566813163459301	0,945694763183594	68,6119995117188
0,56767778005451	0,947133728027344	68,7119979858398
0,568491639569402	0,948334655761719	68,8119964599609
0,56935625616461	0,949695983886719	68,9120025634766
0,570170115679502	0,950977722167969	69,0120010375977
0,571034732274711	0,952364196777344	69,1119995117188
0,571848591789603	0,95384228515625	69,2119979858398
0,572662334889174	0,955068725585938	69,3119964599609
0,573476136196405	0,95638134765625	69,4120025634766
0,574340810999274	0,957871948242188	69,5120010375977
0,575154612306505	0,958968322753906	69,6119995117188
0,575968471821398	0,960382263183594	69,7119979858398
0,576833088416606	0,961835571289063	69,8119964599609
0,577646889723837	0,963052978515625	69,9120025634766
0,578460691031069	0,964402221679688	70,0120010375977
0,579325365833938	0,965819580078125	70,1119995117188
0,580139167141169	0,966984558105469	70,2119979858398
0,580952968448401	0,968359436035156	70,3119964599609
0,58181764325127	0,969633483886719	70,4120025634766
0,58263138635084	0,970968688964844	70,5120010375977
0,583445245865732	0,972357666015625	70,6119995117188
0,584309862460941	0,97349755859375	70,7119979858398
0,585123721975833	0,974806213378906	70,8119964599609
0,585988338571042	0,976184631347656	70,9120025634766
0,586802198085934	0,977633239746094	71,0120010375977
0,587666814681143	0,978773620605469	71,1119995117188
0,588480674196035	0,980125244140625	71,2119979858398
0,589294417295605	0,981627624511719	71,3119964599609
0,590159092098475	0,982783935546875	71,4120025634766
0,590972893405706	0,984086853027344	71,5120010375977
0,591786694712937	0,985692504882813	71,6119995117188
0,592600496020168	0,986791687011719	71,7119979858398
0,593414297327399	0,988015502929688	71,8119964599609
0,59422809863463	0,989557312011719	71,9120025634766
0,595041958149523	0,9907197265625	72,0120010375977
0,595855701249093	0,992062561035156	72,1119995117188
0,596669502556324	0,993476806640625	72,2119979858398
0,597483362071216	0,994652709960938	72,3119964599609
0,598347978666425	0,995988403320313	72,4120025634766
0,599161779973656	0,997267700195313	72,5120010375977
0,599975581280887	0,998530456542969	72,6119995117188
0,600789382588118	0,999865417480469	72,7119979858398
0,601654057390988	1,00105316162109	72,8119964599609
0,602467858698219	1,00258276367188	72,9120025634766
0,603332533501089	1,00373638916016	73,0120010375977
0,604146276600659	1,00513189697266	73,1119995117188
0,605011009611189	1,00649694824219	73,2119979858398
0,60582475271076	1,00782458496094	73,3119964599609
0,606689427513629	1,00906713867188	73,4120025634766
0,60750322882086	1,01032629394531	73,5120010375977
0,60836790362373	1,01182409667969	73,6119995117188
0,6092325784266	1,01326208496094	73,7119979858398
0,610046379733831	1,01447570800781	73,8119964599609
0,6109110545367	1,01588745117188	73,9120025634766
0,611775671131909	1,017353515625	74,0120010375977
0,612589530646801	1,01836822509766	74,1119995117188
0,613403331954032	1,01977838134766	74,2119979858398
0,614268006756902	1,02120739746094	74,3119964599609
0,615081808064133	1,02233856201172	74,4120025634766
0,615895551163703	1,02360852050781	74,5120010375977
0,616709410678595	1,02497058105469	74,6119995117188
0,617574027273804	1,0262490234375	74,7119979858398
0,618387886788696	1,02750854492188	74,8119964599609
0,619201688095927	1,02873889160156	74,9120025634766
0,620015431195498	1,03004870605469	75,0120010375977
0,62082929071039	1,03141650390625	75,1119995117188
0,621693907305598	1,0326640625	75,2119979858398
0,62250776682049	1,03382531738281	75,3119964599609
0,623321509920061	1,03518823242188	75,4120025634766
0,624135311227292	1,03650109863281	75,5120010375977
0,624999986030161	1,03773095703125	75,6119995117188
0,625813787337393	1,03911657714844	75,7119979858398
0,626678462140262	1,04035986328125	75,8119964599609
0,627492263447493	1,04170593261719	75,9120025634766
0,628356938250363	1,04278662109375	76,0120010375977
0,629170739557594	1,04426354980469	76,1119995117188
0,630035414360464	1,04556079101563	76,2119979858398
0,630849157460034	1,0467666015625	76,3119964599609
0,631713890470564	1,04817321777344	76,4120025634766
0,632578565273434	1,04958410644531	76,5120010375977
0,633392308373004	1,05060559082031	76,6119995117188
0,634257041383535	1,05204797363281	76,7119979858398
0,635121657978743	1,05335864257813	76,8119964599609
0,635935459285975	1,05457751464844	76,9120025634766
0,636749260593206	1,05580285644531	77,0120010375977
0,637563061900437	1,05718298339844	77,1119995117188
0,638427736703306	1,05833288574219	77,2119979858398
0,639241538010538	1,05927685546875	77,3119964599609
0,640055339317769	1,06071655273438	77,4120025634766
0,640869140625	1,06193127441406	77,5120010375977
0,641632068436593	1,06288598632813	77,6119995117188
0,642445869743824	1,06431591796875	77,7119979858398
0,643259729258716	1,06542504882813	77,8119964599609
0,644073472358286	1,0666982421875	77,9120025634766
0,644938147161156	1,06780712890625	78,0120010375977
0,645751948468387	1,06902551269531	78,1119995117188
0,646565749775618	1,07039624023438	78,2119979858398
0,647430424578488	1,07170764160156	78,3119964599609
0,648244225885719	1,0728173828125	78,4120025634766
0,64905802719295	1,07418017578125	78,5120010375977
0,649922643788159	1,07533447265625	78,6119995117188
0,650736503303051	1,07651049804688	78,7119979858398
0,65160111989826	1,07800854492188	78,8119964599609
0,652414979413152	1,07927941894531	78,9120025634766
0,65327959600836	1,08068542480469	79,0120010375977
0,654093455523252	1,08192687988281	79,1119995117188
0,654958072118461	1,08310266113281	79,2119979858398
0,655822746921331	1,08441711425781	79,3119964599609
0,656636548228562	1,08571374511719	79,4120025634766
0,657501223031431	1,08683996582031	79,5120010375977
0,658315024338663	1,08821508789063	79,6119995117188
0,659179699141532	1,08937133789063	79,7119979858398
0,659993442241102	1,09082385253906	79,8119964599609
0,660858175251633	1,09201452636719	79,9120025634766
0,661671918351203	1,0932197265625	80,0120010375977
0,662485777866095	1,09432287597656	80,1119995117188
0,663299579173326	1,09558959960938	80,2119979858398
0,664164253976196	1,09706689453125	80,3119964599609
0,664978055283427	1,09824426269531	80,4120025634766
0,665791798382998	1,099373046875	80,5120010375977
0,66660565789789	1,10053295898438	80,6119995117188
0,667419459205121	1,10176196289063	80,7119979858398
0,66828413400799	1,1030771484375	80,8119964599609
0,669097877107561	1,10421398925781	80,9120025634766
0,669911678414792	1,10533483886719	81,0120010375977
0,670776353217661	1,10667248535156	81,1119995117188
0,671590154524893	1,10797387695313	81,2119979858398
0,672404014039785	1,10914025878906	81,3119964599609
0,673268630634993	1,11045886230469	81,4120025634766
0,674133305437863	1,11174487304688	81,5120010375977
0,674947106745094	1,11287939453125	81,6119995117188
0,675811781547964	1,11419079589844	81,7119979858398
0,676625524647534	1,11536950683594	81,8119964599609
0,677490257658064	1,11665417480469	81,9120025634766
0,678304000757635	1,1178896484375	82,0120010375977
0,679168675560504	1,11894738769531	82,1119995117188
0,679982476867735	1,1202705078125	82,2119979858398
0,680796336382627	1,12143664550781	82,3119964599609
0,681610079482198	1,12267395019531	82,4120025634766
0,682474812492728	1,12390734863281	82,5120010375977
0,683288555592299	1,12494689941406	82,6119995117188
0,68410235689953	1,12625256347656	82,7119979858398
0,684916216414422	1,12742907714844	82,8119964599609
0,685729959513992	1,12849768066406	82,9120025634766
0,686543760821223	1,12965966796875	83,0120010375977
0,687357620336115	1,13077233886719	83,1119995117188
0,688171363435686	1,13197912597656	83,2119979858398
0,688985164742917	1,13298315429688	83,3119964599609
0,689799024257809	1,13426696777344	83,4120025634766
0,690612767357379	1,13545300292969	83,5120010375977
0,69142656866461	1,13650610351563	83,6119995117188
0,692240428179502	1,13772277832031	83,7119979858398
0,693105044774711	1,13889440917969	83,8119964599609
0,693918904289603	1,14011511230469	83,9120025634766
0,694732647389174	1,14128234863281	84,0120010375977
0,695597322192043	1,14241625976563	84,1119995117188
0,696411123499274	1,143734375	84,2119979858398
0,697224924806505	1,14494995117188	84,3119964599609
0,698089599609375	1,14610437011719	84,4120025634766
0,698903400916606	1,14737707519531	84,5120010375977
0,699768075719476	1,14872973632813	84,6119995117188
0,700632750522345	1,14972961425781	84,7119979858398
0,701446551829576	1,151005859375	84,8119964599609
0,702311226632446	1,15217578125	84,9120025634766
0,703175843227655	1,15339831542969	85,0120010375977
0,703989702742547	1,15474523925781	85,1119995117188
0,704854319337755	1,155787109375	85,2119979858398
0,705668178852648	1,15698620605469	85,3119964599609
0,706532795447856	1,15806359863281	85,4120025634766
0,707346596755087	1,15916979980469	85,5120010375977
0,708160398062319	1,16058728027344	85,6119995117188
0,709025072865188	1,16164965820313	85,7119979858398
0,709838874172419	1,16279174804688	85,8119964599609
0,710652675479651	1,16398522949219	85,9120025634766
0,711466476786882	1,16509252929688	86,0120010375977
0,71233109338209	1,16630456542969	86,1119995117188
0,713144952896982	1,16743310546875	86,2119979858398
0,713958754204214	1,16867138671875	86,3119964599609
0,714823429007083	1,16966979980469	86,4120025634766
0,715637230314314	1,17088293457031	86,5120010375977
0,716450973413885	1,17198107910156	86,6119995117188
0,717315648216754	1,17313293457031	86,7119979858398
0,718129449523985	1,174373046875	86,8119964599609
0,718994124326855	1,17557849121094	86,9120025634766
0,719807925634086	1,17672827148438	87,0120010375977
0,720621785148978	1,17796472167969	87,1119995117188
0,721486401744187	1,17891979980469	87,2119979858398
0,722351076547056	1,18012060546875	87,3119964599609
0,723164877854288	1,1814130859375	87,4120025634766
0,724029552657157	1,18240551757813	87,5120010375977
0,724843295756727	1,1835693359375	87,6119995117188
0,725708028767258	1,18490893554688	87,7119979858398
0,726521771866828	1,18588098144531	87,8119964599609
0,727386446669698	1,18712756347656	87,9120025634766
0,728200247976929	1,18826501464844	88,0120010375977
0,729014107491821	1,18947106933594	88,1119995117188
0,729827908799052	1,190392578125	88,2119979858398
0,730641651898623	1,19157641601563	88,3119964599609
0,731455511413515	1,19256958007813	88,4120025634766
0,732269312720746	1,19371618652344	88,5120010375977
0,733083055820316	1,19484350585938	88,6119995117188
0,733947730623186	1,19581433105469	88,7119979858398
0,734710716642439	1,19698181152344	88,8119964599609
0,735575391445309	1,19814001464844	88,9120025634766
0,736389134544879	1,19903295898438	89,0120010375977
0,73720293585211	1,20014392089844	89,1119995117188
0,738016795367002	1,20121813964844	89,2119979858398
0,738830538466573	1,2023916015625	89,3119964599609
0,739644339773804	1,20349682617188	89,4120025634766
0,740458199288696	1,20431323242188	89,5120010375977
0,741322815883905	1,20551391601563	89,6119995117188
0,742136675398797	1,20683459472656	89,7119979858398
0,743001291994005	1,207986328125	89,8119964599609
0,743815151508898	1,20902807617188	89,9120025634766
0,744679768104106	1,21020751953125	90,0120010375977
0,745493569411337	1,21141491699219	90,1119995117188
0,746358244214207	1,21240393066406	90,2119979858398
0,747172045521438	1,21358850097656	90,3119964599609
0,748036662116647	1,21472814941406	90,4120025634766
0,748901395127177	1,21581384277344	90,5120010375977
0,749766069930047	1,21706750488281	90,6119995117188
0,750630686525255	1,21822961425781	90,7119979858398
0,751495361328125	1,21925952148438	90,8119964599609
0,752309162635356	1,22042468261719	90,9120025634766
0,753173837438226	1,22144360351563	91,0120010375977
0,753987638745457	1,22254077148438	91,1119995117188
0,754852313548326	1,22362341308594	91,2119979858398
0,755666056647897	1,22458605957031	91,3119964599609
0,756479916162789	1,2260126953125	91,4120025634766
0,75729371747002	1,22686926269531	91,5120010375977
0,75815839227289	1,22785522460938	91,6119995117188
0,758972193580121	1,22892407226563	91,7119979858398
0,759785936679691	1,2300361328125	91,8119964599609
0,760599796194583	1,23088598632813	91,9120025634766
0,761413597501814	1,2320087890625	92,0120010375977
0,762278272304684	1,23300134277344	92,1119995117188
0,763092015404254	1,23411767578125	92,2119979858398
0,763905816711485	1,235197265625	92,3119964599609
0,764770491514355	1,23622595214844	92,4120025634766
0,765584292821586	1,23728820800781	92,5120010375977
0,766398152336478	1,23817797851563	92,6119995117188
0,767262768931687	1,23935461425781	92,7119979858398
0,768076570238918	1,24020703125	92,8119964599609
0,768941245041788	1,24138806152344	92,9120025634766
0,769755046349019	1,24252197265625	93,0120010375977
0,77056884765625	1,24349377441406	93,1119995117188
0,77143352245912	1,244603515625	93,2119979858398
0,772298139054328	1,24557299804688	93,3119964599609
0,77311199856922	1,24686779785156	93,4120025634766
0,773925799876451	1,24744750976563	93,5120010375977
0,774790474679321	1,24858923339844	93,6119995117188
0,775604275986552	1,24974719238281	93,7119979858398
0,776418019086123	1,25067163085938	93,8119964599609
0,777231878601015	1,25164721679688	93,9120025634766
0,778045679908246	1,25264318847656	94,0120010375977
0,778910354711115	1,25354528808594	94,1119995117188
0,779724097810686	1,25463220214844	94,2119979858398
0,780537899117917	1,25551550292969	94,3119964599609
0,781351758632809	1,25650695800781	94,4120025634766
0,782165501732379	1,25742834472656	94,5120010375977
0,78297930303961	1,25834924316406	94,6119995117188
0,783793162554502	1,25934094238281	94,7119979858398
0,784657779149711	1,26040295410156	94,8119964599609
0,785471638664603	1,26144360351563	94,9120025634766
0,786285381764174	1,26232958984375	95,0120010375977
0,787150056567043	1,26331726074219	95,1119995117188
0,787963857874274	1,26440051269531	95,2119979858398
0,788777659181505	1,26525659179688	95,3119964599609
0,789642333984375	1,26630383300781	95,4120025634766
0,790456135291606	1,26731091308594	95,5120010375977
0,791320810094476	1,26811437988281	95,6119995117188
0,792185484897345	1,26927490234375	95,7119979858398
0,792999286204576	1,27006616210938	95,8119964599609
0,793863961007446	1,27110180664063	95,9120025634766
0,794728577602655	1,27198681640625	96,0120010375977
0,795542437117547	1,27309350585938	96,1119995117188
0,796407053712755	1,27400561523438	96,2119979858398
0,797271728515625	1,27502087402344	96,3119964599609
0,798085529822856	1,27588146972656	96,4120025634766
0,798950204625726	1,27685754394531	96,5120010375977
0,799764005932957	1,27783715820313	96,6119995117188
0,800577807240188	1,27866979980469	96,7119979858398
0,801442423835397	1,27965234375	96,8119964599609
0,802256283350289	1,280697265625	96,9120025634766
0,80307008465752	1,28165893554688	97,0120010375977
0,80388382775709	1,28240307617188	97,1119995117188
0,804748560767621	1,2834130859375	97,2119979858398
0,805562303867191	1,28441296386719	97,3119964599609
0,806376163382083	1,28513171386719	97,4120025634766
0,807189964689314	1,28599328613281	97,5120010375977
0,808003707788885	1,28704357910156	97,6119995117188
0,808868382591754	1,28774243164063	97,7119979858398
0,809682183898985	1,28881457519531	97,8119964599609
0,810496043413877	1,28949694824219	97,9120025634766
0,811309786513448	1,29050061035156	98,0120010375977
0,812174519523978	1,2914072265625	98,1119995117188
0,812988262623549	1,292423828125	98,2119979858398
0,813852937426418	1,29331689453125	98,3119964599609
0,814666738733649	1,29421850585938	98,4120025634766
0,815531413536519	1,29495275878906	98,5120010375977
0,81634521484375	1,29584851074219	98,6119995117188
0,81720988964662	1,29681286621094	98,7119979858398
0,818023690953851	1,29768579101563	98,8119964599609
0,81888836575672	1,29850756835938	98,9120025634766
0,819702167063951	1,29933251953125	99,0120010375977
0,820566841866821	1,30020275878906	99,1119995117188
0,821380643174052	1,30100549316406	99,2119979858398
0,822194386273623	1,30191674804688	99,3119964599609
0,823008245788515	1,30294836425781	99,4120025634766
0,823822047095746	1,30373107910156	99,5120010375977
0,824635790195316	1,30456091308594	99,6119995117188
0,825449649710208	1,30529077148438	99,7119979858398
0,826263451017439	1,30602697753906	99,8119964599609
0,82707719411701	1,30685876464844	99,9120025634766
0,827891053631902	1,30778100585938	100,012001037598
0,828704854939133	1,30826477050781	100,111999511719
0,829518598038703	1,30927612304688	100,21199798584
0,830383272841573	1,31020349121094	100,311996459961
0,831197074148804	1,31096044921875	100,412002563477
0,832010933663696	1,31180102539063	100,512001037598
0,832824734970927	1,31259753417969	100,611999511719
0,833689409773797	1,31322338867188	100,71199798584
0,834503152873367	1,31420190429688	100,811996459961
0,835316954180598	1,31503100585938	100,912002563477
0,836181628983468	1,31577758789063	101,012001037598
0,836995430290699	1,31646728515625	101,111999511719
0,837860105093569	1,31747875976563	101,21199798584
0,8386739064008	1,31826623535156	101,311996459961
0,839538581203669	1,31899890136719	101,412002563477
0,840403256006539	1,31982604980469	101,512001037598
0,84121705731377	1,32061608886719	101,611999511719
0,84208173211664	1,32156909179688	101,71199798584
0,842946348711848	1,32228344726563	101,811996459961
0,843811023514718	1,32310803222656	101,912002563477
0,844624824821949	1,32392114257813	102,012001037598
0,845489499624819	1,32487072753906	102,111999511719
0,84630330093205	1,32547253417969	102,21199798584
0,847117102239281	1,32628698730469	102,311996459961
0,847981777042151	1,32713464355469	102,412002563477
0,848795578349382	1,32796008300781	102,512001037598
0,849609379656613	1,3285029296875	102,611999511719
0,850423180963844	1,329224609375	102,71199798584
0,851236982271075	1,32987463378906	102,811996459961
0,852050783578306	1,33048474121094	102,912002563477
0,852915458381176	1,33120239257813	103,012001037598
0,853729259688407	1,33181872558594	103,111999511719
0,854543002787977	1,33259155273438	103,21199798584
0,85535686230287	1,33333569335938	103,311996459961
0,856221478898078	1,33400048828125	103,412002563477
0,85703533841297	1,33490441894531	103,512001037598
0,857849139720201	1,335525390625	103,611999511719
0,858662882819772	1,33628381347656	103,71199798584
0,859527615830302	1,33701391601563	103,811996459961
0,860341358929873	1,33765954589844	103,912002563477
0,861206033732742	1,33836340332031	104,012001037598
0,862070766743273	1,33895910644531	104,111999511719
0,862884509842843	1,3398583984375	104,21199798584
0,863749184645712	1,34064916992188	104,311996459961
0,864613859448582	1,34121813964844	104,412002563477
0,865427660755813	1,34193627929688	104,512001037598
0,866292277351022	1,34255090332031	104,611999511719
0,867106136865914	1,34330554199219	104,71199798584
0,867919938173145	1,34390234375	104,811996459961
0,868733681272715	1,34449597167969	104,912002563477
0,869598414283246	1,34516162109375	105,012001037598
0,870412157382816	1,34586535644531	105,111999511719
0,871226016897708	1,34642785644531	105,21199798584
0,872039818204939	1,34699389648438	105,311996459961
0,87285356130451	1,34742504882813	105,412002563477
0,873667420819402	1,34817138671875	105,512001037598
0,874481222126633	1,34871179199219	105,611999511719
0,875294965226203	1,34927722167969	105,71199798584
0,876108824741095	1,34992443847656	105,811996459961
0,876922626048326	1,350388671875	105,912002563477
0,877787300851196	1,35152331542969	106,012001037598
0,878601102158427	1,35139270019531	106,111999511719
0,879414845257998	1,35226672363281	106,21199798584
0,88022870477289	1,35276867675781	106,311996459961
0,881093321368098	1,35346545410156	106,412002563477
0,88190718088299	1,35397607421875	106,512001037598
0,882771797478199	1,35458471679688	106,611999511719
0,883585656993091	1,35516345214844	106,71199798584
0,8844502735883	1,35576147460938	106,811996459961
0,885264074895531	1,35620336914063	106,912002563477
0,886128749698401	1,35678308105469	107,012001037598
0,88699342450127	1,35747937011719	107,111999511719
0,88785809930414	1,35797253417969	107,21199798584
0,888671900611371	1,358576171875	107,311996459961
0,88953657541424	1,35918688964844	107,412002563477
0,890401192009449	1,35967858886719	107,512001037598
0,891215051524341	1,36010119628906	107,611999511719
0,892028794623911	1,36049780273438	107,71199798584
0,892893469426781	1,36078283691406	107,811996459961
0,893707270734012	1,36147180175781	107,912002563477
0,894571945536882	1,36175219726563	108,012001037598
0,895385746844113	1,36230200195313	108,111999511719
0,896199548151344	1,3627080078125	108,21199798584
0,897013349458575	1,36291345214844	108,311996459961
0,897877966053784	1,36339428710938	108,412002563477
0,898691825568676	1,36365112304688	108,512001037598
0,899505626875907	1,36416723632813	108,611999511719
0,900370301678777	1,36447534179688	108,71199798584
0,901184102986008	1,36463879394531	108,811996459961
0,901997846085578	1,36502856445313	108,912002563477
0,902862520888448	1,36529455566406	109,012001037598
0,903676322195679	1,36538696289063	109,111999511719
0,904490181710571	1,36554260253906	109,21199798584
0,90535479830578	1,36568969726563	109,311996459961
0,906168657820672	1,3657451171875	109,412002563477
0,90703327441588	1,36546887207031	109,512001037598
0,907847133930773	1,36549621582031	109,611999511719
0,908711750525981	1,36479431152344	109,71199798584
0,909525551833212	1,36378259277344	109,811996459961
0,910390226636082	1,35951281738281	109,912002563477
0,91242475900799	-0,0838792343139648	109,977996826172
