File Path: D:\Ensayos Víctor\Fase III\Virgen\horizontal\Test Run 12 16-05-2019 12 46 08\DAQ- Crosshead; … - (Timed).txt   
Test: ENSAYOS TRACCION PLA 3
Test Run: Test Run 12
Date: 16/05/2019 12:42:20


Crosshead 	Load 	Time 
mm	kN	sec
0,000203450511548908	0,0645671081542969	0,112000003457069
0,000406901023097817	0,0650740661621094	0,211999997496605
0,000712076825948316	0,0651328964233398	0,312000006437302
0,0013224283748059	0,0648929138183594	0,412000000476837
0,00188191734196153	0,0651161041259766	0,512000024318695
0,00233968080465274	0,0657422332763672	0,611999988555908
0,00279744449471764	0,0651563949584961	0,712000012397766
0,00325520818478253	0,0655576324462891	0,811999976634979
0,00376383468392305	0,0659337539672852	0,912000000476837
0,00427246095568989	0,0658067474365234	1,01199996471405
0,00483194980915869	0,0663268890380859	1,11199998855591
0,00554402686248068	0,0676547241210938	1,21200001239777
0,00630696649750462	0,0691004028320313	1,31200003623962
0,00712076825948316	0,0693581085205078	1,41199994087219
0,0079345700214617	0,0692766418457031	1,51199996471405
0,00874837223818759	0,0700649032592773	1,61199998855591
0,00961303703661542	0,0702456741333008	1,71200001239777
0,0104268392533413	0,0705225219726563	1,81200003623962
0,0112406414700672	0,0704624099731445	1,91199994087219
0,0121053053590003	0,0709836883544922	2,01200008392334
0,0129191084852209	0,0711958312988281	2,11199998855591
0,0137837723741541	0,0716796722412109	2,21199989318848
0,0145975755003747	0,0716175537109375	2,31200003623962
0,0154622393893078	0,0722876434326172	2,41199994087219
0,0163269050972303	0,0723111419677734	2,51200008392334
0,0171407064044615	0,0724849166870117	2,61199998855591
0,0180053702933947	0,0727291107177734	2,71199989318848
0,0188191734196153	0,0731559829711914	2,81200003623962
0,0196838373085484	0,0734762496948242	2,91199994087219
0,0205485011974815	0,0736768646240234	3,01200008392334
0,0214131687243935	0,0735671615600586	3,11199998855591
0,0222269682126353	0,0742068328857422	3,21199989318848
0,0230407713388558	0,0744348678588867	3,31200003623962
0,023905435227789	0,0745897598266602	3,41199994087219
0,0247192383540096	0,0748158493041992	3,51200008392334
0,0255330414802302	0,075370361328125	3,61199998855591
0,0263977053691633	0,0757964782714844	3,71199989318848
0,0272115084953839	0,0763680801391602	3,81200003623962
0,0280253079836257	0,0770121917724609	3,91199994087219
0,0288391111098463	0,0779413986206055	4,01200008392334
0,0296529142360669	0,0785654754638672	4,11199998855591
0,0304667155432981	0,0794692916870117	4,21199989318848
0,0312805168505292	0,0802622604370117	4,31199979782104
0,0320943181577604	0,0806843185424805	4,41200017929077
0,0329081231029704	0,0817522735595703	4,51200008392334
0,0337727869919036	0,0819992218017578	4,61199998855591
0,0345865882991347	0,0828985900878906	4,71199989318848
0,0354003896063659	0,0833693466186523	4,81199979782104
0,0362650571332779	0,0839116668701172	4,91200017929077
0,0370788584405091	0,08448388671875	5,01200008392334
0,0379435223294422	0,0851295318603516	5,11199998855591
0,0387573236366734	0,0855013580322266	5,21199989318848
0,0396219911635853	0,0864281768798828	5,31199979782104
0,0404357924708165	0,0865242080688477	5,41200017929077
0,0413004563597497	0,0885018005371094	5,51200008392334
0,0421651202486828	0,0875841522216797	5,61199998855591
0,0429789251938928	0,0892741775512695	5,71199989318848
0,0438435854448471	0,0903553695678711	5,81199979782104
0,0447082529717591	0,0919292678833008	5,91200017929077
0,0455729168606922	0,0933935546875	6,01200008392334
0,0463867181679234	0,0950822372436523	6,11199998855591
0,0472513856948353	0,0967548522949219	6,21199989318848
0,0481160459457897	0,097722297668457	6,31199979782104
0,0489298508909997	0,099116943359375	6,41200017929077
0,0497436521982308	0,100751655578613	6,51200008392334
0,0506083197251428	0,101878601074219	6,61199998855591
0,0514221173943952	0,103283218383789	6,71199989318848
0,0522359187016264	0,104867782592773	6,81199979782104
0,0531005862285383	0,106134536743164	6,91200017929077
0,0539143875357695	0,107234855651855	7,01200008392334
0,0547281924809795	0,108670349121094	7,11199998855591
0,0555419937882107	0,109944999694824	7,21199989318848
0,0564066576771438	0,111017288208008	7,31199979782104
0,057220458984375	0,112043251037598	7,41200017929077
0,0580342602916062	0,113227470397949	7,51200008392334
0,0588989241805393	0,115235511779785	7,61199998855591
0,0597127254877705	0,11582958984375	7,71199989318848
0,0605773930146825	0,117289047241211	7,81199979782104
0,0613911906839348	0,117805374145508	7,91200017929077
0,0622558582108468	0,118978797912598	8,01200008392334
0,0630696667940356	0,120381408691406	8,11200046539307
0,0639343270449899	0,121487197875977	8,21199989318848
0,0647481283522211	0,123233520507813	8,3120002746582
0,065612795879133	0,124245262145996	8,41199970245361
0,0664265971863642	0,125523933410645	8,51200008392334
0,0672912574373186	0,126945259094238	8,61200046539307
0,0681559249642305	0,128190704345703	8,71199989318848
0,0689697262714617	0,12942707824707	8,8120002746582
0,0697835275786929	0,130632476806641	8,91199970245361
0,0706481951056048	0,131912826538086	9,01200008392334
0,071461996412836	0,132949584960938	9,11200046539307
0,0722757977200672	0,134205978393555	9,21199989318848
0,0731404652469791	0,135573028564453	9,3120002746582
0,0739542592782527	0,136839447021484	9,41199970245361
0,0747680678614415	0,137216232299805	9,51200008392334
0,0755818691686727	0,138504272460938	9,61200046539307
0,0763956704759039	0,139519958496094	9,71199989318848
0,0772094717831351	0,140920074462891	9,8120002746582
0,0780232803663239	0,142401702880859	9,91199970245361
0,0788370743975975	0,143585418701172	10,0120000839233
0,0797017419245094	0,145183395385742	10,1120004653931
0,0805155432317406	0,146320755004883	10,2119998931885
0,0813293445389718	0,147615158081055	10,3120002746582
0,0821940047899261	0,14906575012207	10,4119997024536
0,0830078133731149	0,150386520385742	10,5120000839233
0,0838724736240692	0,151808685302734	10,6120004653931
0,084686282207258	0,153260757446289	10,7119998931885
0,0855000835144892	0,154859085083008	10,8120002746582
0,0863647437654436	0,156434829711914	10,9119997024536
0,0872294112923555	0,157346878051758	11,0120000839233
0,0880432125995867	0,158116577148438	11,1120004653931
0,088907872850541	0,159354766845703	11,2119998931885
0,0897725476534106	0,160239364624023	11,3120002746582
0,0905863416846842	0,161460327148438	11,4119997024536
0,0914510092115961	0,162314514160156	11,5120000839233
0,092315676738508	0,163528594970703	11,6120004653931
0,0931294780457392	0,164828231811523	11,7119998931885
0,0939941382966936	0,165298828125	11,8120002746582
0,0948079468798824	0,166413513183594	11,9119997024536
0,0956726071308367	0,167776290893555	12,0120000839233
0,0964864084380679	0,169417709350586	12,1120004653931
0,0973510759649798	0,171111129760742	12,2119998931885
0,098164877272211	0,172770645141602	12,3120002746582
0,0989786785794422	0,174464462280273	12,4119997024536
0,0997924798866734	0,175980865478516	12,5120000839233
0,100606288469862	0,177675811767578	12,6120004653931
0,101470948720817	0,179477493286133	12,7119998931885
0,102284750028048	0,18098469543457	12,8120002746582
0,103098551335279	0,182222030639648	12,9119997024536
0,10391235264251	0,183916122436523	13,0120000839233
0,104777012893464	0,185633529663086	13,1120004653931
0,105590821476653	0,187120300292969	13,2119998931885
0,106404622783884	0,188884872436523	13,3120002746582
0,107269290310796	0,190551254272461	13,4119997024536
0,108083091618028	0,192183410644531	13,5120000839233
0,108947751868982	0,193392608642578	13,6120004653931
0,109761560452171	0,195211410522461	13,7119998931885
0,110626220703125	0,197217910766602	13,8120002746582
0,111440022010356	0,198617248535156	13,9119997024536
0,112304689537268	0,200406341552734	14,0120000839233
0,113169349788222	0,201651138305664	14,1120004653931
0,114034017315134	0,20344367980957	14,2119998931885
0,114847818622366	0,205264038085938	14,3120002746582
0,115661619929597	0,206412994384766	14,4119997024536
0,116526280180551	0,208234558105469	14,5120000839233
0,11734008876374	0,209797622680664	14,6120004653931
0,118204749014694	0,211448547363281	14,7119998931885
0,119018557597883	0,212990524291992	14,8120002746582
0,119832358905114	0,214775405883789	14,9119997024536
0,120646152936388	0,216214767456055	15,0120000839233
0,121459961519577	0,218347854614258	15,1120004653931
0,122273762826808	0,219701904296875	15,2119998931885
0,123087564134039	0,221370132446289	15,3120002746582
0,12390136544127	0,223040390014648	15,4119997024536
0,124715166748501	0,224511505126953	15,5120000839233
0,125528982607648	0,226086547851563	15,6120004653931
0,126342769362964	0,227423568725586	15,7119998931885
0,127207444165833	0,22920295715332	15,8120002746582
0,128021245473064	0,231121109008789	15,9119997024536
0,12883503222838	0,232901153564453	16,011999130249
0,12969970703125	0,234453643798828	16,1119995117188
0,130513508338481	0,2361337890625	16,2119998931885
0,131327309645712	0,237820236206055	16,3120002746582
0,132191969896667	0,239536163330078	16,4120006561279
0,133005785755813	0,241357208251953	16,511999130249
0,133870431454852	0,243197494506836	16,6119995117188
0,134684247313999	0,244831924438477	16,7119998931885
0,135548907564953	0,246377090454102	16,8120002746582
0,136362723424099	0,248188400268555	16,9120006561279
0,137227369123138	0,250093795776367	17,011999130249
0,138092043926008	0,251770309448242	17,1119995117188
0,138905845233239	0,253332931518555	17,2119998931885
0,139770505484194	0,254882141113281	17,3120002746582
0,140635180287063	0,256585113525391	17,4120006561279
0,141448981594294	0,258473205566406	17,511999130249
0,14226276834961	0,260027526855469	17,6119995117188
0,14312744315248	0,261651123046875	17,7119998931885
0,143941244459711	0,263597595214844	17,8120002746582
0,144755045766942	0,265122711181641	17,9120006561279
0,145568847074173	0,266893951416016	18,011999130249
0,146433521877043	0,268733551025391	18,1119995117188
0,147247308632359	0,270496368408203	18,2119998931885
0,14806110993959	0,272092498779297	18,3120002746582
0,14892578474246	0,274018341064453	18,4120006561279
0,149739571497776	0,275536560058594	18,511999130249
0,150553387356922	0,277229400634766	18,6119995117188
0,151367188664153	0,278745727539063	18,7119998931885
0,152231863467023	0,280472747802734	18,8120002746582
0,153096509166062	0,28222265625	18,9120006561279
0,153910325025208	0,283986480712891	19,011999130249
0,154774985276163	0,285655914306641	19,1119995117188
0,155588786583394	0,287565826416016	19,2119998931885
0,156453446834348	0,289287811279297	19,3120002746582
0,157267262693495	0,290749481201172	19,4120006561279
0,158131908392534	0,292792175292969	19,511999130249
0,15894572425168	0,294463287353516	19,6119995117188
0,159810384502634	0,296283538818359	19,7119998931885
0,160624185809866	0,297935577392578	19,8120002746582
0,161437987117097	0,299903961181641	19,9120006561279
0,162302661919966	0,301599639892578	20,011999130249
0,163116448675282	0,303056793212891	20,1119995117188
0,163930249982513	0,305031585693359	20,2119998931885
0,16474406584166	0,306693603515625	20,3120002746582
0,165608726092614	0,308644653320313	20,4120006561279
0,166422527399845	0,310501556396484	20,511999130249
0,167236328707077	0,311748413085938	20,6119995117188
0,168050130014308	0,313499969482422	20,7119998931885
0,168863931321539	0,315170745849609	20,8120002746582
0,16967773262877	0,316616638183594	20,9120006561279
0,170491533936001	0,318233520507813	21,011999130249
0,171305349795148	0,320211761474609	21,1119995117188
0,172119136550464	0,321867004394531	21,2119998931885
0,172932937857695	0,323758483886719	21,3120002746582
0,173746753716841	0,325165802001953	21,4120006561279
0,17461139941588	0,326954956054688	21,511999130249
0,175425215275027	0,328751800537109	21,6119995117188
0,176239016582258	0,330646331787109	21,7119998931885
0,177103676833212	0,332347747802734	21,8120002746582
0,177917478140444	0,334228271484375	21,9120006561279
0,178782152943313	0,335775451660156	22,011999130249
0,179595954250544	0,337614715576172	22,1119995117188
0,180460614501499	0,339827484130859	22,2119998931885
0,181325274752453	0,340970428466797	22,3120002746582
0,182139090611599	0,342741485595703	22,4120006561279
0,183003736310638	0,344277191162109	22,511999130249
0,183868411113508	0,346595428466797	22,6119995117188
0,184733071364462	0,3482314453125	22,7119998931885
0,185546872671694	0,350507843017578	22,8120002746582
0,186411547474563	0,351875579833984	22,9120006561279
0,187276193173602	0,353781372070313	23,011999130249
0,188090009032749	0,355682739257813	23,1119995117188
0,188954669283703	0,357144073486328	23,2119998931885
0,189768485142849	0,358778442382813	23,3120002746582
0,190582271898165	0,360533355712891	23,4120006561279
0,191396073205397	0,362282745361328	23,511999130249
0,192209889064543	0,363970489501953	23,6119995117188
0,193023675819859	0,365867889404297	23,7119998931885
0,193888350622728	0,367548156738281	23,8120002746582
0,19470215192996	0,369212127685547	23,9120006561279
0,195515938685276	0,371118225097656	24,011999130249
0,196329754544422	0,372860443115234	24,1119995117188
0,197194414795376	0,374595581054688	24,2119998931885
0,198008230654523	0,376161529541016	24,3120002746582
0,198822017409839	0,378134490966797	24,4120006561279
0,199686692212708	0,379963104248047	24,511999130249
0,200500493519939	0,382010833740234	24,6119995117188
0,201314280275255	0,383282623291016	24,7119998931885
0,202178955078125	0,385151153564453	24,8120002746582
0,202992756385356	0,386552398681641	24,9120006561279
0,203857416636311	0,388528991699219	25,011999130249
0,204671217943542	0,390292144775391	25,1119995117188
0,205535892746411	0,392090423583984	25,2119998931885
0,206349679501727	0,393859466552734	25,3120002746582
0,207214354304597	0,395580871582031	25,4120006561279
0,208028155611828	0,397518768310547	25,511999130249
0,208892815862782	0,399404174804688	25,6119995117188
0,209706617170013	0,400988037109375	25,7119998931885
0,21052043302916	0,402629058837891	25,8120002746582
0,211334234336391	0,404403625488281	25,9120006561279
0,212148021091707	0,406333618164063	26,011999130249
0,212961836950853	0,407939422607422	26,1119995117188
0,213775638258085	0,409514892578125	26,2119998931885
0,214589425013401	0,411541290283203	26,3120002746582
0,215403240872547	0,413248870849609	26,4120006561279
0,216267901123501	0,415051696777344	26,511999130249
0,217081716982648	0,416471801757813	26,6119995117188
0,217895503737964	0,418611114501953	26,7119998931885
0,218709305045195	0,420183746337891	26,8120002746582
0,219523120904341	0,4217275390625	26,9120006561279
0,22038776660338	0,423980804443359	27,011999130249
0,221201582462527	0,425453216552734	27,1119995117188
0,222066242713481	0,427361511230469	27,2119998931885
0,222880044020712	0,428961181640625	27,3120002746582
0,223744704271667	0,431192626953125	27,4120006561279
0,224558520130813	0,432462219238281	27,511999130249
0,225423165829852	0,434262573242188	27,6119995117188
0,226287840632722	0,436542694091797	27,7119998931885
0,227152515435591	0,437916931152344	27,8120002746582
0,227966302190907	0,439766204833984	27,9120006561279
0,228830976993777	0,441737670898438	28,011999130249
0,229695637244731	0,443246795654297	28,1119995117188
0,230509438551962	0,444889801025391	28,2119998931885
0,231374098802917	0,446701019287109	28,3120002746582
0,232187914662063	0,448638275146484	28,4120006561279
0,233052560361102	0,450460601806641	28,511999130249
0,233866376220249	0,452186401367188	28,6119995117188
0,234731036471203	0,454174133300781	28,7119998931885
0,235544852330349	0,455802856445313	28,8120002746582
0,236358639085665	0,45762109375	28,9120006561279
0,237172440392897	0,459470092773438	29,011999130249
0,238037115195766	0,461201812744141	29,1119995117188
0,238850901951082	0,462514129638672	29,2119998931885
0,239664717810228	0,464374267578125	29,3120002746582
0,24047851911746	0,466375030517578	29,4120006561279
0,241292305872776	0,468013214111328	29,511999130249
0,242156980675645	0,469856414794922	29,6119995117188
0,242970781982876	0,471370086669922	29,7119998931885
0,243784597842023	0,473173706054688	29,8120002746582
0,244649243541062	0,474892761230469	29,9120006561279
0,245463044848293	0,476712432861328	30,011999130249
0,246276846155524	0,478423889160156	30,1119995117188
0,247141520958394	0,480469085693359	30,2119998931885
0,247955322265625	0,482055145263672	30,3120002746582
0,248819997068495	0,483901153564453	30,4120006561279
0,249633798375726	0,485493072509766	30,511999130249
0,250498444074765	0,487193389892578	30,6119995117188
0,251312245381996	0,489339599609375	30,7119998931885
0,252176920184866	0,490893676757813	30,8120002746582
0,252990721492097	0,492896820068359	30,9120006561279
0,253855367191136	0,494649749755859	31,011999130249
0,254669197602198	0,496405029296875	31,1119995117188
0,255482998909429	0,498276092529297	31,2119998931885
0,256347644608468	0,499820892333984	31,3120002746582
0,257161475019529	0,501539154052734	31,4120006561279
0,25797524722293	0,503120941162109	31,511999130249
0,258789048530161	0,504837585449219	31,6119995117188
0,259602878941223	0,506817535400391	31,7119998931885
0,260416651144624	0,508488647460938	31,8120002746582
0,261230481555685	0,510216674804688	31,9120006561279
0,262044282862917	0,511461791992188	32,0120010375977
0,262858055066317	0,513285034179688	32,1119995117188
0,263722758973017	0,515305969238281	32,2120018005371
0,264536531176418	0,516859558105469	32,3120002746582
0,265350332483649	0,518652221679688	32,4119987487793
0,266164162894711	0,520596618652344	32,5120010375977
0,266977935098112	0,52197802734375	32,6119995117188
0,267842609900981	0,5240419921875	32,7120018005371
0,268656411208212	0,525612060546875	32,8120002746582
0,269470212515444	0,527118591308594	32,9119987487793
0,270334858214483	0,528886352539063	33,0120010375977
0,271148688625544	0,531355590820313	33,1119995117188
0,272013334324583	0,532576477050781	33,2120018005371
0,272827135631815	0,533995300292969	33,3120002746582
0,273691810434684	0,536073791503906	33,4119987487793
0,274505611741915	0,5379501953125	33,5120010375977
0,275370257440954	0,539701232910156	33,6119995117188
0,276234961347654	0,541292175292969	33,7120018005371
0,277048733551055	0,543028930664063	33,8120002746582
0,277913408353925	0,545134643554688	33,9119987487793
0,278778083156794	0,546728698730469	34,0120010375977
0,279591884464026	0,548789855957031	34,1119995117188
0,280456530163065	0,550214050292969	34,2120018005371
0,281270360574126	0,551934692382813	34,3120002746582
0,282084132777527	0,5535244140625	34,4119987487793
0,282897963188589	0,555510681152344	34,5120010375977
0,283762608887628	0,557604736328125	34,6119995117188
0,284576410194859	0,558749816894531	34,7120018005371
0,285390240605921	0,560384582519531	34,8120002746582
0,286204012809321	0,562401916503906	34,9119987487793
0,287017814116552	0,563722961425781	35,0120010375977
0,287831644527614	0,565486572265625	35,1119995117188
0,288696290226653	0,567276306152344	35,2120018005371
0,289510091533884	0,569237548828125	35,3120002746582
0,290323892841116	0,570554931640625	35,4119987487793
0,291188567643985	0,572889892578125	35,5120010375977
0,292002339847386	0,574501342773438	35,6119995117188
0,292867043754086	0,576344543457031	35,7120018005371
0,293680815957487	0,57751025390625	35,8120002746582
0,294545490760356	0,579422790527344	35,9119987487793
0,295359292067587	0,581391174316406	36,0120010375977
0,296223966870457	0,58305615234375	36,1119995117188
0,297037739073858	0,584985290527344	36,2120018005371
0,297902442980558	0,586571166992188	36,3120002746582
0,298716215183958	0,588445373535156	36,4119987487793
0,299580889986828	0,590266357421875	36,5120010375977
0,300445564789698	0,591761291503906	36,6119995117188
0,301259366096929	0,593651794433594	36,7120018005371
0,302073138300329	0,595215881347656	36,8120002746582
0,302937842207029	0,597083557128906	36,9119987487793
0,30375161441043	0,598902465820313	37,0120010375977
0,304565415717661	0,600498901367188	37,1119995117188
0,305379246128723	0,602155212402344	37,2120018005371
0,306193018332124	0,603849670410156	37,3120002746582
0,307006848743185	0,605629211425781	37,4119987487793
0,307820650050417	0,607109008789063	37,5120010375977
0,308634422253817	0,608863525390625	37,6119995117188
0,309448252664879	0,610416015625	37,7120018005371
0,31026205397211	0,6124326171875	37,8120002746582
0,311075826175511	0,614072021484375	37,9119987487793
0,311889656586573	0,615650695800781	38,0120010375977
0,312754302285612	0,617571044921875	38,1119995117188
0,313568103592843	0,619187683105469	38,2120018005371
0,314381934003904	0,620900390625	38,3120002746582
0,315246579702944	0,622485900878906	38,4119987487793
0,316060381010175	0,624520141601563	38,5120010375977
0,316925055813044	0,626232482910156	38,6119995117188
0,317738857120276	0,628039855957031	38,7120018005371
0,318552629323676	0,629689697265625	38,8120002746582
0,319417333230376	0,63134375	38,9119987487793
0,320281978929415	0,632971496582031	39,0120010375977
0,321095780236647	0,6347236328125	39,1119995117188
0,321960455039516	0,636834899902344	39,2120018005371
0,322825100738555	0,638853515625	39,3120002746582
0,323638902045786	0,640555908203125	39,4119987487793
0,324503576848656	0,642061157226563	39,5120010375977
0,325317378155887	0,643910888671875	39,6119995117188
0,326182023854926	0,645655456542969	39,7120018005371
0,326995854265988	0,6472392578125	39,8120002746582
0,327860499965027	0,649027587890625	39,9119987487793
0,328674330376089	0,650939270019531	40,0120010375977
0,32948813168332	0,652644775390625	40,1119995117188
0,330301903886721	0,654107360839844	40,2120018005371
0,331115734297782	0,655859619140625	40,3120002746582
0,331929535605013	0,657489685058594	40,4119987487793
0,332794181304052	0,659624877929688	40,5120010375977
0,333608011715114	0,661017211914063	40,6119995117188
0,334421783918515	0,662686401367188	40,7120018005371
0,335286458721384	0,664341552734375	40,8120002746582
0,336100260028616	0,6661201171875	40,9119987487793
0,336964934831485	0,668122863769531	41,0120010375977
0,337778707034886	0,669656127929688	41,1119995117188
0,338643410941586	0,671365661621094	41,2120018005371
0,339457183144987	0,673214050292969	41,3120002746582
0,340321857947856	0,674832702636719	41,4119987487793
0,341135659255087	0,676414123535156	41,5120010375977
0,342000334057957	0,678783447265625	41,6119995117188
0,342814106261358	0,68020556640625	41,7120018005371
0,343678810168058	0,681725036621094	41,8120002746582
0,344492582371458	0,683429321289063	41,9119987487793
0,345357257174328	0,685169189453125	42,0120010375977
0,346171058481559	0,687041198730469	42,1119995117188
0,34698485978879	0,688733459472656	42,2120018005371
0,347849505487829	0,690402648925781	42,3120002746582
0,348663335898891	0,692206298828125	42,4119987487793
0,349477137206122	0,693661926269531	42,5120010375977
0,350290938513353	0,695451293945313	42,6119995117188
0,351104739820585	0,6972265625	42,7120018005371
0,351918541127816	0,698991821289063	42,8120002746582
0,352783215930685	0,700649169921875	42,9119987487793
0,353597017237917	0,70210595703125	43,0120010375977
0,354410789441317	0,703731689453125	43,1119995117188
0,355224619852379	0,705273498535156	43,2120018005371
0,35603842115961	0,70711376953125	43,3120002746582
0,356852193363011	0,70902783203125	43,4119987487793
0,357666023774073	0,710368041992188	43,5120010375977
0,358479825081304	0,712133972167969	43,6119995117188
0,359344470780343	0,713882507324219	43,7120018005371
0,360158301191404	0,715494750976563	43,8120002746582
0,360972073394805	0,717335815429688	43,9119987487793
0,361836748197675	0,719145690917969	44,0120010375977
0,362650549504906	0,720867370605469	44,1119995117188
0,363464350812137	0,722381958007813	44,2120018005371
0,364328996511176	0,724230773925781	44,3120002746582
0,365142826922238	0,725979431152344	44,4119987487793
0,366007472621277	0,727865478515625	44,5120010375977
0,366821303032339	0,729318237304688	44,6119995117188
0,367685948731378	0,731180114746094	44,7120018005371
0,368550623534247	0,732849487304688	44,8120002746582
0,369364424841478	0,734660339355469	44,9119987487793
0,370229099644348	0,736374389648438	45,0120010375977
0,371093745343387	0,737982238769531	45,1119995117188
0,371907575754449	0,739892883300781	45,2120018005371
0,372772221453488	0,741625366210938	45,3120002746582
0,373586022760719	0,743121398925781	45,4119987487793
0,37439982406795	0,745003967285156	45,5120010375977
0,37526449887082	0,746682800292969	45,6119995117188
0,376078271074221	0,748506469726563	45,7120018005371
0,376892101485282	0,750040222167969	45,8120002746582
0,377705902792513	0,751802978515625	45,9119987487793
0,378570548491552	0,753481323242188	46,0120010375977
0,379384378902614	0,754896850585938	46,1119995117188
0,380198151106015	0,756812927246094	46,2120018005371
0,381011952413246	0,758423583984375	46,3120002746582
0,381876627216116	0,760133972167969	46,4119987487793
0,382690428523347	0,761776184082031	46,5120010375977
0,383504229830578	0,763433349609375	46,6119995117188
0,384368904633448	0,765245727539063	46,7120018005371
0,385182705940679	0,766836364746094	46,8120002746582
0,385996478144079	0,768307739257813	46,9119987487793
0,386861182050779	0,770045166015625	47,0120010375977
0,38767495425418	0,771871337890625	47,1119995117188
0,38853962905705	0,773710021972656	47,2120018005371
0,389353430364281	0,775313049316406	47,3120002746582
0,390218105167151	0,776960388183594	47,4119987487793
0,391031877370551	0,778808044433594	47,5120010375977
0,391896581277251	0,780325561523438	47,6119995117188
0,392710353480652	0,782032653808594	47,7120018005371
0,393524183891714	0,783745910644531	47,8120002746582
0,394388829590753	0,785401062011719	47,9119987487793
0,395202630897984	0,787195251464844	48,0120010375977
0,396016461309046	0,788779968261719	48,1119995117188
0,396830233512446	0,790501037597656	48,2120018005371
0,397644034819677	0,792193786621094	48,3120002746582
0,398457865230739	0,793963012695313	48,4119987487793
0,39927163743414	0,79535546875	48,5120010375977
0,400085438741371	0,796959838867188	48,6119995117188
0,400899269152433	0,798785034179688	48,7120018005371
0,401713041355833	0,800329223632813	48,8120002746582
0,402526842663065	0,802026550292969	48,9119987487793
0,403340673074126	0,803666015625	49,0120010375977
0,404154445277527	0,805178649902344	49,1119995117188
0,404968275688589	0,80698486328125	49,2120018005371
0,40578207699582	0,808444702148438	49,3120002746582
0,406646722694859	0,810202575683594	49,4119987487793
0,407460553105921	0,811955322265625	49,5120010375977
0,408274325309321	0,813656616210938	49,6119995117188
0,409139000112191	0,815305786132813	49,7120018005371
0,409952801419422	0,817054138183594	49,8120002746582
0,410766602726653	0,818806091308594	49,9119987487793
0,411631248425692	0,820315612792969	50,0120010375977
0,412495952332392	0,822228515625	50,1119995117188
0,413309724535793	0,823836853027344	50,2120018005371
0,414174399338663	0,825385131835938	50,3120002746582
0,415039074141532	0,827300170898438	50,4119987487793
0,415903719840571	0,829223266601563	50,5120010375977
0,416717521147802	0,830600646972656	50,6119995117188
0,417582195950672	0,832360412597656	50,7120018005371
0,418446870753542	0,834058959960938	50,8120002746582
0,419260642956942	0,835737731933594	50,9119987487793
0,420125346863642	0,837304077148438	51,0120010375977
0,420939119067043	0,839066162109375	51,1119995117188
0,421752920374274	0,840632385253906	51,2120018005371
0,422617595177144	0,842401489257813	51,3120002746582
0,423431396484375	0,843856628417969	51,4119987487793
0,424245197791606	0,845730285644531	51,5120010375977
0,425058999098837	0,847238586425781	51,6119995117188
0,425923673901707	0,849096496582031	51,7120018005371
0,426737446105108	0,850679260253906	51,8120002746582
0,427551276516169	0,852210876464844	51,9119987487793
0,428365077823401	0,853766052246094	52,0120010375977
0,429178850026801	0,855410400390625	52,1119995117188
0,430043553933501	0,856952819824219	52,2120018005371
0,430857326136902	0,858855590820313	52,3120002746582
0,431671156547964	0,860413391113281	52,4119987487793
0,432535802247003	0,862112670898438	52,5120010375977
0,433349603554234	0,864018981933594	52,6119995117188
0,434214278357103	0,865579895019531	52,7120018005371
0,435028079664335	0,867234008789063	52,8120002746582
0,435892725363374	0,868900939941406	52,9119987487793
0,436706555774435	0,8706123046875	53,0120010375977
0,437571201473475	0,872308715820313	53,1119995117188
0,438385002780706	0,874177551269531	53,2120018005371
0,439249677583575	0,875795593261719	53,3120002746582
0,440063478890806	0,877486267089844	53,4119987487793
0,440877280198038	0,879012390136719	53,5120010375977
0,441741955000907	0,880474182128906	53,6119995117188
0,442555756308138	0,882427795410156	53,7120018005371
0,443369528511539	0,884047546386719	53,8120002746582
0,444183358922601	0,885695434570313	53,9119987487793
0,444997160229832	0,88712744140625	54,0120010375977
0,445810932433233	0,888832397460938	54,1119995117188
0,446624762844294	0,890507690429688	54,2120018005371
0,447489408543333	0,8922724609375	54,3120002746582
0,448303209850565	0,893803833007813	54,4119987487793
0,449117040261626	0,895387939453125	54,5120010375977
0,449930812465027	0,897049255371094	54,6119995117188
0,450744642876089	0,898635620117188	54,7120018005371
0,45155844418332	0,900355712890625	54,8120002746582
0,452423089882359	0,901961853027344	54,9119987487793
0,453236920293421	0,903690979003906	55,0120010375977
0,454050692496821	0,905354248046875	55,1119995117188
0,454915367299691	0,906999450683594	55,2120018005371
0,455729168606922	0,908635192871094	55,3120002746582
0,456593843409792	0,910336608886719	55,4119987487793
0,457458489108831	0,91204052734375	55,5120010375977
0,458272319519892	0,9135732421875	55,6119995117188
0,459136965218931	0,915155151367188	55,7120018005371
0,460001610917971	0,916929016113281	55,8120002746582
0,460815441329032	0,918817443847656	55,9119987487793
0,461680087028071	0,920375122070313	56,0120010375977
0,462493888335302	0,921927734375	56,1119995117188
0,463358563138172	0,923821899414063	56,2120018005371
0,464223237941042	0,925332397460938	56,3120002746582
0,465037010144442	0,927177307128906	56,4119987487793
0,465901714051142	0,928599487304688	56,5120010375977
0,466715486254543	0,930285217285156	56,6119995117188
0,467529287561774	0,931795349121094	56,7120018005371
0,468343117972836	0,933552429199219	56,8120002746582
0,469207763671875	0,935160217285156	56,9119987487793
0,470021564979106	0,936686706542969	57,0120010375977
0,470835366286337	0,938384704589844	57,1119995117188
0,471649167593569	0,940102905273438	57,2120018005371
0,4724629689008	0,941617004394531	57,3120002746582
0,473276770208031	0,943086242675781	57,4119987487793
0,474090571515262	0,944753479003906	57,5120010375977
0,474904401926324	0,946335632324219	57,6119995117188
0,475718174129725	0,948005920410156	57,7120018005371
0,476582848932594	0,94961865234375	57,8120002746582
0,477396650239825	0,951266479492188	57,9119987487793
0,478210451547056	0,953024108886719	58,0120010375977
0,479075097246096	0,954610229492188	58,1119995117188
0,479888927657157	0,956333129882813	58,2120018005371
0,480702728964388	0,957993041992188	58,3120002746582
0,481567374663427	0,959504638671875	58,4119987487793
0,482432049466297	0,961158081054688	58,5120010375977
0,483245850773528	0,962791198730469	58,6119995117188
0,484110496472567	0,96443212890625	58,7120018005371
0,484924326883629	0,966112731933594	58,8120002746582
0,485788972582668	0,967844909667969	58,9119987487793
0,486602773889899	0,9694091796875	59,0120010375977
0,487467448692769	0,970961547851563	59,1119995117188
0,48828125	0,9726953125	59,2120018005371
0,489095051307231	0,974390686035156	59,3120002746582
0,489959726110101	0,975741577148438	59,4119987487793
0,490773527417332	0,977379089355469	59,5120010375977
0,491587328724563	0,978933166503906	59,6119995117188
0,492401130031794	0,980661743164063	59,7120018005371
0,493214931339026	0,982226806640625	59,8120002746582
0,494028732646257	0,983816528320313	59,9119987487793
0,494842533953488	0,985369140625	60,0120010375977
0,495707208756357	0,986836486816406	60,1119995117188
0,496521010063589	0,988533142089844	60,2120018005371
0,49733481137082	0,990110107421875	60,3120002746582
0,498148612678051	0,991804992675781	60,4119987487793
0,499013287480921	0,993551635742188	60,5120010375977
0,499827030580491	0,995173645019531	60,6119995117188
0,500640890095383	0,996583557128906	60,7120018005371
0,501505564898252	0,997955627441406	60,8120002746582
0,502319307997823	0,999629150390625	60,9119987487793
0,503133109305054	1,00097790527344	61,0120010375977
0,503997784107924	1,00295922851563	61,1119995117188
0,504811585415155	1,00440435791016	61,2120018005371
0,505676260218024	1,00618389892578	61,3120002746582
0,506490061525255	1,00823748779297	61,4119987487793
0,507354736328125	1,00955529785156	61,5120010375977
0,508168537635356	1,01092352294922	61,6119995117188
0,509033212438226	1,01264190673828	61,7120018005371
0,509897887241095	1,01443835449219	61,8120002746582
0,510711688548326	1,01578363037109	61,9119987487793
0,511525431647897	1,01760266113281	62,0120010375977
0,512390164658427	1,01911273193359	62,1119995117188
0,513203907757998	1,02095690917969	62,2120018005371
0,51401776727289	1,02243768310547	62,3120002746582
0,514882383868098	1,02393621826172	62,4119987487793
0,51569624338299	1,02544348144531	62,5120010375977
0,516509986482561	1,02699206542969	62,6119995117188
0,517323787789792	1,02897082519531	62,7120018005371
0,518137647304684	1,03055053710938	62,8120002746582
0,518951390404254	1,03219787597656	62,9119987487793
0,519816123414785	1,03362084960938	63,0120010375977
0,520629866514355	1,03520837402344	63,1119995117188
0,521443667821586	1,0367021484375	63,2120018005371
0,522257527336478	1,03845715332031	63,3120002746582
0,523122143931687	1,03989135742188	63,4119987487793
0,523935945238918	1,04160620117188	63,5120010375977
0,524800620041788	1,04337316894531	63,6119995117188
0,525614421349019	1,04488293457031	63,7120018005371
0,526479037944227	1,0469169921875	63,8120002746582
0,52729289745912	1,04822583007813	63,9119987487793
0,528157514054328	1,04990124511719	64,0120010375977
0,529022188857198	1,05138842773438	64,1119995117188
0,529835990164429	1,05301684570313	64,2119979858398
0,530700664967299	1,05448205566406	64,3119964599609
0,531565339770168	1,05651245117188	64,4120025634766
0,532379141077399	1,05820776367188	64,5120010375977
0,533243815880269	1,05967565917969	64,6119995117188
0,5340576171875	1,06113842773438	64,7119979858398
0,534871418494731	1,06279614257813	64,8119964599609
0,535685219801962	1,06432934570313	64,9120025634766
0,536499021109194	1,06605297851563	65,0120010375977
0,537312822416425	1,06765759277344	65,1119995117188
0,538126623723656	1,06919750976563	65,2119979858398
0,538940425030887	1,07058508300781	65,3119964599609
0,539754226338118	1,0721376953125	65,4120025634766
0,54056802764535	1,07383215332031	65,5120010375977
0,541432702448219	1,07512133789063	65,6119995117188
0,54224650375545	1,07666455078125	65,7119979858398
0,543060305062681	1,07847485351563	65,8119964599609
0,543874106369913	1,08001806640625	65,9120025634766
0,544687907677144	1,08169018554688	66,0120010375977
0,545552524272352	1,08344006347656	66,1119995117188
0,546366383787245	1,08500964355469	66,2119979858398
0,547180185094476	1,08644189453125	66,3119964599609
0,548044859897345	1,08794787597656	66,4120025634766
0,548858661204576	1,08960314941406	66,5120010375977
0,549723336007446	1,09134594726563	66,6119995117188
0,550537137314677	1,09273278808594	66,7119979858398
0,551401812117547	1,094236328125	66,8119964599609
0,552215555217117	1,09587414550781	66,9120025634766
0,553080288227648	1,09774475097656	67,0120010375977
0,553944904822856	1,09926245117188	67,1119995117188
0,554758706130087	1,1007568359375	67,2119979858398
0,555623380932957	1,10258972167969	67,3119964599609
0,556488055735826	1,10387182617188	67,4120025634766
0,557301798835397	1,1055576171875	67,5120010375977
0,558115658350289	1,10720520019531	67,6119995117188
0,558980274945498	1,10877587890625	67,7119979858398
0,55979413446039	1,11034265136719	67,8119964599609
0,560607935767621	1,11188830566406	67,9120025634766
0,561421678867191	1,11343664550781	68,0120010375977
0,562235538382083	1,11502795410156	68,1119995117188
0,563049339689314	1,11657495117188	68,2119979858398
0,563914014492184	1,11822387695313	68,3119964599609
0,564727757591754	1,11957751464844	68,4120025634766
0,565541558898985	1,12132800292969	68,5120010375977
0,566355418413877	1,12268078613281	68,6119995117188
0,567220035009086	1,12443798828125	68,7119979858398
0,568033894523978	1,12609545898438	68,8119964599609
0,568898511119187	1,12721252441406	68,9120025634766
0,569712312426418	1,12913513183594	69,0120010375977
0,570526113733649	1,13047521972656	69,1119995117188
0,571390788536519	1,13199084472656	69,2119979858398
0,57220458984375	1,13364807128906	69,3119964599609
0,57306926464662	1,13528881835938	69,4120025634766
0,573883065953851	1,13687353515625	69,5120010375977
0,57474774075672	1,13862731933594	69,6119995117188
0,575561542063951	1,13994360351563	69,7119979858398
0,576426216866821	1,14172937011719	69,8119964599609
0,577240018174052	1,14320056152344	69,9120025634766
0,578104692976922	1,14469445800781	70,0120010375977
0,578918436076492	1,14628479003906	70,1119995117188
0,579732237383723	1,14779833984375	70,2119979858398
0,580596912186593	1,14928198242188	70,3119964599609
0,581410713493824	1,1511376953125	70,4120025634766
0,582224573008716	1,1520302734375	70,5120010375977
0,583038316108286	1,15377734375	70,6119995117188
0,583852117415518	1,15597692871094	70,7119979858398
0,58466597693041	1,15705810546875	70,8119964599609
0,58547972002998	1,15828625488281	70,9120025634766
0,586293521337211	1,15987634277344	71,0120010375977
0,587107380852103	1,16154699707031	71,1119995117188
0,587921123951674	1,16287719726563	71,2119979858398
0,588734925258905	1,16431030273438	71,3119964599609
0,589548784773797	1,16600317382813	71,4120025634766
0,590413401369005	1,16725622558594	71,5120010375977
0,591227260883898	1,168875	71,6119995117188
0,592041003983468	1,17057983398438	71,7119979858398
0,592854805290699	1,17193823242188	71,8119964599609
0,593719480093569	1,17354797363281	71,9120025634766
0,5945332814008	1,17518933105469	72,0120010375977
0,595347082708031	1,17660412597656	72,1119995117188
0,596211757510901	1,17820056152344	72,2119979858398
0,597025558818132	1,17982775878906	72,3119964599609
0,59789017541334	1,18124230957031	72,4120025634766
0,598704034928232	1,18321667480469	72,5120010375977
0,599568651523441	1,18435131835938	72,6119995117188
0,600433326326311	1,186310546875	72,7119979858398
0,601298059336841	1,18770922851563	72,8119964599609
0,602111802436411	1,18939208984375	72,9120025634766
0,602976477239281	1,19092358398438	73,0120010375977
0,603841152042151	1,19228637695313	73,1119995117188
0,604654953349382	1,19377661132813	73,2119979858398
0,605468754656613	1,1953408203125	73,3119964599609
0,606333429459482	1,19684228515625	73,4120025634766
0,607147230766714	1,1983740234375	73,5120010375977
0,607960973866284	1,19960021972656	73,6119995117188
0,608774833381176	1,20149743652344	73,7119979858398
0,609588634688407	1,20289025878906	73,8119964599609
0,610453309491277	1,20449536132813	73,9120025634766
0,611267110798508	1,20582141113281	74,0120010375977
0,612080853898078	1,20738244628906	74,1119995117188
0,61289471341297	1,20876501464844	74,2119979858398
0,613759330008179	1,21038903808594	74,3119964599609
0,614573189523071	1,211982421875	74,4120025634766
0,61543780611828	1,21347424316406	74,5120010375977
0,616251665633172	1,21512890625	74,6119995117188
0,617065408732742	1,21655688476563	74,7119979858398
0,617930141743273	1,21805126953125	74,8119964599609
0,618743884842843	1,21971667480469	74,9120025634766
0,619557686150074	1,22124926757813	75,0120010375977
0,620422360952944	1,22269360351563	75,1119995117188
0,621236162260175	1,224388671875	75,2119979858398
0,622100837063044	1,22606799316406	75,3119964599609
0,622914638370276	1,22739074707031	75,4120025634766
0,623779313173145	1,22899462890625	75,5120010375977
0,624593056272715	1,23055725097656	75,6119995117188
0,625406915787607	1,23210217285156	75,7119979858398
0,626271532382816	1,233349609375	75,8119964599609
0,627085391897708	1,2350419921875	75,9120025634766
0,627899193204939	1,23657055664063	76,0120010375977
0,62871293630451	1,23789880371094	76,1119995117188
0,629526795819402	1,239513671875	76,2119979858398
0,630340597126633	1,24088708496094	76,3119964599609
0,631154340226203	1,24266015625	76,4120025634766
0,631968199741095	1,24388891601563	76,5120010375977
0,632782001048326	1,24553186035156	76,6119995117188
0,633646675851196	1,24693579101563	76,7119979858398
0,634460477158427	1,24843493652344	76,8119964599609
0,635274220257998	1,24996508789063	76,9120025634766
0,63608807977289	1,25140185546875	77,0120010375977
0,636901881080121	1,25282153320313	77,1119995117188
0,637715624179691	1,25441711425781	77,2119979858398
0,638529483694583	1,25615075683594	77,3119964599609
0,639343285001814	1,25751538085938	77,4120025634766
0,640207959804684	1,25903723144531	77,5120010375977
0,641021702904254	1,26053845214844	77,6119995117188
0,641886435914785	1,26207495117188	77,7119979858398
0,642700179014355	1,26376416015625	77,8119964599609
0,643564853817225	1,26520129394531	77,9120025634766
0,644429528620094	1,26682727050781	78,0120010375977
0,645243329927325	1,2683564453125	78,1119995117188
0,646107946522534	1,26994262695313	78,2119979858398
0,646972679533064	1,271494140625	78,3119964599609
0,647837354335934	1,27278088378906	78,4120025634766
0,648701970931143	1,27448681640625	78,5120010375977
0,649566645734012	1,27667297363281	78,6119995117188
0,650431320536882	1,27780090332031	78,7119979858398
0,651245121844113	1,27918798828125	78,8119964599609
0,652109796646982	1,28108581542969	78,9120025634766
0,652923597954214	1,28217053222656	79,0120010375977
0,653737341053784	1,283666015625	79,1119995117188
0,654551200568676	1,28527429199219	79,2119979858398
0,655415817163885	1,28719116210938	79,3119964599609
0,656229676678777	1,28793298339844	79,4120025634766
0,657043477986008	1,28923266601563	79,5120010375977
0,657857221085578	1,29039672851563	79,6119995117188
0,65867108060047	1,29195959472656	79,7119979858398
0,659535697195679	1,29358081054688	79,8119964599609
0,660349556710571	1,29497033691406	79,9120025634766
0,661163358017802	1,29668176269531	80,0120010375977
0,661977101117373	1,29785583496094	80,1119995117188
0,662790960632265	1,29935144042969	80,2119979858398
0,663655577227473	1,30106066894531	80,3119964599609
0,664469436742365	1,3033310546875	80,4120025634766
0,665283179841936	1,30405334472656	80,5120010375977
0,666147912852466	1,30519104003906	80,6119995117188
0,666961655952036	1,307181640625	80,7119979858398
0,667826330754906	1,30842578125	80,8119964599609
0,668640132062137	1,30977917480469	80,9120025634766
0,669504806865007	1,31180029296875	81,0120010375977
0,670318608172238	1,31292846679688	81,1119995117188
0,671132409479469	1,31453295898438	81,2119979858398
0,671997084282339	1,3160185546875	81,3119964599609
0,672810827381909	1,3180615234375	81,4120025634766
0,673624686896801	1,31916162109375	81,5120010375977
0,674438488204032	1,32046032714844	81,6119995117188
0,675252231303602	1,32179248046875	81,7119979858398
0,676066090818495	1,32327490234375	81,8119964599609
0,676879892125726	1,32460424804688	81,9120025634766
0,677693693432957	1,32635559082031	82,0120010375977
0,678507494740188	1,32757775878906	82,1119995117188
0,679321296047419	1,32897631835938	82,2119979858398
0,680135097354651	1,33010876464844	82,3119964599609
0,680948898661882	1,33184631347656	82,4120025634766
0,681762699969113	1,33325268554688	82,5120010375977
0,682576501276344	1,334921875	82,6119995117188
0,683441176079214	1,33632604980469	82,7119979858398
0,684254919178784	1,33785681152344	82,8119964599609
0,685068778693676	1,33916467285156	82,9120025634766
0,685882580000907	1,34043884277344	83,0120010375977
0,686747254803777	1,34203662109375	83,1119995117188
0,687561056111008	1,34376245117188	83,2119979858398
0,688374799210578	1,34540222167969	83,3119964599609
0,689239474013448	1,34689428710938	83,4120025634766
0,690053275320679	1,34823107910156	83,5120010375977
0,690917950123549	1,34951806640625	83,6119995117188
0,691782624926418	1,35122497558594	83,7119979858398
0,692647299729288	1,35280334472656	83,8119964599609
0,693511974532157	1,35430285644531	83,9120025634766
0,694376649335027	1,35606384277344	84,0120010375977
0,695190450642258	1,35717712402344	84,1119995117188
0,696055125445127	1,35877404785156	84,2119979858398
0,696868868544698	1,36034899902344	84,3119964599609
0,697682669851929	1,36148120117188	84,4120025634766
0,698547344654799	1,36308056640625	84,5120010375977
0,69936114596203	1,36472387695313	84,6119995117188
0,700175005476922	1,36604833984375	84,7119979858398
0,700988748576492	1,36750024414063	84,8119964599609
0,701853481587023	1,36929602050781	84,9120025634766
0,702667224686593	1,37058422851563	85,0120010375977
0,703481025993824	1,37205041503906	85,1119995117188
0,704294885508716	1,3730810546875	85,2119979858398
0,705108628608286	1,37505554199219	85,3119964599609
0,705973303411156	1,3761279296875	85,4120025634766
0,706787104718387	1,37750329589844	85,5120010375977
0,707600906025618	1,37880944824219	85,6119995117188
0,70841470733285	1,38049365234375	85,7119979858398
0,709279382135719	1,38192932128906	85,8119964599609
0,71009318344295	1,38350756835938	85,9120025634766
0,710957800038159	1,38487805175781	86,0120010375977
0,711771659553051	1,38635485839844	86,1119995117188
0,712585460860282	1,38784106445313	86,2119979858398
0,713450135663152	1,38930578613281	86,3119964599609
0,714263936970383	1,39082446289063	86,4120025634766
0,715128611773252	1,39221472167969	86,5120010375977
0,715942354872823	1,39375952148438	86,6119995117188
0,716807087883353	1,39510424804688	86,7119979858398
0,717620830982924	1,396482421875	86,8119964599609
0,718485505785793	1,39814501953125	86,9120025634766
0,719299307093024	1,39961987304688	87,0120010375977
0,720163981895894	1,401021484375	87,1119995117188
0,720977783203125	1,40245153808594	87,2119979858398
0,721791584510356	1,40397338867188	87,3119964599609
0,722605385817587	1,40531164550781	87,4120025634766
0,723419187124819	1,40666369628906	87,5120010375977
0,72423298843205	1,40810729980469	87,6119995117188
0,725046789739281	1,40951721191406	87,7119979858398
0,725860591046512	1,41096008300781	87,8119964599609
0,726674392353743	1,41197607421875	87,9120025634766
0,727488193660975	1,41368212890625	88,0120010375977
0,728301994968206	1,41507141113281	88,1119995117188
0,729115796275437	1,41650378417969	88,2119979858398
0,729929597582668	1,41846179199219	88,3119964599609
0,730743398889899	1,41931323242188	88,4120025634766
0,731608073692769	1,42060900878906	88,5120010375977
0,732421875	1,42206018066406	88,6119995117188
0,73328654980287	1,42346301269531	88,7119979858398
0,734100351110101	1,42515600585938	88,8119964599609
0,73496502591297	1,4265634765625	88,9120025634766
0,735829642508179	1,42782763671875	89,0120010375977
0,736643502023071	1,42952807617188	89,1119995117188
0,73750811861828	1,43088891601563	89,2119979858398
0,738372793421149	1,43232421875	89,3119964599609
0,73918659472838	1,43366442871094	89,4120025634766
0,74005126953125	1,43494958496094	89,5120010375977
0,74091594433412	1,43649743652344	89,6119995117188
0,741729745641351	1,43822131347656	89,7119979858398
0,74259442044422	1,43922790527344	89,8119964599609
0,743408221751451	1,44073303222656	89,9120025634766
0,744272896554321	1,44211242675781	90,0120010375977
0,745086697861552	1,44336279296875	90,1119995117188
0,745900440961123	1,44490100097656	90,2119979858398
0,746714300476015	1,44649670410156	90,3119964599609
0,747528101783246	1,44782604980469	90,4120025634766
0,748392776586115	1,44919067382813	90,5120010375977
0,749206519685686	1,45067895507813	90,6119995117188
0,750020320992917	1,45225024414063	90,7119979858398
0,750834180507809	1,45332763671875	90,8119964599609
0,751647923607379	1,45491027832031	90,9120025634766
0,75251265661791	1,45624645996094	91,0120010375977
0,75332639971748	1,45770397949219	91,1119995117188
0,754140201024711	1,45895483398438	91,2119979858398
0,754954060539603	1,46042272949219	91,3119964599609
0,755818677134812	1,46192810058594	91,4120025634766
0,756632478442043	1,46304138183594	91,5120010375977
0,757497153244913	1,46461340332031	91,6119995117188
0,758310954552144	1,46590502929688	91,7119979858398
0,759175571147352	1,46742163085938	91,8119964599609
0,759989430662245	1,46891284179688	91,9120025634766
0,760854047257453	1,47020727539063	92,0120010375977
0,761667906772345	1,471685546875	92,1119995117188
0,762532523367554	1,47312548828125	92,2119979858398
0,763346382882446	1,47451647949219	92,3119964599609
0,764210999477655	1,47610119628906	92,4120025634766
0,765024858992547	1,47719616699219	92,5120010375977
0,765889475587755	1,47884143066406	92,6119995117188
0,766703335102648	1,48019226074219	92,7119979858398
0,767517078202218	1,48143737792969	92,8119964599609
0,768330879509449	1,48296337890625	92,9120025634766
0,769144739024341	1,48431555175781	93,0120010375977
0,769958482123911	1,48554748535156	93,1119995117188
0,770772283431143	1,48696374511719	93,2119979858398
0,771586142946035	1,48820251464844	93,3119964599609
0,772399886045605	1,48979077148438	93,4120025634766
0,773213687352836	1,49100805664063	93,5120010375977
0,774027546867728	1,49242626953125	93,6119995117188
0,774841289967299	1,49376293945313	93,7119979858398
0,77565509127453	1,49515747070313	93,8119964599609
0,776519766077399	1,49637805175781	93,9120025634766
0,77733356738463	1,497791015625	94,0120010375977
0,778147426899523	1,49923742675781	94,1119995117188
0,779012043494731	1,50043249511719	94,2119979858398
0,779825844801962	1,50194201660156	94,3119964599609
0,780639646109194	1,50335229492188	94,4120025634766
0,781453447416425	1,50471411132813	94,5120010375977
0,782318122219294	1,50593969726563	94,6119995117188
0,783131923526526	1,50743859863281	94,7119979858398
0,783996598329395	1,50879382324219	94,8119964599609
0,784861273132265	1,51014709472656	94,9120025634766
0,785725889727473	1,51164416503906	95,0120010375977
0,786539749242365	1,51307751464844	95,1119995117188
0,787404365837574	1,51437377929688	95,2119979858398
0,788269040640444	1,51583654785156	95,3119964599609
0,789082841947675	1,51723754882813	95,4120025634766
0,789947516750544	1,51871276855469	95,5120010375977
0,790761318057776	1,51989392089844	95,6119995117188
0,791625992860645	1,52131872558594	95,7119979858398
0,792439735960215	1,52274060058594	95,8119964599609
0,793253595475107	1,52412255859375	95,9120025634766
0,794118212070316	1,52533166503906	96,0120010375977
0,794932071585208	1,52673876953125	96,1119995117188
0,795745872892439	1,52807543945313	96,2119979858398
0,79655961599201	1,52934167480469	96,3119964599609
0,797373475506902	1,53054418945313	96,4120025634766
0,798187276814133	1,53190246582031	96,5120010375977
0,799051951617002	1,53315283203125	96,6119995117188
0,799865694716573	1,53441442871094	96,7119979858398
0,800679496023804	1,53582751464844	96,8119964599609
0,801544170826674	1,53717260742188	96,9120025634766
0,802357972133905	1,53849450683594	97,0120010375977
0,803222646936774	1,53985620117188	97,1119995117188
0,804036448244005	1,54123168945313	97,2119979858398
0,804901123046875	1,5426875	97,3119964599609
0,805714924354106	1,54400964355469	97,4120025634766
0,806579599156976	1,54529431152344	97,5120010375977
0,807393400464207	1,54667260742188	97,6119995117188
0,808258075267076	1,54798693847656	97,7119979858398
0,809122750069946	1,54934289550781	97,8119964599609
0,809936551377177	1,55050463867188	97,9120025634766
0,810750294476748	1,55197998046875	98,0120010375977
0,811614969279617	1,55325427246094	98,1119995117188
0,812428770586848	1,55461169433594	98,2119979858398
0,81324263010174	1,55589343261719	98,3119964599609
0,814056373201311	1,5572744140625	98,4120025634766
0,814870174508542	1,55912512207031	98,5120010375977
0,815684034023434	1,55978039550781	98,6119995117188
0,816497777123004	1,56113366699219	98,7119979858398
0,817311578430235	1,56231665039063	98,8119964599609
0,818125437945127	1,56364819335938	98,9120025634766
0,818939181044698	1,56503295898438	99,0120010375977
0,819752982351929	1,5662080078125	99,1119995117188
0,820566841866821	1,56750952148438	99,2119979858398
0,821380643174052	1,56884350585938	99,3119964599609
0,822194386273623	1,57037841796875	99,4120025634766
0,823059061076492	1,57139709472656	99,5120010375977
0,823872862383723	1,57250659179688	99,6119995117188
0,824686721898615	1,57400817871094	99,7119979858398
0,825500464998186	1,57538403320313	99,8119964599609
0,826365198008716	1,57658703613281	99,9120025634766
0,827178941108286	1,57804357910156	100,012001037598
0,828043615911156	1,57925170898438	100,111999511719
0,828857417218387	1,58056176757813	100,21199798584
0,829722092021257	1,58186865234375	100,311996459961
0,830586708616465	1,58346508789063	100,412002563477
0,831400568131357	1,58479333496094	100,512001037598
0,832265184726566	1,58619641113281	100,611999511719
0,833129859529436	1,58753942871094	100,71199798584
0,833943660836667	1,58876123046875	100,811996459961
0,834808335639536	1,59005920410156	100,912002563477
0,835673010442406	1,59138061523438	101,012001037598
0,836486811749637	1,59282946777344	101,111999511719
0,837351486552507	1,594138671875	101,21199798584
0,838165287859738	1,59548718261719	101,311996459961
0,839029962662607	1,59693762207031	101,412002563477
0,839843763969839	1,59814172363281	101,512001037598
0,840657507069409	1,59943640136719	101,611999511719
0,841522240079939	1,6005712890625	101,71199798584
0,84233598317951	1,60202661132813	101,811996459961
0,843149842694402	1,60325341796875	101,912002563477
0,843963644001633	1,60465539550781	102,012001037598
0,844828318804502	1,60577099609375	102,111999511719
0,845642061904073	1,6071806640625	102,21199798584
0,846455863211304	1,60834643554688	102,311996459961
0,847320538014174	1,6096552734375	102,412002563477
0,848134339321405	1,61107214355469	102,512001037598
0,848999014124274	1,6122900390625	102,611999511719
0,849812815431505	1,61352490234375	102,71199798584
0,850626674946398	1,614525390625	102,811996459961
0,851491291541606	1,61597314453125	102,912002563477
0,852305092848837	1,61713635253906	103,012001037598
0,853118894156069	1,61848474121094	103,111999511719
0,853983568958938	1,61959252929688	103,21199798584
0,854797370266169	1,62107202148438	103,311996459961
0,855662045069039	1,62227416992188	103,412002563477
0,85647584637627	1,62351904296875	103,512001037598
0,85734052117914	1,62477160644531	103,611999511719
0,858154322486371	1,6260791015625	103,71199798584
0,858968065585941	1,62734887695313	103,811996459961
0,859781925100833	1,62851049804688	103,912002563477
0,860595726408064	1,62975122070313	104,012001037598
0,861409469507635	1,63110974121094	104,111999511719
0,862223329022527	1,63235119628906	104,21199798584
0,863037130329758	1,63358850097656	104,311996459961
0,863901805132627	1,63479528808594	104,412002563477
0,864715548232198	1,63602783203125	104,512001037598
0,865529349539429	1,63727783203125	104,611999511719
0,866343209054321	1,63842065429688	104,71199798584
0,867157010361552	1,63973999023438	104,811996459961
0,867970753461123	1,64089001464844	104,912002563477
0,868784612976015	1,64195324707031	105,012001037598
0,869598414283246	1,64331274414063	105,111999511719
0,870412157382816	1,64468688964844	105,21199798584
0,871276832185686	1,645927734375	105,311996459961
0,872090633492917	1,64710998535156	105,412002563477
0,872904493007809	1,64838745117188	105,512001037598
0,873769109603018	1,64982727050781	105,611999511719
0,87458296911791	1,65081091308594	105,71199798584
0,875447585713118	1,65213720703125	105,811996459961
0,876312260515988	1,65356726074219	105,912002563477
0,877126061823219	1,65480932617188	106,012001037598
0,877990736626089	1,65614587402344	106,111999511719
0,878855411428958	1,65741479492188	106,21199798584
0,879669212736189	1,65850207519531	106,311996459961
0,880533887539059	1,65967761230469	106,412002563477
0,881398504134268	1,66106201171875	106,512001037598
0,88221236364916	1,66220263671875	106,611999511719
0,883076980244368	1,66347216796875	106,71199798584
0,8838907815516	1,66480639648438	106,811996459961
0,884755456354469	1,66602319335938	106,912002563477
0,8855692576617	1,66732299804688	107,012001037598
0,886383058968931	1,66846398925781	107,111999511719
0,887196860276163	1,66965637207031	107,21199798584
0,888010661583394	1,67081188964844	107,311996459961
0,888875278178602	1,67209826660156	107,412002563477
0,889689137693495	1,67335864257813	107,512001037598
0,890502939000726	1,67469360351563	107,611999511719
0,891316740307957	1,675564453125	107,71199798584
0,892181415110826	1,67678857421875	107,811996459961
0,892995158210397	1,67806896972656	107,912002563477
0,893809017725289	1,67918078613281	108,012001037598
0,89462281903252	1,68045654296875	108,111999511719
0,89548749383539	1,68175891113281	108,21199798584
0,896301295142621	1,68273010253906	108,311996459961
0,897115038242191	1,6837890625	108,412002563477
0,897979713045061	1,68513195800781	108,512001037598
0,898793514352292	1,68632739257813	108,611999511719
0,899658189155161	1,68747668457031	108,71199798584
0,900522863958031	1,68878051757813	108,811996459961
0,901336665265262	1,690076171875	108,912002563477
0,902201340068132	1,69122094726563	109,012001037598
0,903015141375363	1,69245104980469	109,111999511719
0,903828942682594	1,69369055175781	109,21199798584
0,904693617485464	1,694861328125	109,311996459961
0,905507360585034	1,69598022460938	109,412002563477
0,906321220099926	1,69726159667969	109,512001037598
0,907135021407157	1,69830541992188	109,611999511719
0,907948764506727	1,69942602539063	109,71199798584
0,90876262402162	1,70058471679688	109,811996459961
0,909576425328851	1,7016982421875	109,912002563477
0,910390226636082	1,7027763671875	110,012001037598
0,911204027943313	1,70408618164063	110,111999511719
0,912068644538522	1,70520739746094	110,21199798584
0,912882504053414	1,70640966796875	110,311996459961
0,913696305360645	1,70727685546875	110,412002563477
0,914510048460215	1,70870678710938	110,512001037598
0,915374781470746	1,70977624511719	110,611999511719
0,916188524570316	1,71096374511719	110,71199798584
0,917002384085208	1,71222387695313	110,811996459961
0,917816185392439	1,71313452148438	110,912002563477
0,918680860195309	1,71439929199219	111,012001037598
0,919494603294879	1,71540563964844	111,111999511719
0,92030840460211	1,71672509765625	111,21199798584
0,92117307940498	1,71791967773438	111,311996459961
0,92203775420785	1,71907775878906	111,412002563477
0,922902429010719	1,72028747558594	111,512001037598
0,92371623031795	1,72144299316406	111,611999511719
0,924580846913159	1,72273120117188	111,71199798584
0,925445579923689	1,72396472167969	111,811996459961
0,926310254726559	1,72502966308594	111,912002563477
0,927174871321768	1,72621887207031	112,012001037598
0,92798873083666	1,72742919921875	112,111999511719
0,928853347431868	1,72862219238281	112,21199798584
0,9296671487391	1,72987951660156	112,311996459961
0,930480950046331	1,7307685546875	112,412002563477
0,9313456248492	1,73237109375	112,512001037598
0,932159426156431	1,73306530761719	112,611999511719
0,932973227463663	1,73426391601563	112,71199798584
0,933787028770894	1,7354853515625	112,811996459961
0,934600830078125	1,73650048828125	112,912002563477
0,935465504880995	1,73745227050781	113,012001037598
0,936279306188226	1,73866979980469	113,111999511719
0,937093107495457	1,73974084472656	113,21199798584
0,937906908802688	1,74093017578125	113,311996459961
0,938720710109919	1,7419921875	113,412002563477
0,939585384912789	1,74307690429688	113,512001037598
0,94039918622002	1,74415197753906	113,611999511719
0,94121292931959	1,7455400390625	113,71199798584
0,942077662330121	1,74656750488281	113,811996459961
0,942891405429691	1,74757287597656	113,912002563477
0,943705264944583	1,74893872070313	114,012001037598
0,944569881539792	1,74983679199219	114,111999511719
0,945383741054684	1,7511025390625	114,21199798584
0,946248357649893	1,75216833496094	114,311996459961
0,947062217164785	1,75330407714844	114,412002563477
0,947926833759993	1,75448974609375	114,512001037598
0,948791508562863	1,75557531738281	114,611999511719
0,949605309870094	1,75667028808594	114,71199798584
0,950419111177325	1,75791125488281	114,811996459961
0,951283727772534	1,75899450683594	114,912002563477
0,952097587287426	1,76001513671875	115,012001037598
0,952911388594657	1,76118432617188	115,111999511719
0,953725131694227	1,76214562988281	115,21199798584
0,95453899120912	1,76297180175781	115,311996459961
0,955352792516351	1,7641689453125	115,412002563477
0,956166593823582	1,76523962402344	115,512001037598
0,956980395130813	1,76619177246094	115,611999511719
0,957794196438044	1,767546875	115,71199798584
0,958607997745276	1,76834997558594	115,811996459961
0,959421799052507	1,76934326171875	115,912002563477
0,960235600359738	1,77046179199219	116,012001037598
0,961100275162607	1,77152526855469	116,111999511719
0,961914076469839	1,77250854492188	116,21199798584
0,962727819569409	1,773685546875	116,311996459961
0,963541679084301	1,77467028808594	116,412002563477
0,96440629567951	1,77563647460938	116,512001037598
0,965220155194402	1,77706774902344	116,611999511719
0,966033956501633	1,77783715820313	116,71199798584
0,966898631304502	1,77881030273438	116,811996459961
0,967763247899711	1,78010046386719	116,912002563477
0,968577107414603	1,78132006835938	117,012001037598
0,969441724009812	1,78259338378906	117,111999511719
0,970306398812681	1,78325769042969	117,21199798584
0,971171073615551	1,78455224609375	117,311996459961
0,97203569021076	1,78552917480469	117,412002563477
0,972849549725652	1,78678625488281	117,512001037598
0,97371416632086	1,78782727050781	117,611999511719
0,97457884112373	1,78894396972656	117,71199798584
0,975392642430961	1,79012255859375	117,811996459961
0,976257317233831	1,79085864257813	117,912002563477
0,977071118541062	1,79208508300781	118,012001037598
0,977884978055954	1,79301147460938	118,111999511719
0,978698721155524	1,79395153808594	118,21199798584
0,979512464255095	1,79511181640625	118,311996459961
0,980377197265625	1,79621508789063	118,412002563477
0,981190940365195	1,79710205078125	118,512001037598
0,982004799880087	1,79823461914063	118,611999511719
0,982818659394979	1,79931677246094	118,71199798584
0,98363240249455	1,80013659667969	118,811996459961
0,984446262009442	1,80123596191406	118,912002563477
0,985310878604651	1,80218505859375	119,012001037598
0,986124738119543	1,80327795410156	119,111999511719
0,986989354714751	1,80416564941406	119,21199798584
0,987803214229643	1,80546740722656	119,311996459961
0,988616957329214	1,80629663085938	119,412002563477
0,989481573924422	1,80683361816406	119,512001037598
0,990295433439314	1,80837377929688	119,611999511719
0,991160050034523	1,80893640136719	119,71199798584
0,992024666629732	1,81005773925781	119,811996459961
0,992838526144624	1,811119140625	119,912002563477
0,993703142739832	1,81208178710938	120,012001037598
0,994517002254725	1,81277465820313	120,111999511719
0,995381618849933	1,814353515625	120,21199798584
0,996195478364825	1,81498608398438	120,311996459961
0,997060094960034	1,81593432617188	120,412002563477
0,997873954474926	1,81744287109375	120,512001037598
0,998738571070135	1,81821533203125	120,611999511719
0,999552430585027	1,81926843261719	120,71199798584
1,0003661736846	1,8202470703125	120,811996459961
1,00118003319949	1,82121594238281	120,912002563477
1,00199377629906	1,82235656738281	121,012001037598
1,00275676231831	1,82320422363281	121,111999511719
1,00362149532884	1,82389111328125	121,21199798584
1,00443523842841	1,8250576171875	121,311996459961
1,00524898152798	1,82589953613281	121,412002563477
1,00606284104288	1,82693212890625	121,512001037598
1,00687658414245	1,82768298339844	121,611999511719
1,00769044365734	1,82864953613281	121,71199798584
1,00850430317223	1,82974328613281	121,811996459961
1,0093180462718	1,83075231933594	121,912002563477
1,01018277928233	1,83163537597656	122,012001037598
1,01099640596658	1,83262414550781	122,111999511719
1,01181026548147	1,83355639648438	122,21199798584
1,01267488207668	1,834365234375	122,311996459961
1,01348874159157	1,83553930664063	122,412002563477
1,01435335818678	1,83646313476563	122,512001037598
1,01516721770167	1,83765063476563	122,611999511719
1,01603183429688	1,83849365234375	122,71199798584
1,01689656730741	1,83914929199219	122,811996459961
1,01776118390262	1,8406943359375	122,912002563477
1,01862580049783	1,84162561035156	123,012001037598
1,01943966001272	1,84252990722656	123,111999511719
1,02030427660793	1,84348303222656	123,21199798584
1,02111813612282	1,84474169921875	123,311996459961
1,02198275271803	1,84550451660156	123,412002563477
1,02284748572856	1,84638623046875	123,512001037598
1,02366122882813	1,84743188476563	123,611999511719
1,02447508834302	1,84833361816406	123,71199798584
1,02533970493823	1,84920483398438	123,811996459961
1,02615356445313	1,85027111816406	123,912002563477
1,02696742396802	1,85124841308594	124,012001037598
1,02778116706759	1,852259765625	124,111999511719
1,02864590007812	1,8529716796875	124,21199798584
1,02945964317769	1,85388134765625	124,311996459961
1,03027338627726	1,85482788085938	124,412002563477
1,03113811928779	1,85567333984375	124,512001037598
1,03195186238736	1,85643493652344	124,611999511719
1,03276572190225	1,85706420898438	124,71199798584
1,03363033849746	1,85795983886719	124,811996459961
1,03444419801235	1,85882458496094	124,912002563477
1,03525794111192	1,85963488769531	125,012001037598
1,03612267412245	1,86060925292969	125,111999511719
1,03693641722202	1,86163037109375	125,21199798584
1,03780115023255	1,86237426757813	125,311996459961
1,03861489333212	1,86319836425781	125,412002563477
1,03947962634265	1,86427172851563	125,512001037598
1,04034424293786	1,86514538574219	125,611999511719
1,04115810245276	1,86591235351563	125,71199798584
1,04197184555233	1,86737622070313	125,811996459961
1,04283657856286	1,86754528808594	125,912002563477
1,04365032166243	1,86862548828125	126,012001037598
1,044464064762	1,8695263671875	126,111999511719
1,04527792427689	1,87017944335938	126,21199798584
1,04609166737646	1,87105346679688	126,311996459961
1,04695640038699	1,87225219726563	126,412002563477
1,04777014348656	1,87270251464844	126,512001037598
1,04858400300145	1,87413232421875	126,611999511719
1,04939786251634	1,87459106445313	126,71199798584
1,05021160561591	1,87534216308594	126,811996459961
1,05102534871548	1,87608972167969	126,912002563477
1,05183920823038	1,87738049316406	127,012001037598
1,05265295132995	1,87804260253906	127,111999511719
1,05351768434048	1,8787060546875	127,21199798584
1,05433142744005	1,87956274414063	127,311996459961
1,05514528695494	1,88081555175781	127,412002563477
1,05600990355015	1,88185095214844	127,512001037598
1,05682376306504	1,88230590820313	127,611999511719
1,05768837966025	1,88307080078125	127,71199798584
1,05850223917514	1,88405078125	127,811996459961
1,05931598227471	1,88467370605469	127,912002563477
1,06018071528524	1,88553259277344	128,011993408203
1,06099445838481	1,88631872558594	128,111999511719
1,06185907498002	1,88693701171875	128,212005615234
1,06267293449491	1,88789038085938	128,311996459961
1,06353755109012	1,88915319824219	128,412002563477
1,06440216768533	1,89011413574219	128,511993408203
1,06526701711118	1,89108972167969	128,611999511719
1,06613163370639	1,89161840820313	128,712005615234
1,0669962503016	1,8923271484375	128,811996459961
1,06781010981649	1,89348083496094	128,912002563477
1,0686747264117	1,89449877929688	129,011993408203
1,06953945942223	1,89492358398438	129,111999511719
1,0703532025218	1,89545483398438	129,212005615234
1,07116694562137	1,89651538085938	129,311996459961
1,07203156221658	1,897171875	129,412002563477
1,07284542173147	1,89818957519531	129,511993408203
1,07365928124636	1,89881787109375	129,611999511719
1,07447302434593	1,8994619140625	129,712005615234
1,07528688386083	1,90042517089844	129,811996459961
1,07615150045604	1,900982421875	129,912002563477
1,07696535997093	1,90173657226563	130,011993408203
1,07777921948582	1,90233178710938	130,111999511719
1,07859284617007	1,90315222167969	130,212005615234
1,07940670568496	1,90404821777344	130,311996459961
1,08027132228017	1,9050751953125	130,412002563477
1,08108518179506	1,90565100097656	130,511993408203
1,08189904130995	1,90602062988281	130,611999511719
1,08276365790516	1,90733508300781	130,712005615234
1,08357751742005	1,90793383789063	130,811996459961
1,08439126051962	1,90888037109375	130,912002563477
1,08525599353015	1,90932946777344	131,011993408203
1,08606973662972	1,91008215332031	131,111999511719
1,08693446964026	1,91104296875	131,212005615234
1,08774821273983	1,91134631347656	131,311996459961
1,0885619558394	1,91248864746094	131,412002563477
1,08942668884993	1,91298095703125	131,511993408203
1,0902404319495	1,91368017578125	131,611999511719
1,09105429146439	1,91444616699219	131,712005615234
1,09186803456396	1,91560192871094	131,811996459961
1,09268189407885	1,91596496582031	131,912002563477
1,09349575359374	1,91642797851563	132,011993408203
1,09430949669331	1,91743908691406	132,111999511719
1,09512323979288	1,9180625	132,212005615234
1,09593709930778	1,91872204589844	132,311996459961
1,09675084240735	1,91943579101563	132,412002563477
1,09756470192224	1,91992687988281	132,511993408203
1,09842931851745	1,92138403320313	132,611999511719
1,09924317803234	1,92129846191406	132,712005615234
1,10005703754723	1,92215112304688	132,811996459961
1,1008707806468	1,92264965820313	132,912002563477
1,10168452374637	1,92326330566406	133,011993408203
1,10249838326126	1,92424536132813	133,111999511719
1,10336299985647	1,92458508300781	133,212005615234
1,10417685937136	1,92575207519531	133,311996459961
1,10504147596657	1,92625793457031	133,412002563477
1,10585533548146	1,92591052246094	133,511993408203
1,10671995207667	1,92644763183594	133,611999511719
1,10758456867188	1,92731140136719	133,712005615234
1,10839842818677	1,92807043457031	133,811996459961
1,10926304478198	1,92879565429688	133,912002563477
1,11012777779251	1,92930249023438	134,011993408203
1,11099239438772	1,93029626464844	134,111999511719
1,11185701098293	1,93113464355469	134,212005615234
1,11272174399346	1,93215747070313	134,311996459961
1,11353548709303	1,93263732910156	134,412002563477
1,11440022010356	1,93324584960938	134,511993408203
1,11521396320313	1,93363903808594	134,611999511719
1,11607869621366	1,93476940917969	134,712005615234
1,11689243931323	1,93512231445313	134,811996459961
1,11770629882813	1,936138671875	134,912002563477
1,11852015834302	1,93648645019531	135,011993408203
1,11938477493823	1,93715356445313	135,111999511719
1,12019863445312	1,93794458007813	135,212005615234
1,12101237755269	1,93838220214844	135,311996459961
1,12182612065226	1,93918298339844	135,412002563477
1,12269085366279	1,94004541015625	135,511993408203
1,12350459676236	1,94035046386719	135,611999511719
1,12431845627725	1,94106481933594	135,712005615234
1,12513219937682	1,94158032226563	135,811996459961
1,12599693238735	1,94214416503906	135,912002563477
1,12681067548692	1,94263830566406	136,011993408203
1,12762453500181	1,94337365722656	136,111999511719
1,12848915159702	1,94394946289063	136,212005615234
1,12930301111192	1,94494738769531	136,311996459961
1,13016762770712	1,94597094726563	136,412002563477
1,13098148722202	1,94619799804688	136,511993408203
1,13184610381722	1,94719763183594	136,611999511719
1,13271083682776	1,94730004882813	136,712005615234
1,13352457992733	1,9477431640625	136,811996459961
1,13438931293786	1,94886364746094	136,912002563477
1,13520305603743	1,94938842773438	137,011993408203
1,13606778904796	1,94993481445313	137,111999511719
1,1368814157322	1,95054760742188	137,212005615234
1,13774626515806	1,95107043457031	137,311996459961
1,13855989184231	1,95161169433594	137,412002563477
1,1393737513572	1,95213098144531	137,511993408203
1,14018761087209	1,95276696777344	137,611999511719
1,14100135397166	1,95305529785156	137,712005615234
1,14181521348655	1,95369030761719	137,811996459961
1,14262907300144	1,95404431152344	137,912002563477
1,14344269968569	1,95461499023438	138,011993408203
1,14425655920058	1,955123046875	138,111999511719
1,14507041871548	1,9554970703125	138,212005615234
1,14588416181505	1,95600646972656	138,311996459961
1,14669802132994	1,95671984863281	138,412002563477
1,14751188084483	1,95718969726563	138,511993408203
1,14832550752908	1,95753625488281	138,611999511719
1,14913936704397	1,957986328125	138,712005615234
1,15000398363918	1,95850659179688	138,811996459961
1,15081784315407	1,95904602050781	138,912002563477
1,15168245974928	1,95994995117188	139,011993408203
1,15254719275981	1,96047045898438	139,111999511719
1,15336093585938	1,96117065429688	139,212005615234
1,15422566886991	1,96144323730469	139,311996459961
1,15509028546512	1,96190686035156	139,412002563477
1,15595490206033	1,96279406738281	139,511993408203
1,15681975148618	1,96339440917969	139,611999511719
1,15763337817043	1,96425305175781	139,712005615234
1,15849811118096	1,96411450195313	139,811996459961
1,15936284419149	1,96479638671875	139,912002563477
1,16017658729106	1,96532629394531	140,011993408203
1,16104120388627	1,9663603515625	140,111999511719
1,16185506340116	1,96601245117188	140,212005615234
1,16266880650073	1,96687109375	140,311996459961
1,16348266601563	1,96711608886719	140,412002563477
1,16434728261083	1,96792712402344	140,511993408203
1,16516114212573	1,96813977050781	140,611999511719
1,16597500164062	1,96856494140625	140,712005615234
1,16678874474019	1,96946997070313	140,811996459961
1,16765347775072	1,96966845703125	140,912002563477
1,16846722085029	1,96967138671875	141,011993408203
1,16928096394986	1,97020336914063	141,111999511719
1,17009482346475	1,97068566894531	141,212005615234
1,17090856656432	1,97153967285156	141,311996459961
1,17177329957485	1,97151306152344	141,412002563477
1,17258704267442	1,97198266601563	141,511993408203
1,17340090218931	1,97255676269531	141,611999511719
1,17426551878452	1,97304541015625	141,712005615234
1,17507937829942	1,97361962890625	141,811996459961
1,17594399489462	1,97393859863281	141,912002563477
1,17675785440952	1,97433984375	142,011993408203
1,17762247100472	1,97498303222656	142,111999511719
1,17848720401526	1,97553210449219	142,212005615234
1,17930094711483	1,97585119628906	142,311996459961
1,18016568012536	1,97641284179688	142,412002563477
1,18103029672056	1,97676672363281	142,511993408203
1,18184415623546	1,97715832519531	142,611999511719
1,18270877283067	1,97733374023438	142,712005615234
1,18352263234556	1,97829663085938	142,811996459961
1,18433625902981	1,97845690917969	142,912002563477
1,1851501185447	1,97853344726563	143,011993408203
1,18596397805959	1,97930932617188	143,111999511719
1,18677772115916	1,97968310546875	143,212005615234
1,18764245416969	1,9798955078125	143,311996459961
1,18845619726926	1,9804638671875	143,412002563477
1,18927005678415	1,98071472167969	143,511993408203
1,19008391629905	1,98108911132813	143,611999511719
1,19089754298329	1,98138330078125	143,712005615234
1,19171140249819	1,98193237304688	143,811996459961
1,19252526201308	1,98183825683594	143,912002563477
1,19333900511265	1,98221899414063	144,011993408203
1,19415286462754	1,98265466308594	144,111999511719
1,19496672414243	1,98302807617188	144,212005615234
1,19578035082668	1,98327136230469	144,311996459961
1,19664508383721	1,98397155761719	144,412002563477
1,19745882693678	1,98453088378906	144,511993408203
1,19832355994731	1,98472741699219	144,611999511719
1,19913730304688	1,98489624023438	144,712005615234
1,20000203605741	1,98527563476563	144,811996459961
1,20081577915698	1,98585290527344	144,912002563477
1,20168051216751	1,98592834472656	145,011993408203
1,20254512876272	1,98588488769531	145,111999511719
1,20335898827761	1,98621105957031	145,212005615234
1,20422360487282	1,98673889160156	145,311996459961
1,20508822146803	1,98739233398438	145,412002563477
1,20590208098292	1,98795349121094	145,511993408203
1,20676669757813	1,98801782226563	145,611999511719
1,20758055709302	1,98842846679688	145,712005615234
1,20844517368823	1,988623046875	145,811996459961
1,20925903320313	1,9889521484375	145,912002563477
1,21007289271802	1,98950512695313	146,011993408203
1,21093750931323	1,98995239257813	146,111999511719
1,21175136882812	1,99018896484375	146,212005615234
1,21256511192769	1,99065710449219	146,311996459961
1,21342984493822	1,99083349609375	146,412002563477
1,21424358803779	1,99134436035156	146,511993408203
1,21505733113736	1,99162976074219	146,611999511719
1,21587119065225	1,99170056152344	146,712005615234
1,21668493375182	1,99209265136719	146,811996459961
1,21754966676235	1,99244384765625	146,912002563477
1,21836340986192	1,99262097167969	147,011993408203
1,21922814287245	1,99332800292969	147,111999511719
1,22009275946766	1,99324633789063	147,212005615234
1,22090661898255	1,994599609375	147,311996459961
1,22177123557776	1,99410534667969	147,412002563477
1,22258509509265	1,994251953125	147,511993408203
1,22344971168786	1,99466870117188	147,611999511719
1,22426357120276	1,9955185546875	147,712005615234
1,22512818779796	1,99554016113281	147,811996459961
1,22594204731286	1,99590612792969	147,912002563477
1,22680666390806	1,9960361328125	148,011993408203
1,22762052342296	1,99648559570313	148,111999511719
1,22848514001817	1,99677526855469	148,212005615234
1,22929899953306	1,99698852539063	148,311996459961
1,23011262621731	1,9970419921875	148,412002563477
1,2309264857322	1,99731982421875	148,511993408203
1,23174034524709	1,99757958984375	148,611999511719
1,23255408834666	1,99745935058594	148,712005615234
1,23336794786155	1,99813488769531	148,811996459961
1,23418180737644	1,99795837402344	148,912002563477
1,23499543406069	1,99874938964844	149,011993408203
1,23580929357558	1,99867163085938	149,111999511719
1,23662315309048	1,99887194824219	149,212005615234
1,23743689619005	1,99926489257813	149,311996459961
1,23825075570494	1,999443359375	149,412002563477
1,23906461521983	2,00001342773438	149,511993408203
1,23987824190408	1,99970495605469	149,611999511719
1,24069210141897	1,99994030761719	149,712005615234
1,24155671801418	2,00027429199219	149,811996459961
1,24237057752907	2,00045849609375	149,912002563477
1,24318443704396	2,000642578125	150,011993408203
1,24404905363917	2,00089477539063	150,111999511719
1,24486291315407	2,00114001464844	150,212005615234
1,24572752974927	2,00136596679688	150,311996459961
1,24659214634448	2,00168212890625	150,412002563477
1,24745687935501	2,00201477050781	150,511993408203
1,24832149595022	2,00256604003906	150,611999511719
1,24918611254543	2,00238940429688	150,712005615234
1,24999997206032	2,00285363769531	150,811996459961
1,25086458865553	2,0031474609375	150,912002563477
1,25172932166606	2,00332800292969	151,011993408203
1,25259393826127	2,003296875	151,111999511719
1,25340779777616	2,00370874023438	151,212005615234
1,25427241437137	2,00365979003906	151,311996459961
1,25508627388626	2,00395715332031	151,412002563477
1,25590001698583	2,00454162597656	151,511993408203
1,25676474999636	2,00442810058594	151,611999511719
1,25757849309593	2,00462683105469	151,712005615234
1,25839235261083	2,00501904296875	151,811996459961
1,25920621212572	2,00510900878906	151,912002563477
1,26007082872093	2,00528283691406	152,011993408203
1,26088468823582	2,0055537109375	152,111999511719
1,26169831492007	2,00533288574219	152,212005615234
1,26251217443496	2,00555334472656	152,311996459961
1,26337679103017	2,00568505859375	152,412002563477
1,26419065054506	2,00591772460938	152,511993408203
1,26500451005995	2,00605773925781	152,611999511719
1,26586912665516	2,00655163574219	152,712005615234
1,26668298617005	2,0064072265625	152,811996459961
1,26754760276526	2,0066845703125	152,912002563477
1,26836146228015	2,00688146972656	153,011993408203
1,26922607887536	2,00714819335938	153,111999511719
1,27003993839026	2,00758459472656	153,212005615234
1,27085368148983	2,00758178710938	153,311996459961
1,27171841450036	2,00741345214844	153,412002563477
1,27258303109556	2,00793872070313	153,511993408203
1,27339689061046	2,00796618652344	153,611999511719
1,27426150720567	2,00851354980469	153,712005615234
1,27507536672056	2,00830114746094	153,811996459961
1,27588899340481	2,0085517578125	153,912002563477
1,2767028529197	2,00827844238281	154,011993408203
1,27756746951491	2,00870581054688	154,111999511719
1,2783813290298	2,00878039550781	154,212005615234
1,27919518854469	2,009021484375	154,311996459961
1,28000893164426	2,00895593261719	154,412002563477
1,28082279115915	2,00889001464844	154,511993408203
1,28163665067405	2,00897033691406	154,611999511719
1,28245027735829	2,00940612792969	154,712005615234
1,28326413687319	2,00961804199219	154,811996459961
1,28407799638808	2,009380859375	154,912002563477
1,28489173948765	2,00983312988281	155,011993408203
1,28570559900254	2,01003527832031	155,111999511719
1,28657021559775	2,00995263671875	155,212005615234
1,28738407511264	2,010560546875	155,311996459961
1,28819781821221	2,00992346191406	155,412002563477
1,28906255122274	2,01024938964844	155,511993408203
1,28987629432231	2,01089733886719	155,611999511719
1,29074091091752	2,01091784667969	155,712005615234
1,29160564392805	2,01082873535156	155,811996459961
1,29247037693858	2,01104870605469	155,912002563477
1,29328400362283	2,01098278808594	156,011993408203
1,29414885304868	2,01137329101563	156,111999511719
1,29501346964389	2,01114282226563	156,212005615234
1,2958780862391	2,01130029296875	156,311996459961
1,29674281924963	2,01137121582031	156,412002563477
1,2975565623492	2,0114248046875	156,511993408203
1,29842129535973	2,01142053222656	156,611999511719
1,2992350384593	2,01133544921875	156,712005615234
1,30009977146983	2,01167700195313	156,811996459961
1,30091339815408	2,01187255859375	156,912002563477
1,30177824757993	2,01156091308594	157,011993408203
1,30259187426418	2,01228015136719	157,111999511719
1,30340573377907	2,012078125	157,212005615234
1,30421959329396	2,01239233398438	157,311996459961
1,30503333639354	2,01205139160156	157,412002563477
1,30584719590843	2,01195751953125	157,511993408203
1,30666105542332	2,01194604492188	157,611999511719
1,30752567201853	2,01229565429688	157,712005615234
1,30833953153342	2,01240502929688	157,811996459961
1,30915315821767	2,01264050292969	157,912002563477
1,30996701773256	2,0127607421875	158,011993408203
1,31078087724745	2,01269580078125	158,111999511719
1,31159462034702	2,01269873046875	158,212005615234
1,31245935335755	2,01312341308594	158,311996459961
1,31327309645712	2,01301818847656	158,412002563477
1,31413782946765	2,01276879882813	158,511993408203
1,31495157256722	2,01293054199219	158,611999511719
1,31581630557776	2,01293823242188	158,712005615234
1,31663004867733	2,01304541015625	158,811996459961
1,31749478168786	2,01353527832031	158,912002563477
1,31830852478743	2,01341845703125	159,011993408203
1,31917325779796	2,01377014160156	159,111999511719
1,3199868844822	2,01377917480469	159,212005615234
1,32085173390806	2,01377966308594	159,311996459961
1,32166536059231	2,01374145507813	159,412002563477
1,3224792201072	2,01375048828125	159,511993408203
1,32334383670241	2,01387854003906	159,611999511719
1,3241576962173	2,01392749023438	159,712005615234
1,32497155573219	2,01384741210938	159,811996459961
1,32578529883176	2,01411315917969	159,912002563477
1,32659915834665	2,01410607910156	160,011993408203
1,32741301786155	2,01442858886719	160,111999511719
1,32822664454579	2,01399755859375	160,212005615234
1,32904050406069	2,01396667480469	160,311996459961
1,32985436357558	2,01415991210938	160,412002563477
1,33066810667515	2,01405883789063	160,511993408203
1,33153283968568	2,014095703125	160,611999511719
1,33234658278525	2,01383056640625	160,712005615234
1,33316044230014	2,01395190429688	160,811996459961
1,33402505889535	2,01382250976563	160,912002563477
1,33483891841024	2,01388635253906	161,011993408203
1,33570353500545	2,01395397949219	161,111999511719
1,33651727810502	2,01414074707031	161,212005615234
1,33738201111555	2,01399987792969	161,311996459961
1,33819575421512	2,01376647949219	161,412002563477
1,33906037081033	2,01425415039063	161,511993408203
1,33992522023618	2,01404846191406	161,611999511719
1,34078983683139	2,01473364257813	161,712005615234
1,3416544534266	2,014341796875	161,811996459961
1,34251918643713	2,01442553710938	161,912002563477
1,34338380303234	2,01451086425781	162,011993408203
1,34419766254723	2,01451525878906	162,111999511719
1,34506227914244	2,01467834472656	162,212005615234
1,34592689573765	2,01440979003906	162,311996459961
1,34674075525254	2,01463830566406	162,412002563477
1,34755461476743	2,01459069824219	162,511993408203
1,34841923136264	2,01427624511719	162,611999511719
1,34923297446221	2,01419482421875	162,712005615234
1,35004671756178	2,01408801269531	162,811996459961
1,35086057707667	2,01421325683594	162,912002563477
1,35167443659157	2,01422692871094	163,011993408203
1,35248817969114	2,01419836425781	163,111999511719
1,35335291270167	2,01426501464844	163,212005615234
1,35416665580124	2,01433740234375	163,311996459961
1,35498051531613	2,01410974121094	163,412002563477
1,3557942584157	2,01426037597656	163,511993408203
1,35665899142623	2,01413061523438	163,611999511719
1,3574727345258	2,01405187988281	163,712005615234
1,35833735112101	2,01405090332031	163,811996459961
1,3591512106359	2,01400146484375	163,912002563477
1,35996495373547	2,014017578125	164,011993408203
1,360829686746	2,01411804199219	164,111999511719
1,36169430334121	2,01421130371094	164,212005615234
1,3625081628561	2,014087890625	164,311996459961
1,36337277945131	2,0140732421875	164,412002563477
1,3641866389662	2,0141904296875	164,511993408203
1,36505125556141	2,01382641601563	164,611999511719
1,3658651150763	2,0140341796875	164,712005615234
1,36672973167151	2,01408605957031	164,811996459961
1,3675435911864	2,01370788574219	164,912002563477
1,36835733428597	2,01375805664063	165,011993408203
1,36922206729651	2,01396594238281	165,111999511719
1,37003581039608	2,01377087402344	165,212005615234
1,37084955349565	2,0134560546875	165,311996459961
1,37166341301054	2,01368579101563	165,412002563477
1,37247715611011	2,01365100097656	165,511993408203
1,373291015625	2,01326879882813	165,611999511719
1,37410487513989	2,01355139160156	165,712005615234
1,3749694917351	2,01346337890625	165,811996459961
1,37578335124999	2,0132958984375	165,912002563477
1,37659709434956	2,01316674804688	166,011993408203
1,37741083744913	2,01293591308594	166,111999511719
1,37822469696403	2,0127119140625	166,212005615234
1,3790384400636	2,01323327636719	166,311996459961
1,37990317307413	2,01267272949219	166,412002563477
1,3807169161737	2,01278356933594	166,511993408203
1,38153077568859	2,01269604492188	166,611999511719
1,3823953922838	2,01283679199219	166,712005615234
1,38320925179869	2,01259167480469	166,811996459961
1,38402311131358	2,01256823730469	166,912002563477
1,38488772790879	2,01229187011719	167,011993408203
1,385752344504	2,01250354003906	167,111999511719
1,38656620401889	2,01245739746094	167,212005615234
1,3874308206141	2,01252966308594	167,311996459961
1,38829555362463	2,01228454589844	167,412002563477
1,38916017021984	2,01227490234375	167,511993408203
1,39002478681505	2,01270739746094	167,611999511719
1,39088951982558	2,01233544921875	167,712005615234
1,39175413642079	2,01234692382813	167,811996459961
1,39256799593568	2,01232104492188	167,912002563477
1,39343261253089	2,01178857421875	168,011993408203
1,39424647204578	2,01221887207031	168,111999511719
1,39506021514535	2,01174438476563	168,212005615234
1,39592494815588	2,01186279296875	168,311996459961
1,39673869125545	2,01187927246094	168,412002563477
1,39755243435502	2,01214685058594	168,511993408203
1,39836629386991	2,01182238769531	168,611999511719
1,39923091046512	2,01125476074219	168,712005615234
1,40004476998001	2,0115634765625	168,811996459961
1,40085851307958	2,01138696289063	168,912002563477
1,40167237259448	2,01111645507813	169,011993408203
1,40253698918968	2,0113212890625	169,111999511719
1,40335084870458	2,01102966308594	169,212005615234
1,40416470821947	2,0113095703125	169,311996459961
1,40502932481468	2,01073291015625	169,412002563477
1,40584318432957	2,01061938476563	169,511993408203
1,40670780092478	2,01048510742188	169,611999511719
1,40752166043967	2,01066271972656	169,712005615234
1,40833528712392	2,01041174316406	169,811996459961
1,40920002013445	2,01027905273438	169,912002563477
1,41001376323402	2,0104228515625	170,011993408203
1,41087849624455	2,01049353027344	170,111999511719
1,41169223934412	2,01007922363281	170,212005615234
1,41255697235465	2,01005346679688	170,311996459961
1,41337071545422	2,01049816894531	170,412002563477
1,41423544846475	2,01008996582031	170,511993408203
1,41504919156432	2,00979577636719	170,611999511719
1,41586305107921	2,00986279296875	170,712005615234
1,41667691059411	2,00952758789063	170,811996459961
1,41749065369368	2,00991735839844	170,912002563477
1,41830439679325	2,009490234375	171,011993408203
1,41911825630814	2,00931823730469	171,111999511719
1,41993199940771	2,00914892578125	171,212005615234
1,4207458589226	2,00893090820313	171,311996459961
1,42155971843749	2,0087373046875	171,412002563477
1,42237346153706	2,00865612792969	171,511993408203
1,42318720463663	2,00839135742188	171,611999511719
1,42405193764716	2,00844750976563	171,712005615234
1,42486568074673	2,00802233886719	171,811996459961
1,42567954026163	2,00855810546875	171,912002563477
1,4264932833612	2,00817651367188	172,011993408203
1,42735801637173	2,00761401367188	172,111999511719
1,4281717594713	2,00809851074219	172,212005615234
1,42898561898619	2,007962890625	172,311996459961
1,4298502355814	2,00769934082031	172,412002563477
1,43071496859193	2,00751586914063	172,511993408203
1,43157958518714	2,00759350585938	172,611999511719
1,43244420178235	2,00748742675781	172,712005615234
1,43330893479288	2,00751354980469	172,811996459961
1,43417355138808	2,00745727539063	172,912002563477
1,43503816798329	2,00718493652344	173,011993408203
1,43585202749819	2,00718029785156	173,111999511719
1,43671664409339	2,00706213378906	173,212005615234
1,43753050360829	2,00711462402344	173,311996459961
1,4383951202035	2,00680981445313	173,412002563477
1,43920897971839	2,0069951171875	173,511993408203
1,4400735963136	2,0068056640625	173,611999511719
1,44088745582849	2,00635705566406	173,712005615234
1,44170131534338	2,00629113769531	173,811996459961
1,44256593193859	2,00612060546875	173,912002563477
1,44337979145348	2,00624780273438	174,011993408203
1,44419353455305	2,00593420410156	174,111999511719
1,44505826756358	2,00533374023438	174,212005615234
1,44587189424783	2,00545324707031	174,311996459961
1,44668575376272	2,00497729492188	174,412002563477
1,44749961327761	2,00499975585938	174,511993408203
1,44836422987282	2,00511755371094	174,611999511719
1,44917808938771	2,00476037597656	174,712005615234
1,44999183248729	2,00441137695313	174,811996459961
1,45080569200218	2,00433532714844	174,912002563477
1,45167030859739	2,004078125	175,011993408203
1,45248416811228	2,0038125	175,111999511719
1,45334878470749	2,00400073242188	175,212005615234
1,45416264422238	2,00340795898438	175,311996459961
1,45502726081759	2,00343420410156	175,412002563477
1,45584112033248	2,00325451660156	175,511993408203
1,45670573692769	2,00289477539063	175,611999511719
1,45757046993822	2,00307141113281	175,712005615234
1,45843508653343	2,00244982910156	175,811996459961
1,45924894604832	2,002298828125	175,912002563477
1,46011356264353	2,00217578125	176,011993408203
1,46092742215842	2,00195654296875	176,111999511719
1,46174104884267	2,00160717773438	176,212005615234
1,4626057818532	2,00134729003906	176,311996459961
1,46341952495277	2,00128845214844	176,412002563477
1,46423338446766	2,00088012695313	176,511993408203
1,46504724398255	2,00076220703125	176,611999511719
1,46586098708212	2,00096118164063	176,712005615234
1,46667484659702	2,00016174316406	176,811996459961
1,46748858969659	1,99986474609375	176,912002563477
1,46830233279616	1,99930737304688	177,011993408203
1,46911619231105	1,99877966308594	177,111999511719
1,46993005182594	1,99872546386719	177,212005615234
1,47074379492551	1,99824133300781	177,311996459961
1,47160852793604	1,9984912109375	177,412002563477
1,47242227103561	1,9976640625	177,511993408203
1,4732361305505	1,99736865234375	177,611999511719
1,47404987365007	1,99718640136719	177,712005615234
1,4749146066606	1,99671899414063	177,811996459961
1,47572834976017	1,99657971191406	177,912002563477
1,47659296635538	1,99641320800781	178,011993408203
1,47745769936591	1,99603759765625	178,111999511719
1,47827144246548	1,99560534667969	178,212005615234
1,47913605906069	1,9954951171875	178,311996459961
1,48000090848655	1,99479260253906	178,412002563477
1,48086552508175	1,99482385253906	178,511993408203
1,48173014167696	1,99497106933594	178,611999511719
1,48259487468749	1,99426208496094	178,712005615234
1,48340861778706	1,99396069335938	178,811996459961
1,48427335079759	1,99353930664063	178,912002563477
1,48508709389716	1,993146484375	179,011993408203
1,48595182690769	1,99280554199219	179,111999511719
1,48676545359194	1,99235375976563	179,212005615234
1,4876303030178	1,99261303710938	179,311996459961
1,48844392970204	1,99147412109375	179,412002563477
1,48925778921694	1,9910205078125	179,511993408203
1,49012240581214	1,99075927734375	179,611999511719
1,49093626532704	1,99029626464844	179,712005615234
1,49175012484193	1,99001684570313	179,811996459961
1,49261474143714	1,98970080566406	179,912002563477
1,49342860095203	1,98922277832031	180,011993408203
1,49429321754724	1,98873120117188	180,111999511719
1,49510707706213	1,98843920898438	180,212005615234
1,49597169365734	1,98849560546875	180,311996459961
1,49678555317223	1,98762829589844	180,412002563477
1,4975992962718	1,98719873046875	180,511993408203
1,49841303937137	1,98676220703125	180,611999511719
1,49927765596658	1,98625927734375	180,712005615234
1,50009151548147	1,98586218261719	180,811996459961
1,50095613207668	1,98541003417969	180,912002563477
1,50176999159157	1,98519055175781	181,011993408203
1,50263460818678	1,98462536621094	181,111999511719
1,50344846770167	1,984173828125	181,212005615234
1,50431308429688	1,98396020507813	181,311996459961
1,50512694381177	1,98360083007813	181,412002563477
1,50594080332667	1,98292529296875	181,511993408203
1,50680541992188	1,98243701171875	181,611999511719
1,50761927943677	1,98197021484375	181,712005615234
1,50843302253634	1,98152709960938	181,811996459961
1,50924688205123	1,98109350585938	181,912002563477
1,5100606251508	1,9806962890625	182,011993408203
1,51092524174601	1,97979431152344	182,111999511719
1,5117391012609	1,97936840820313	182,212005615234
1,51255284436047	1,97884655761719	182,311996459961
1,51336670387536	1,97820446777344	182,412002563477
1,51418056339026	1,9776533203125	182,511993408203
1,51499430648983	1,97681530761719	182,611999511719
1,5158080495894	1,97612817382813	182,712005615234
1,51662190910429	1,97564965820313	182,811996459961
1,51743565220386	1,97494653320313	182,912002563477
1,51824951171875	1,97424621582031	183,011993408203
1,51906337123364	1,97359997558594	183,111999511719
1,51987711433321	1,97312219238281	183,212005615234
1,52074184734374	1,9725068359375	183,311996459961
1,52155559044331	1,9716875	183,412002563477
1,52236933354288	1,97123291015625	183,511993408203
1,52323406655341	1,97050207519531	183,611999511719
1,52409879956394	1,96971508789063	183,712005615234
1,52491242624819	1,96902551269531	183,811996459961
1,52577727567405	1,96835534667969	183,912002563477
1,52664189226925	1,96773022460938	184,011993408203
1,52750650886446	1,96723681640625	184,111999511719
1,52837124187499	1,96664477539063	184,212005615234
1,5292358584702	1,96562524414063	184,311996459961
1,53010047506541	1,96487072753906	184,412002563477
1,53096520807594	1,96402978515625	184,511993408203
1,53177895117551	1,96325	184,611999511719
1,53264368418604	1,96235632324219	184,712005615234
1,53345742728561	1,96139074707031	184,811996459961
1,5342712868005	1,96033911132813	184,912002563477
1,53513590339571	1,9595048828125	185,011993408203
1,5359497629106	1,95822192382813	185,111999511719
1,53676350601017	1,95679223632813	185,212005615234
1,53757724910975	1,95526965332031	185,311996459961
1,53839110862464	1,95363232421875	185,412002563477
1,53925572521985	1,95170495605469	185,511993408203
1,54006958473474	1,94984924316406	185,611999511719
1,54088344424963	1,94713317871094	185,712005615234
1,54174806084484	1,94345776367188	185,811996459961
1,54256192035973	1,93940295410156	185,912002563477
1,5433756634593	1,93447790527344	186,011993408203
1,54424039646983	1,9293115234375	186,111999511719
1,54505402315408	1,92180078125	186,212005615234
1,54591887257993	1,91158740234375	186,311996459961
1,54678348917514	1,86669677734375	186,412002563477
1,549530075863	-0,160366989135742	186,444000244141
