File Path: D:\Ensayos Víctor\Fase III\Virgen\vertical\Test Run 9 16-05-2019 12 30 43\DAQ- Crosshead; … - (Timed).txt   
Test: ENSAYOS TRACCION PLA 3
Test Run: Test Run 9
Date: 16/05/2019 12:27:47


Crosshead 	Load 	Time 
mm	kN	sec
0,000254313135883422	0,0630445404052734	0,114000000059605
0,000813802046195633	0,0635123176574707	0,214000001549721
0,00152587892898737	0,063983829498291	0,314000010490417
0,00233968080465274	0,0648996810913086	0,414000004529953
0,00315348324875231	0,0648910827636719	0,513999998569489
0,00396728501073085	0,0657989654541016	0,614000022411346
0,00478108722745674	0,0657511978149414	0,71399998664856
0,00559488898943528	0,0663835906982422	0,814000010490417
0,00640869120616117	0,0668530426025391	0,913999974727631
0,00722249342288706	0,0672734451293945	1,01400005817413
0,0080362960943603	0,0675815353393555	1,1139999628067
0,00885009740159148	0,0676425247192383	1,21399998664856
0,00966389961831737	0,0679554061889648	1,31400001049042
0,0104777018350433	0,0680362014770508	1,41400003433228
0,0112915040517692	0,0681706619262695	1,51400005817413
0,0121053053590003	0,0683525314331055	1,6139999628067
0,0129699710669229	0,0685990676879883	1,71399998664856
0,0137837723741541	0,0687077789306641	1,81400001049042
0,0145975755003747	0,0689543609619141	1,91400003433228
0,0154113768076058	0,0689413146972656	2,01399993896484
0,016276040696539	0,0692159118652344	2,11400008201599
0,0170898438227596	0,0692710113525391	2,21399998664856
0,0179545077116927	0,0693418884277344	2,31399989128113
0,0187683108379133	0,0697370758056641	2,41400003433228
0,0196329747268464	0,0698279571533203	2,51399993896484
0,020446777853067	0,0702400131225586	2,61400008201599
0,0213114417420002	0,0705178451538086	2,71399998664856
0,0221252448682208	0,0708948745727539	2,81399989128113
0,0229899087571539	0,0714149475097656	2,91400003433228
0,0238037100643851	0,0721866836547852	3,01399993896484
0,0246683757723076	0,0726491470336914	3,11400008201599
0,0255330414802302	0,073634880065918	3,21399998664856
0,026346840968472	0,0739467468261719	3,31399989128113
0,0272115084953839	0,0750911560058594	3,41400003433228
0,0280253079836257	0,0757613372802734	3,51399993896484
0,0288899736915482	0,07658984375	3,61400008201599
0,0297037749987794	0,0772542266845703	3,71399998664856
0,030517578125	0,0781206741333008	3,81399989128113
0,0313313794322312	0,0786948776245117	3,91400003433228
0,0321451843774412	0,0793807983398438	4,01399993896484
0,0330098446283955	0,0801081695556641	4,11399984359741
0,0338236495736055	0,0805166397094727	4,21400022506714
0,0346374508808367	0,0810139770507813	4,31400012969971
0,0354512521880679	0,0812726287841797	4,41400003433228
0,0363159197149798	0,0817036285400391	4,51399993896484
0,0371297173842322	0,0821236419677734	4,61399984359741
0,0379943849111442	0,0824889526367188	4,71400022506714
0,0388081862183753	0,083025749206543	4,81400012969971
0,0396219911635853	0,0833247756958008	4,91400003433228
0,0404866514145397	0,0838702697753906	5,01399993896484
0,0413004563597497	0,0842148666381836	5,11399984359741
0,0421651202486828	0,0849146118164063	5,21400022506714
0,0429789251938928	0,0859770965576172	5,31400012969971
0,0438435854448471	0,0869979553222656	5,41400003433228
0,0446573903900571	0,0882227935791016	5,51399993896484
0,0455220542789903	0,0893852996826172	5,61399984359741
0,0463358555862214	0,0907444610595703	5,71400022506714
0,0472005194751546	0,091989387512207	5,81400012969971
0,0480143244203646	0,0931397323608398	5,91400003433228
0,0488281257275958	0,0947299346923828	6,01399993896484
0,0496927896165289	0,0956235504150391	6,11399984359741
0,0505065909237601	0,0968281021118164	6,21400022506714
0,0513203922309913	0,0979283599853516	6,31400012969971
0,0521341971762013	0,0990806884765625	6,41400003433228
0,0529479984834325	0,100243591308594	6,51399993896484
0,0537617997906636	0,101382392883301	6,61399984359741
0,0545756047358736	0,102480377197266	6,71400022506714
0,0553894060431048	0,103646270751953	6,81400012969971
0,0562032037123572	0,104562118530273	6,91400003433228
0,0570170086575672	0,105705413818359	7,01399993896484
0,0578308099647984	0,10672354888916	7,11399984359741
0,0586954774917103	0,10767658996582	7,21400022506714
0,0595092787989415	0,108567100524902	7,31400012969971
0,0603230764681939	0,1093173828125	7,41400003433228
0,0611877476330847	0,110289627075195	7,51399993896484
0,0620015416643582	0,111100570678711	7,61399984359741
0,0628153429715894	0,112197593688965	7,71400022506714
0,063680017774459	0,113366485595703	7,81400012969971
0,0644938118057325	0,114092460632324	7,91400003433228
0,0653584793326445	0,115144302368164	8,01399993896484
0,0661722806398757	0,116001976013184	8,11400032043457
0,0670369481667876	0,116908851623535	8,21399974822998
0,067901608417742	0,117930107116699	8,31400012969971
0,0687154170009308	0,118908752441406	8,41399955749512
0,0695800772518851	0,119974319458008	8,51399993896484
0,0704447375028394	0,120882171630859	8,61400032043457
0,0712585460860282	0,1218251953125	8,71399974822998
0,0721232063369825	0,122489601135254	8,81400012969971
0,0729878738638945	0,123776023864746	8,91399955749512
0,0738016751711257	0,124744918823242	9,01399993896484
0,0746663426980376	0,125963768005371	9,11400032043457
0,0754801440052688	0,126919227600098	9,21399974822998
0,0762939453125	0,128102722167969	9,31400012969971
0,0771077466197312	0,129396331787109	9,41399955749512
0,0779215479269624	0,130403259277344	9,51399993896484
0,0787862154538743	0,131846328735352	9,61400032043457
0,0796000167611055	0,132943176269531	9,71399974822998
0,0804138180683367	0,134376892089844	9,81400012969971
0,0812276193755679	0,13540185546875	9,91399955749512
0,0820414206827991	0,136879638671875	10,0139999389648
0,082906088209711	0,138091659545898	10,1140003204346
0,0837198895169422	0,139438690185547	10,21399974823
0,0845336908241734	0,140659484863281	10,3140001296997
0,0853983510751277	0,141940902709961	10,4139995574951
0,0862121596583165	0,143419799804688	10,5139999389648
0,0870259609655477	0,144887634277344	10,6140003204346
0,0878906284924597	0,145934707641602	10,71399974823
0,0887044297996908	0,147443832397461	10,8140001296997
0,0895690900506452	0,148532424926758	10,9139995574951
0,090382898633834	0,150003311157227	11,0139999389648
0,0912475588847883	0,151399505615234	11,1140003204346
0,0920613601920195	0,152715026855469	11,21399974823
0,0929260277189314	0,154034484863281	11,3140001296997
0,0937398290261626	0,155292770385742	11,4139995574951
0,094604489277117	0,15682731628418	11,5139999389648
0,0954182978603058	0,157932312011719	11,6140003204346
0,0962320918915793	0,159157211303711	11,71399974823
0,0970459004747681	0,160605133056641	11,8140001296997
0,0979105607257225	0,161797897338867	11,9139995574951
0,0987243620329537	0,162932464599609	12,0139999389648
0,0995381706161425	0,163840667724609	12,1140003204346
0,100351964647416	0,165303176879883	12,21399974823
0,101165773230605	0,166268371582031	12,3140001296997
0,101979574537836	0,167488433837891	12,4139995574951
0,102793375845067	0,168749008178711	12,5139999389648
0,103607177152298	0,169569381713867	12,6140003204346
0,104420985735487	0,170813186645508	12,71399974823
0,105285645986442	0,172163925170898	12,8140001296997
0,106099447293673	0,173181274414063	12,9139995574951
0,106913248600904	0,174277481079102	13,0139999389648
0,107727049908135	0,175288711547852	13,1140003204346
0,108591710159089	0,176813400268555	13,21399974823
0,109405518742278	0,177939697265625	13,3140001296997
0,110270178993233	0,179152740478516	13,4139995574951
0,111083987576421	0,180538787841797	13,5139999389648
0,111948647827376	0,181721176147461	13,6140003204346
0,112762449134607	0,183098388671875	13,71399974823
0,113627116661519	0,184658233642578	13,8140001296997
0,114491784188431	0,186175720214844	13,9139995574951
0,115305578219704	0,187767059326172	14,0139999389648
0,116170253022574	0,189194381713867	14,1140003204346
0,117034913273528	0,190854751586914	14,21399974823
0,117899573524483	0,192384231567383	14,3140001296997
0,118713382107671	0,193955047607422	14,4139995574951
0,119578042358626	0,195496795654297	14,5139999389648
0,120391843665857	0,196927597045898	14,6140003204346
0,121256511192769	0,198357162475586	14,71399974823
0,1220703125	0,199720993041992	14,8140001296997
0,122884113807231	0,201490447998047	14,9139995574951
0,123697915114462	0,203282745361328	15,0139999389648
0,124511716421694	0,204504852294922	15,1140003204346
0,125325517728925	0,205939453125	15,21399974823
0,126139333588071	0,206671447753906	15,3140001296997
0,126953120343387	0,208681823730469	15,4139995574951
0,127817795146257	0,210140716552734	15,5139999389648
0,128631596453488	0,211460540771484	15,6140003204346
0,129445383208804	0,212820663452148	15,71399974823
0,13025919906795	0,214487670898438	15,8140001296997
0,131123859318905	0,216011306762695	15,9139995574951
0,131937660626136	0,217573486328125	16,0139999389648
0,132751461933367	0,218851135253906	16,1140003204346
0,133616136736237	0,220411697387695	16,2140007019043
0,134429938043468	0,222043853759766	16,3139991760254
0,135243724798784	0,22358723449707	16,4139995574951
0,136108399601653	0,225107009887695	16,5139999389648
0,136922200908884	0,226431137084961	16,6140003204346
0,137786861159839	0,228087631225586	16,7140007019043
0,13860066246707	0,229467208862305	16,8139991760254
0,139465337269939	0,231161911010742	16,9139995574951
0,140279124025255	0,232895614624023	17,0139999389648
0,141092939884402	0,233905075073242	17,1140003204346
0,141957600135356	0,235505447387695	17,2140007019043
0,142771401442587	0,236994125366211	17,3139991760254
0,143585202749819	0,238534286499023	17,4139995574951
0,14439900405705	0,240064086914063	17,5139999389648
0,145212819916196	0,241600677490234	17,6140003204346
0,146026606671512	0,242924819946289	17,7140007019043
0,146840407978743	0,24455046081543	17,8139991760254
0,14765422383789	0,24604345703125	17,9139995574951
0,148468010593206	0,247439575195313	18,0139999389648
0,149281811900437	0,249174530029297	18,1140003204346
0,150095627759583	0,250560470581055	18,2140007019043
0,150909429066814	0,252419677734375	18,3139991760254
0,151774089317769	0,253436294555664	18,4139995574951
0,152587890625	0,255123626708984	18,5139999389648
0,153401691932231	0,256766296386719	18,6140003204346
0,154215493239462	0,258298095703125	18,7140007019043
0,155080153490417	0,259893310546875	18,8139991760254
0,155893969349563	0,2612353515625	18,9139995574951
0,156758615048602	0,262913970947266	19,0139999389648
0,157572430907749	0,264414459228516	19,1140003204346
0,158437091158703	0,266056274414063	19,2140007019043
0,159301751409657	0,267633056640625	19,3139991760254
0,160115552716888	0,269280395507813	19,4139995574951
0,160980227519758	0,270757202148438	19,5139999389648
0,161844887770712	0,272352447509766	19,6140003204346
0,162658689077944	0,274182922363281	19,7140007019043
0,163523363880813	0,275745147705078	19,8139991760254
0,164388009579852	0,277196533203125	19,9139995574951
0,165201825438999	0,278727233886719	20,0139999389648
0,166066485689953	0,280482513427734	20,1140003204346
0,166880301549099	0,282231811523438	20,2140007019043
0,167694088304415	0,283663024902344	20,3139991760254
0,168558763107285	0,285132781982422	20,4139995574951
0,169372564414516	0,286804595947266	20,5139999389648
0,170186351169832	0,288110107421875	20,6140003204346
0,171051025972702	0,289923553466797	20,7140007019043
0,171864827279933	0,291601959228516	20,8139991760254
0,172678628587164	0,293299896240234	20,9139995574951
0,173492429894395	0,294346649169922	21,0139999389648
0,174306231201626	0,296282836914063	21,1140003204346
0,175170891452581	0,29767626953125	21,2140007019043
0,175984692759812	0,299343322753906	21,3139991760254
0,176798508618958	0,300877014160156	21,4139995574951
0,177612309926189	0,302343078613281	21,5139999389648
0,178476970177144	0,304105438232422	21,6140003204346
0,179341630428098	0,305797485351563	21,7140007019043
0,180155446287245	0,307330078125	21,8139991760254
0,180969233042561	0,30891015625	21,9139995574951
0,18183390784543	0,310377502441406	22,0139999389648
0,182647709152661	0,312197540283203	22,1140003204346
0,183512369403616	0,313657012939453	22,2140007019043
0,184326170710847	0,315463531494141	22,3139991760254
0,185190845513716	0,31675830078125	22,4139995574951
0,186004632269032	0,318518188476563	22,5139999389648
0,186869307071902	0,320014099121094	22,6140003204346
0,187683108379133	0,321592529296875	22,7140007019043
0,188547768630087	0,323292205810547	22,8139991760254
0,189361569937319	0,324801940917969	22,9139995574951
0,19017537124455	0,326407348632813	23,0139999389648
0,190989187103696	0,327673828125	23,1140003204346
0,191802973859012	0,329264465332031	23,2140007019043
0,192616775166243	0,331038177490234	23,3139991760254
0,19343059102539	0,332732238769531	23,4139995574951
0,194244377780706	0,334268859863281	23,5139999389648
0,195058179087937	0,335861968994141	23,6140003204346
0,195871994947083	0,337385040283203	23,7140007019043
0,196685796254314	0,338688415527344	23,8139991760254
0,19749958300963	0,340589447021484	23,9139995574951
0,198313398868777	0,341967346191406	24,0139999389648
0,199178059119731	0,343554992675781	24,1140003204346
0,199991860426962	0,345178863525391	24,2140007019043
0,200805661734194	0,346747741699219	24,3139991760254
0,201670336537063	0,348311828613281	24,4139995574951
0,202484137844294	0,350173950195313	24,5139999389648
0,20329792459961	0,351665924072266	24,6140003204346
0,20416259940248	0,353216827392578	24,7140007019043
0,205027274205349	0,354860687255859	24,8139991760254
0,205841060960665	0,356342529296875	24,9139995574951
0,206705735763535	0,3581533203125	25,0139999389648
0,207570396014489	0,359770202636719	25,1140003204346
0,20838419732172	0,361212005615234	25,2140007019043
0,209248857572675	0,363010711669922	25,3139991760254
0,210113532375544	0,364522369384766	25,4139995574951
0,210978192626499	0,366273376464844	25,5139999389648
0,21179199393373	0,368005706787109	25,6140003204346
0,212605795240961	0,369432830810547	25,7140007019043
0,213470455491915	0,371004119873047	25,8139991760254
0,214284256799147	0,372672760009766	25,9139995574951
0,215098072658293	0,374241180419922	26,0139999389648
0,215962718357332	0,375631317138672	26,1140003204346
0,216776534216478	0,377437255859375	26,2140007019043
0,21759033552371	0,379001861572266	26,3139991760254
0,218404122279026	0,380505920410156	26,4139995574951
0,219217938138172	0,381956573486328	26,5139999389648
0,220031739445403	0,383739562988281	26,6140003204346
0,220845540752634	0,385257751464844	26,7140007019043
0,221710201003589	0,386811676025391	26,8139991760254
0,22252400231082	0,388606353759766	26,9139995574951
0,223337818169966	0,390011474609375	27,0139999389648
0,224202463869005	0,39159814453125	27,1140003204346
0,225016279728152	0,393169647216797	27,2140007019043
0,225830081035383	0,394959075927734	27,3139991760254
0,226694741286337	0,396448791503906	27,4139995574951
0,227508542593569	0,39808544921875	27,5139999389648
0,228373217396438	0,399846221923828	27,6140003204346
0,229237863095477	0,401450836181641	27,7140007019043
0,230051678954624	0,403053924560547	27,8139991760254
0,230916339205578	0,404687438964844	27,9139995574951
0,231780999456532	0,406255218505859	28,0139999389648
0,232594800763763	0,407849395751953	28,1140003204346
0,23340861662291	0,40953173828125	28,2140007019043
0,234273276873864	0,411129119873047	28,3139991760254
0,235087078181095	0,412669403076172	28,4139995574951
0,235900879488327	0,414261199951172	28,5139999389648
0,236714680795558	0,415862884521484	28,6140003204346
0,237528482102789	0,417212188720703	28,7140007019043
0,23834228341002	0,419040374755859	28,8139991760254
0,239156084717251	0,420597412109375	28,9139995574951
0,239969900576398	0,421927703857422	29,0139999389648
0,240783687331714	0,423644653320313	29,1140003204346
0,241597488638945	0,425083343505859	29,2140007019043
0,242462163441814	0,426757690429688	29,3139991760254
0,24327595019713	0,428167083740234	29,4139995574951
0,244089766056277	0,429909271240234	29,5139999389648
0,244903552811593	0,431504974365234	29,6140003204346
0,245768227614462	0,432989288330078	29,7140007019043
0,246582028921694	0,434498565673828	29,8139991760254
0,247395830228925	0,436183166503906	29,9139995574951
0,248260505031794	0,437869750976563	30,0139999389648
0,249074306339026	0,439446441650391	30,1140003204346
0,249888107646257	0,441095672607422	30,2140007019043
0,250752782449126	0,442556182861328	30,3139991760254
0,251566554652527	0,444332611083984	30,4139995574951
0,252431229455397	0,445880676269531	30,5139999389648
0,253295904258266	0,447381622314453	30,6140003204346
0,254109705565497	0,449256927490234	30,7140007019043
0,254974351264536	0,450703216552734	30,8139991760254
0,255839026067406	0,452221527099609	30,9139995574951
0,256703700870276	0,454241424560547	31,0139999389648
0,257517473073676	0,455713256835938	31,1140003204346
0,258382176980376	0,457262359619141	31,2140007019043
0,259195949183777	0,458785888671875	31,3139991760254
0,260060623986647	0,460607757568359	31,4139995574951
0,260874425293878	0,462035369873047	31,5139999389648
0,261688226601109	0,463533782958984	31,6140003204346
0,262502057012171	0,465293884277344	31,7140007019043
0,26336670271121	0,466795166015625	31,8139991760254
0,264180504018441	0,468283203125	31,9139995574951
0,264994305325672	0,469652618408203	32,0139999389648
0,265808106632903	0,471311157226563	32,1139984130859
0,266621907940134	0,472857635498047	32,2140007019043
0,267435709247366	0,474522674560547	32,3139991760254
0,268300384050235	0,476129638671875	32,4140014648438
0,269114156253636	0,477632293701172	32,5139999389648
0,269927986664698	0,479235443115234	32,6139984130859
0,270792632363737	0,480894805908203	32,7140007019043
0,271606433670968	0,482671966552734	32,8139991760254
0,272471108473837	0,484196594238281	32,9140014648438
0,273284909781069	0,485571380615234	33,0139999389648
0,2740987110883	0,487111358642578	33,1139984130859
0,274963385891169	0,48903369140625	33,2140007019043
0,275777187198401	0,490710998535156	33,3139991760254
0,27664183289744	0,49218115234375	33,4140014648438
0,277455663308501	0,494027648925781	33,5139999389648
0,27832030900754	0,495422546386719	33,6139984130859
0,279134110314772	0,496958160400391	33,7140007019043
0,279998785117641	0,498603515625	33,8139991760254
0,280812586424872	0,500052337646484	33,9140014648438
0,281626387732103	0,501689147949219	34,0139999389648
0,282440189039335	0,503180358886719	34,1139984130859
0,283253990346566	0,504866363525391	34,2140007019043
0,284118665149435	0,506410888671875	34,3139991760254
0,284932466456667	0,508148315429688	34,4140014648438
0,285746238660067	0,509374755859375	34,5139999389648
0,286560069071129	0,511226287841797	34,6139984130859
0,28737387037836	0,512787170410156	34,7140007019043
0,288187642581761	0,514302612304688	34,8139991760254
0,289001472992823	0,516096313476563	34,9140014648438
0,289815274300054	0,517672119140625	35,0139999389648
0,290629046503454	0,518830200195313	35,1139984130859
0,291493750410154	0,520653564453125	35,2140007019043
0,292307522613555	0,522496398925781	35,3139991760254
0,293121323920786	0,523693237304688	35,4140014648438
0,293935154331848	0,5255126953125	35,5139999389648
0,294799800030887	0,526962036132813	35,6139984130859
0,295613630441949	0,528737182617188	35,7140007019043
0,29642740264535	0,530117736816406	35,8139991760254
0,297292077448219	0,531509826660156	35,9140014648438
0,29810587875545	0,533218627929688	36,0139999389648
0,29897055355832	0,535135009765625	36,1139984130859
0,299835199257359	0,536908264160156	36,2140007019043
0,300649029668421	0,538042541503906	36,3139991760254
0,30151367536746	0,539734191894531	36,4140014648438
0,302378321066499	0,541767944335938	36,5139999389648
0,303243024973199	0,543238098144531	36,6139984130859
0,3040567971766	0,544880249023438	36,7140007019043
0,304921471979469	0,54629736328125	36,8139991760254
0,3057352732867	0,54805615234375	36,9140014648438
0,30659994808957	0,549823608398438	37,0139999389648
0,307413720292971	0,551466125488281	37,1139984130859
0,308227550704032	0,55301953125	37,2140007019043
0,309041352011263	0,554392517089844	37,3139991760254
0,309905997710302	0,55583447265625	37,4140014648438
0,310719828121364	0,557494689941406	37,5139999389648
0,311533600324765	0,559340576171875	37,6139984130859
0,312347401631996	0,560678405761719	37,7140007019043
0,313212076434866	0,562100463867188	37,8139991760254
0,314025877742097	0,563944274902344	37,9140014648438
0,314839679049328	0,565488098144531	38,0139999389648
0,315653480356559	0,56702294921875	38,1139984130859
0,316518155159429	0,568738708496094	38,2140007019043
0,317331927362829	0,569799133300781	38,3139991760254
0,318145757773891	0,571555969238281	38,4140014648438
0,31901040347293	0,572861267089844	38,5139999389648
0,319824204780161	0,574650573730469	38,6139984130859
0,320688879583031	0,576294677734375	38,7140007019043
0,321502680890262	0,577983947753906	38,8139991760254
0,322367326589301	0,579651794433594	38,9140014648438
0,323181157000363	0,58134619140625	39,0139999389648
0,324045802699402	0,5829072265625	39,1139984130859
0,324859633110464	0,584422241210938	39,2140007019043
0,325724278809503	0,586071411132813	39,3139991760254
0,326538080116734	0,587647644042969	39,4140014648438
0,327351910527796	0,589157470703125	39,5139999389648
0,328165682731196	0,590710266113281	39,6139984130859
0,329030357534066	0,592083068847656	39,7140007019043
0,329844158841297	0,593955322265625	39,8139991760254
0,330657960148528	0,595886596679688	39,9140014648438
0,331471761455759	0,596929260253906	40,0139999389648
0,332285562762991	0,598340515136719	40,1139984130859
0,333099364070222	0,600038391113281	40,2140007019043
0,333913165377453	0,601670654296875	40,3139991760254
0,334726966684684	0,603548034667969	40,4140014648438
0,335540767991915	0,604727905273438	40,5139999389648
0,336354569299147	0,606444580078125	40,6139984130859
0,337168370606378	0,607817749023438	40,7140007019043
0,338033045409247	0,609633728027344	40,8139991760254
0,338846846716478	0,610779968261719	40,9140014648438
0,33966064802371	0,612378601074219	41,0139999389648
0,340525293722749	0,614398071289063	41,1139984130859
0,34133912413381	0,615934204101563	41,2140007019043
0,34220376983285	0,617592590332031	41,3139991760254
0,343017571140081	0,619437805175781	41,4140014648438
0,34388224594295	0,620775268554688	41,5139999389648
0,344696047250181	0,622233154296875	41,6139984130859
0,345560692949221	0,623852355957031	41,7140007019043
0,346425396855921	0,625251586914063	41,8139991760254
0,347239169059321	0,627278991699219	41,9140014648438
0,348103843862191	0,628661987304688	42,0139999389648
0,34896851866506	0,630408203125	42,1139984130859
0,349782319972292	0,632086547851563	42,2140007019043
0,350646965671331	0,633418212890625	42,3139991760254
0,351460796082392	0,635362976074219	42,4140014648438
0,352274568285793	0,636303344726563	42,5139999389648
0,353139243088663	0,6381767578125	42,6139984130859
0,353953044395894	0,639749267578125	42,7140007019043
0,354766845703125	0,641530151367188	42,8139991760254
0,355580647010356	0,64303857421875	42,9140014648438
0,356445321813226	0,644526428222656	43,0139999389648
0,357259123120457	0,645838134765625	43,1139984130859
0,358072895323858	0,647518249511719	43,2140007019043
0,358886725734919	0,649078002929688	43,3139991760254
0,359700527042151	0,650766052246094	43,4140014648438
0,36056517274119	0,652739013671875	43,5139999389648
0,361379003152251	0,653741760253906	43,6139984130859
0,362192775355652	0,655379760742188	43,7140007019043
0,363006605766714	0,656757690429688	43,8139991760254
0,363871251465753	0,658530883789063	43,9140014648438
0,364685052772984	0,659968383789063	44,0139999389648
0,365549727575853	0,661695190429688	44,1139984130859
0,366363528883085	0,663037658691406	44,2140007019043
0,367228174582124	0,664936218261719	44,3139991760254
0,368042004993185	0,666098510742188	44,4140014648438
0,368906650692225	0,667995422363281	44,5139999389648
0,369720451999456	0,669392822265625	44,6139984130859
0,370585126802325	0,670959594726563	44,7140007019043
0,371398928109556	0,672802062988281	44,8139991760254
0,372263573808596	0,673899047851563	44,9140014648438
0,373077404219657	0,675665222167969	45,0139999389648
0,373891205526888	0,677107971191406	45,1139984130859
0,374755851225927	0,678873046875	45,2140007019043
0,375569681636989	0,680267761230469	45,3139991760254
0,37638345384039	0,681768676757813	45,4140014648438
0,377197255147621	0,68327880859375	45,5139999389648
0,378011085558683	0,684971069335938	45,6139984130859
0,378824857762083	0,686672668457031	45,7140007019043
0,379638659069315	0,687995971679688	45,8139991760254
0,380452489480376	0,689570007324219	45,9140014648438
0,381266261683777	0,691027404785156	46,0139999389648
0,382130936486647	0,692643615722656	46,1139984130859
0,382944737793878	0,694186279296875	46,2140007019043
0,383758539101109	0,695846862792969	46,3139991760254
0,384572369512171	0,697236877441406	46,4140014648438
0,385386141715571	0,6990576171875	46,5139999389648
0,386250816518441	0,700301940917969	46,6139984130859
0,387064617825672	0,702096740722656	46,7140007019043
0,387929292628542	0,703280151367188	46,8139991760254
0,388743064831942	0,704895874023438	46,9140014648438
0,389607768738642	0,706158935546875	47,0139999389648
0,390472414437681	0,708005310058594	47,1139984130859
0,391286215744913	0,709673889160156	47,2140007019043
0,392150890547782	0,711499816894531	47,3139991760254
0,393015536246821	0,713147338867188	47,4140014648438
0,393829337554052	0,71485595703125	47,5139999389648
0,394694012356922	0,71600927734375	47,6139984130859
0,395558687159792	0,717650329589844	47,7140007019043
0,396372459363192	0,718958679199219	47,8139991760254
0,397237163269892	0,721046203613281	47,9140014648438
0,398050935473293	0,72250048828125	48,0139999389648
0,398915610276163	0,723881530761719	48,1139984130859
0,399729411583394	0,725221130371094	48,2140007019043
0,400543212890625	0,727054382324219	48,3139991760254
0,401357014197856	0,728608032226563	48,4140014648438
0,402221689000726	0,730024658203125	48,5139999389648
0,403035490307957	0,731489318847656	48,6139984130859
0,403849262511358	0,73310400390625	48,7140007019043
0,404663092922419	0,734339111328125	48,8139991760254
0,405476894229651	0,735986328125	48,9140014648438
0,406290666433051	0,737452331542969	49,0139999389648
0,407155370339751	0,739086853027344	49,1139984130859
0,407969142543152	0,740825866699219	49,2140007019043
0,408782972954214	0,742244384765625	49,3139991760254
0,409596774261445	0,743748779296875	49,4140014648438
0,410461419960484	0,744827270507813	49,5139999389648
0,411275250371546	0,746915588378906	49,6139984130859
0,412139896070585	0,748443237304688	49,7140007019043
0,412953697377816	0,749784912109375	49,8139991760254
0,413767498685047	0,751062561035156	49,9140014648438
0,414632173487917	0,753005615234375	50,0139999389648
0,415445945691317	0,7543828125	50,1139984130859
0,416310649598017	0,756408325195313	50,2140007019043
0,417124421801418	0,757502197265625	50,3139991760254
0,417989096604288	0,758968139648438	50,4140014648438
0,418802897911519	0,760636657714844	50,5139999389648
0,419667572714388	0,762494506835938	50,6139984130859
0,420481344917789	0,763842224121094	50,7140007019043
0,421295175328851	0,765115600585938	50,8139991760254
0,422108976636082	0,766751586914063	50,9140014648438
0,422922748839483	0,767958618164063	51,0139999389648
0,423736579250544	0,769422485351563	51,1139984130859
0,424550380557776	0,771147155761719	51,2140007019043
0,425364152761176	0,772811401367188	51,3139991760254
0,426177983172238	0,774326171875	51,4140014648438
0,426991784479469	0,775745239257813	51,5139999389648
0,4278055857867	0,777079040527344	51,6139984130859
0,428619387093931	0,778374755859375	51,7140007019043
0,429433188401163	0,78000048828125	51,8139991760254
0,430297863204032	0,78140966796875	51,9140014648438
0,431111664511263	0,78289111328125	52,0139999389648
0,431925436714664	0,784333190917969	52,1139984130859
0,432739267125726	0,785969970703125	52,2140007019043
0,433603912824765	0,787499938964844	52,3139991760254
0,434417714131996	0,789000671386719	52,4140014648438
0,435282388934866	0,79047607421875	52,5139999389648
0,436096190242097	0,792394897460938	52,6139984130859
0,436960835941136	0,793252258300781	52,7140007019043
0,437774666352198	0,795041381835938	52,8139991760254
0,438639312051237	0,796786315917969	52,9140014648438
0,439503986854106	0,798539245605469	53,0139999389648
0,440317788161337	0,799549682617188	53,1139984130859
0,441182462964207	0,80113623046875	53,2140007019043
0,442047108663246	0,802950744628906	53,3139991760254
0,442860939074308	0,8043212890625	53,4140014648438
0,443725584773347	0,806251647949219	53,5139999389648
0,444539386080578	0,807523498535156	53,6139984130859
0,445353187387809	0,808714233398438	53,7140007019043
0,446217862190679	0,810301940917969	53,8139991760254
0,447031634394079	0,811783569335938	53,9140014648438
0,447845464805141	0,813225891113281	54,0139999389648
0,448659266112372	0,814689025878906	54,1139984130859
0,449523911811411	0,816154296875	54,2140007019043
0,450337742222473	0,817638610839844	54,3139991760254
0,451151514425874	0,819130615234375	54,4140014648438
0,451965344836935	0,820588745117188	54,5139999389648
0,452779146144167	0,821986083984375	54,6139984130859
0,453592918347567	0,82362353515625	54,7140007019043
0,454457622254267	0,825354919433594	54,8139991760254
0,455271394457668	0,826567810058594	54,9140014648438
0,456085195764899	0,828093811035156	55,0139999389648
0,456949870567769	0,829910339355469	55,1139984130859
0,457763671875	0,831090393066406	55,2140007019043
0,458628317574039	0,832434204101563	55,3139991760254
0,459442147985101	0,83405712890625	55,4140014648438
0,46030679368414	0,835452880859375	55,5139999389648
0,461120594991371	0,837259704589844	55,6139984130859
0,461985269794241	0,838542541503906	55,7140007019043
0,462799071101472	0,839909301757813	55,8139991760254
0,463663716800511	0,841833618164063	55,9140014648438
0,464528420707211	0,842941040039063	56,0139999389648
0,465342192910612	0,844808959960938	56,1139984130859
0,466155994217843	0,845813842773438	56,2140007019043
0,467020669020712	0,847298950195313	56,3139991760254
0,467834470327944	0,849157287597656	56,4140014648438
0,468648271635175	0,850890441894531	56,5139999389648
0,469462072942406	0,851991455078125	56,6139984130859
0,470275874249637	0,853309692382813	56,7140007019043
0,471089704660699	0,854798217773438	56,8139991760254
0,4719034768641	0,856337585449219	56,9140014648438
0,472717278171331	0,857618225097656	57,0139999389648
0,473531108582392	0,859039916992188	57,1139984130859
0,474344880785793	0,8604541015625	57,2140007019043
0,475158682093024	0,861725341796875	57,3139991760254
0,476023356895894	0,863494323730469	57,4140014648438
0,476837158203125	0,865108703613281	57,5139999389648
0,477650959510356	0,86649755859375	57,6139984130859
0,478464760817587	0,867868103027344	57,7140007019043
0,479329435620457	0,869313598632813	57,8139991760254
0,480143207823858	0,871063720703125	57,9140014648438
0,480957038234919	0,871998474121094	58,0139999389648
0,481821683933958	0,873730895996094	58,1139984130859
0,48263548524119	0,87552587890625	58,2140007019043
0,483500160044059	0,876470031738281	58,3139991760254
0,48431396135129	0,878389892578125	58,4140014648438
0,485178607050329	0,879300537109375	58,5139999389648
0,486043310957029	0,880774963378906	58,6139984130859
0,48685708316043	0,882508178710938	58,7140007019043
0,4877217579633	0,884147399902344	58,8139991760254
0,488586432766169	0,885640197753906	58,9140014648438
0,489400234073401	0,886965637207031	59,0139999389648
0,49026490887627	0,8883095703125	59,1139984130859
0,491078710183501	0,88987744140625	59,2140007019043
0,491892511490732	0,891430419921875	59,3139991760254
0,492757186293602	0,893167053222656	59,4140014648438
0,493570929393172	0,894421203613281	59,5139999389648
0,494384788908064	0,895671447753906	59,6139984130859
0,495198590215296	0,89705419921875	59,7140007019043
0,496063206810504	0,898603942871094	59,8139991760254
0,496877066325396	0,899988952636719	59,9140014648438
0,497690809424967	0,901436889648438	60,0139999389648
0,498504610732198	0,902760009765625	60,1139984130859
0,499369285535067	0,904143615722656	60,2140007019043
0,500183086842299	0,905818481445313	60,3139991760254
0,50099688814953	0,9071806640625	60,4140014648438
0,501861562952399	0,908607299804688	60,5139999389648
0,50267536425963	0,910034301757813	60,6139984130859
0,5035400390625	0,911467956542969	60,7140007019043
0,504353840369731	0,912798645019531	60,8139991760254
0,505167641676962	0,914840270996094	60,9140014648438
0,506032316479832	0,915849426269531	61,0139999389648
0,506846117787063	0,917277160644531	61,1139984130859
0,507710734382272	0,9188720703125	61,2140007019043
0,508575467392802	0,920466552734375	61,3139991760254
0,509389210492373	0,921766906738281	61,4140014648438
0,510203070007265	0,923302734375	61,5139999389648
0,511067686602473	0,924607421875	61,6139984130859
0,511881546117365	0,92608203125	61,7140007019043
0,512695289216936	0,927596923828125	61,8139991760254
0,513560022227466	0,928959228515625	61,9140014648438
0,514373765327036	0,930496887207031	62,0139999389648
0,515187566634268	0,932346557617188	62,1139984130859
0,51600142614916	0,933149291992188	62,2140007019043
0,51681516924873	0,934711181640625	62,3139991760254
0,517628970555961	0,936037841796875	62,4140014648438
0,518442830070853	0,93749951171875	62,5139999389648
0,519256573170424	0,938776062011719	62,6139984130859
0,520070374477655	0,940320129394531	62,7140007019043
0,520884233992547	0,941714416503906	62,8139991760254
0,521697977092117	0,943284851074219	62,9140014648438
0,522511778399348	0,9445634765625	63,0139999389648
0,52332563791424	0,945956115722656	63,1139984130859
0,524190254509449	0,947141052246094	63,2140007019043
0,525004114024341	0,948632263183594	63,3139991760254
0,525817857123911	0,950019714355469	63,4140014648438
0,526631658431143	0,951295837402344	63,5139999389648
0,527496333234012	0,952825805664063	63,6139984130859
0,528310134541243	0,954200073242188	63,7140007019043
0,529174809344113	0,955894714355469	63,8139991760254
0,529988610651344	0,957317077636719	63,9140014648438
0,530853285454214	0,958949523925781	64,0139999389648
0,531717960257083	0,960253967285156	64,1139984130859
0,532531761564314	0,961495361328125	64,213996887207
0,533396436367184	0,963470764160156	64,3140029907227
0,534261052962393	0,964611450195313	64,4140014648438
0,535074912477285	0,965905090332031	64,5139999389648
0,535939529072493	0,967334350585938	64,6139984130859
0,536804203875363	0,968977111816406	64,713996887207
0,537618005182594	0,970241455078125	64,8140029907227
0,538482679985464	0,971683715820313	64,9140014648438
0,539296423085034	0,973098388671875	65,0139999389648
0,540110282599926	0,974492553710938	65,1139984130859
0,540974899195135	0,975778686523438	65,213996887207
0,541788758710027	0,977622497558594	65,3140029907227
0,542602560017258	0,978989379882813	65,4140014648438
0,543467234820127	0,979927185058594	65,5139999389648
0,544280977919698	0,9816455078125	65,6139984130859
0,545094779226929	0,982798278808594	65,713996887207
0,545908638741821	0,984336120605469	65,8140029907227
0,54677325533703	0,985832275390625	65,9140014648438
0,547587114851922	0,987325378417969	66,0139999389648
0,548400857951492	0,988832946777344	66,1139984130859
0,549265590962023	0,990408752441406	66,213996887207
0,550079334061593	0,991252197265625	66,3140029907227
0,550893135368824	0,992648132324219	66,4140014648438
0,551757810171694	0,994066284179688	66,5139999389648
0,552571611478925	0,995568786621094	66,6139984130859
0,553385412786156	0,997144836425781	66,713996887207
0,554250087589026	0,998398254394531	66,8140029907227
0,555063888896257	0,999890502929688	66,9140014648438
0,555928505491465	1,00096990966797	67,0139999389648
0,556742365006357	1,00230102539063	67,1139984130859
0,557606981601566	1,00361785888672	67,213996887207
0,558420841116458	1,00517150878906	67,3140029907227
0,559234642423689	1,00662628173828	67,4140014648438
0,56004838552326	1,00793371582031	67,5139999389648
0,560862245038152	1,00930670166016	67,6139984130859
0,561676046345383	1,01056225585938	67,713996887207
0,562489789444953	1,012232421875	67,8140029907227
0,563303648959845	1,01324523925781	67,9140014648438
0,564117450267076	1,01467163085938	68,0139999389648
0,564931193366647	1,01612255859375	68,1139984130859
0,565745052881539	1,01757116699219	68,213996887207
0,56655885418877	1,01878289794922	68,3140029907227
0,56737259728834	1,01995281982422	68,4140014648438
0,568237330298871	1,02164099121094	68,5139999389648
0,569051073398441	1,02294122314453	68,6139984130859
0,569864932913333	1,0242294921875	68,713996887207
0,570678734220564	1,0254033203125	68,8140029907227
0,571492477320135	1,02704724121094	68,9140014648438
0,572357152123004	1,02819982910156	69,0139999389648
0,573170953430235	1,02943811035156	69,1139984130859
0,574035628233105	1,03144641113281	69,213996887207
0,574849429540336	1,03206896972656	69,3140029907227
0,575714104343206	1,03372644042969	69,4140014648438
0,576527905650437	1,03531750488281	69,5139999389648
0,577392580453306	1,03647741699219	69,6139984130859
0,578257255256176	1,03816442871094	69,713996887207
0,579121871851385	1,03953967285156	69,8140029907227
0,579935731366277	1,04135546875	69,9140014648438
0,580800347961485	1,04215063476563	70,0139999389648
0,581665022764355	1,04363854980469	70,1139984130859
0,582529697567225	1,04522131347656	70,213996887207
0,583343498874456	1,04669055175781	70,3140029907227
0,584208173677325	1,04791638183594	70,4140014648438
0,585021974984556	1,04951245117188	70,5139999389648
0,585835776291788	1,05042590332031	70,6139984130859
0,586700451094657	1,05227746582031	70,713996887207
0,587514194194227	1,05317175292969	70,8140029907227
0,58832805370912	1,05508935546875	70,9140014648438
0,589192670304328	1,05631164550781	71,0139999389648
0,59000652981922	1,0576220703125	71,1139984130859
0,590820331126451	1,05900720214844	71,213996887207
0,591685005929321	1,0599384765625	71,3140029907227
0,592498807236552	1,06142224121094	71,4140014648438
0,593312550336123	1,06297338867188	71,5139999389648
0,594126409851015	1,06440148925781	71,6139984130859
0,594991026446223	1,06580236816406	71,713996887207
0,595804885961115	1,06718920898438	71,8140029907227
0,596618629060686	1,06826953125	71,9140014648438
0,597483362071216	1,06990588378906	72,0139999389648
0,598297105170786	1,07106323242188	72,1139984130859
0,599161779973656	1,07231689453125	72,213996887207
0,599975581280887	1,07382971191406	72,3140029907227
0,600840256083757	1,0751328125	72,4140014648438
0,601654057390988	1,07699743652344	72,5139999389648
0,602518732193857	1,0777861328125	72,6139984130859
0,603332533501089	1,07917626953125	72,713996887207
0,604197208303958	1,08073327636719	72,8140029907227
0,605011009611189	1,08257446289063	72,9140014648438
0,60582475271076	1,08344616699219	73,0139999389648
0,606689427513629	1,08447912597656	73,1139984130859
0,60750322882086	1,08584387207031	73,213996887207
0,608317088335752	1,08738671875	73,3140029907227
0,609130831435323	1,0886064453125	73,4140014648438
0,609944632742554	1,09009155273438	73,5139999389648
0,610758492257446	1,09144177246094	73,6139984130859
0,611572293564677	1,09237744140625	73,713996887207
0,612386036664248	1,09379040527344	73,8140029907227
0,61319989617914	1,09532043457031	73,9140014648438
0,614013697486371	1,096123046875	74,0139999389648
0,614827440585941	1,09792687988281	74,1139984130859
0,615641300100833	1,0988291015625	74,213996887207
0,616455101408064	1,10021411132813	74,3140029907227
0,617319776210934	1,10152429199219	74,4140014648438
0,618133519310504	1,10303125	74,5139999389648
0,618947320617735	1,10451098632813	74,6139984130859
0,619811995420605	1,10571520996094	74,713996887207
0,620625796727836	1,10705187988281	74,8140029907227
0,621439656242728	1,10844360351563	74,9140014648438
0,622304272837937	1,10984240722656	75,0139999389648
0,623168947640806	1,11115393066406	75,1139984130859
0,624033622443676	1,11261560058594	75,213996887207
0,624898239038885	1,11384594726563	75,3140029907227
0,625712098553777	1,11482006835938	75,4140014648438
0,626576715148985	1,11670812988281	75,5139999389648
0,627441389951855	1,11806860351563	75,6139984130859
0,628306064754725	1,11934008789063	75,713996887207
0,629119866061956	1,12089672851563	75,8140029907227
0,629984540864825	1,12192358398438	75,9140014648438
0,630798342172056	1,12342138671875	76,0139999389648
0,631612143479288	1,12444641113281	76,1139984130859
0,632425944786519	1,12595812988281	76,213996887207
0,63323974609375	1,12700537109375	76,3140029907227
0,63410442089662	1,12852368164063	76,4140014648438
0,634918222203851	1,12995983886719	76,5139999389648
0,635732023511082	1,13119934082031	76,6139984130859
0,636545824818313	1,13223547363281	76,713996887207
0,637410441413522	1,13378137207031	76,8140029907227
0,638224300928414	1,13511547851563	76,9140014648438
0,639038102235645	1,13630163574219	77,0139999389648
0,639902777038515	1,13781860351563	77,1139984130859
0,640716578345746	1,13845629882813	77,213996887207
0,641530321445316	1,14061791992188	77,3140029907227
0,642394996248186	1,14148620605469	77,4140014648438
0,643208797555417	1,14258117675781	77,5139999389648
0,644073472358286	1,14431213378906	77,6139984130859
0,644887273665518	1,14557849121094	77,713996887207
0,64570113318041	1,1467216796875	77,8140029907227
0,646565749775618	1,14805639648438	77,9140014648438
0,647430424578488	1,14944079589844	78,0139999389648
0,648295099381357	1,150716796875	78,1139984130859
0,649108900688589	1,15218432617188	78,213996887207
0,649973575491458	1,15361791992188	78,3140029907227
0,650787376798689	1,15460498046875	78,4140014648438
0,651652051601559	1,15612915039063	78,5139999389648
0,652465794701129	1,15701818847656	78,6139984130859
0,65327959600836	1,15877319335938	78,713996887207
0,654093455523252	1,15949670410156	78,8140029907227
0,654907198622823	1,16140319824219	78,9140014648438
0,655720999930054	1,16269763183594	79,0139999389648
0,656534859444946	1,16330163574219	79,1139984130859
0,657348660752177	1,16479162597656	79,213996887207
0,658162403851748	1,16601440429688	79,3140029907227
0,65897626336664	1,16738110351563	79,4140014648438
0,659790064673871	1,168630859375	79,5139999389648
0,66065473947674	1,16958520507813	79,6139984130859
0,661468482576311	1,17108532714844	79,713996887207
0,662282283883542	1,17225598144531	79,8140029907227
0,663096143398434	1,17356359863281	79,9140014648438
0,663960759993643	1,17469909667969	80,0139999389648
0,664774619508535	1,17621997070313	80,1139984130859
0,665588362608105	1,17740344238281	80,213996887207
0,666453037410975	1,17847155761719	80,3140029907227
0,667266838718206	1,18011193847656	80,4140014648438
0,668080640025437	1,18138720703125	80,5139999389648
0,668945314828306	1,18228955078125	80,6139984130859
0,669809989631176	1,18392041015625	80,713996887207
0,670623790938407	1,18518566894531	80,8140029907227
0,671488465741277	1,18609228515625	80,9140014648438
0,672353082336485	1,1879443359375	81,0139999389648
0,673166941851377	1,18888891601563	81,1139984130859
0,674031558446586	1,1903828125	81,213996887207
0,674896233249456	1,19180114746094	81,3140029907227
0,675710034556687	1,19323657226563	81,4140014648438
0,676574709359556	1,19414709472656	81,5139999389648
0,677388510666788	1,19550402832031	81,6139984130859
0,678202311974019	1,19660522460938	81,713996887207
0,679066928569227	1,19782092285156	81,8140029907227
0,67988078808412	1,19938854980469	81,9140014648438
0,680694589391351	1,20069091796875	82,0139999389648
0,681508390698582	1,20160339355469	82,1139984130859
0,682322192005813	1,20293701171875	82,213996887207
0,683186808601022	1,20430322265625	82,3140029907227
0,684000668115914	1,20546154785156	82,4140014648438
0,684814469423145	1,20647045898438	82,5139999389648
0,685628212522715	1,20764636230469	82,6139984130859
0,686442072037607	1,20886853027344	82,713996887207
0,687255873344839	1,21033178710938	82,8140029907227
0,688120548147708	1,21167761230469	82,9140014648438
0,688934349454939	1,21273388671875	83,0139999389648
0,689799024257809	1,21410192871094	83,1139984130859
0,690612767357379	1,2152734375	83,213996887207
0,69147750036791	1,21692919921875	83,3140029907227
0,692342116963118	1,21780346679688	83,4140014648438
0,69315591827035	1,21908557128906	83,5139999389648
0,694020593073219	1,22036938476563	83,6139984130859
0,694885267876089	1,2218583984375	83,713996887207
0,695699010975659	1,22289660644531	83,8140029907227
0,696563743986189	1,22415368652344	83,9140014648438
0,69737748708576	1,22550134277344	84,0139999389648
0,698191346600652	1,22666516113281	84,1139984130859
0,69905596319586	1,22805590820313	84,213996887207
0,699869822710752	1,22904943847656	84,3140029907227
0,700683565810323	1,23021496582031	84,4140014648438
0,701497367117554	1,23132739257813	84,5139999389648
0,702311226632446	1,2326298828125	84,6139984130859
0,703125027939677	1,233806640625	84,713996887207
0,703938771039248	1,23517468261719	84,8140029907227
0,70475263055414	1,23641137695313	84,9140014648438
0,705566431861371	1,23727062988281	85,0139999389648
0,706380174960941	1,23887268066406	85,1139984130859
0,707194034475833	1,23979614257813	85,213996887207
0,708007835783064	1,24084326171875	85,3140029907227
0,708821578882635	1,24214428710938	85,4140014648438
0,709686253685504	1,24331848144531	85,5139999389648
0,710500054992735	1,24509045410156	85,6139984130859
0,711313914507627	1,24576745605469	85,713996887207
0,712178531102836	1,2472998046875	85,8140029907227
0,712992390617728	1,24836926269531	85,9140014648438
0,713857007212937	1,24963671875	86,0139999389648
0,714670808520168	1,25087048339844	86,1139984130859
0,715535483323038	1,25198791503906	86,213996887207
0,716349284630269	1,25327673339844	86,3140029907227
0,717213901225477	1,25457580566406	86,4140014648438
0,718078634236008	1,25578369140625	86,5139999389648
0,718892377335578	1,25706433105469	86,6139984130859
0,719757052138448	1,25815258789063	86,713996887207
0,720621785148978	1,25941540527344	86,8140029907227
0,721435528248549	1,26076965332031	86,9140014648438
0,722300203051418	1,26203686523438	87,0139999389648
0,723114004358649	1,26306286621094	87,1139984130859
0,723978679161519	1,26417895507813	87,213996887207
0,72479248046875	1,26546435546875	87,3140029907227
0,725606281775981	1,26670935058594	87,4140014648438
0,726470956578851	1,2678330078125	87,5139999389648
0,727284757886082	1,26942468261719	87,6139984130859
0,728098559193313	1,27040759277344	87,713996887207
0,728963175788522	1,27127355957031	87,8140029907227
0,729777035303414	1,27261486816406	87,9140014648438
0,730590836610645	1,27380151367188	88,0139999389648
0,731404579710215	1,27508911132813	88,1139984130859
0,732269312720746	1,2763525390625	88,213996887207
0,733083055820316	1,27728125	88,3140029907227
0,733896915335208	1,27869689941406	88,4140014648438
0,734761531930417	1,27988061523438	88,5139999389648
0,735575391445309	1,280962890625	88,6139984130859
0,736389134544879	1,2822626953125	88,713996887207
0,73725386755541	1,28309008789063	88,8140029907227
0,73806761065498	1,2844482421875	88,9140014648438
0,73893228545785	1,28590124511719	89,0139999389648
0,739746086765081	1,28692712402344	89,1139984130859
0,74061076156795	1,28810815429688	89,213996887207
0,741424562875181	1,28940979003906	89,3140029907227
0,742289237678051	1,29057434082031	89,4140014648438
0,743103038985282	1,29155908203125	89,5139999389648
0,743967713788152	1,29278186035156	89,6139984130859
0,744781515095383	1,29412255859375	89,713996887207
0,745595258194953	1,29515454101563	89,8140029907227
0,746409117709845	1,29633923339844	89,9140014648438
0,747273734305054	1,29737426757813	90,0139999389648
0,748087593819946	1,29833239746094	90,1139984130859
0,748901395127177	1,299669921875	90,213996887207
0,749715138226748	1,30087646484375	90,3140029907227
0,75052899774164	1,30183813476563	90,4140014648438
0,751291925553232	1,30288610839844	90,5139999389648
0,752105726860464	1,30413305664063	90,6139984130859
0,752970401663333	1,30533984375	90,713996887207
0,753784202970564	1,30633996582031	90,8140029907227
0,754597946070135	1,30736999511719	90,9140014648438
0,755411805585027	1,30857153320313	91,0139999389648
0,756225606892258	1,30967944335938	91,1139984130859
0,757039349991828	1,31091394042969	91,213996887207
0,757904024794698	1,31202709960938	91,3140029907227
0,758717826101929	1,31298937988281	91,4140014648438
0,759531685616821	1,31436730957031	91,5139999389648
0,76039630221203	1,3153896484375	91,6139984130859
0,761210161726922	1,31672290039063	91,713996887207
0,76207477832213	1,31781213378906	91,8140029907227
0,762939453125	1,31897607421875	91,9140014648438
0,76380412792787	1,32013659667969	92,0139999389648
0,764668744523078	1,3214111328125	92,1139984130859
0,76548260403797	1,32260961914063	92,213996887207
0,766347220633179	1,32374536132813	92,3140029907227
0,767211895436049	1,32474108886719	92,4140014648438
0,768076570238918	1,326333984375	92,5139999389648
0,768890371546149	1,32712573242188	92,6139984130859
0,769755046349019	1,32825390625	92,713996887207
0,77056884765625	1,32942907714844	92,8140029907227
0,771382648963481	1,33055676269531	92,9140014648438
0,772247323766351	1,33162084960938	93,0139999389648
0,773061125073582	1,33301416015625	93,1139984130859
0,773874926380813	1,33377099609375	93,213996887207
0,774688727688044	1,3348369140625	93,3140029907227
0,775502528995276	1,33613671875	93,4140014648438
0,776316330302507	1,3376396484375	93,5139999389648
0,777180946897715	1,33842687988281	93,6139984130859
0,777994806412607	1,33954858398438	93,713996887207
0,778808607719839	1,34035583496094	93,8140029907227
0,779622350819409	1,3418359375	93,9140014648438
0,780487083829939	1,34271618652344	94,0139999389648
0,78130082692951	1,3438173828125	94,1139984130859
0,782165501732379	1,34515930175781	94,213996887207
0,78303023474291	1,34646105957031	94,3140029907227
0,78384397784248	1,34788391113281	94,4140014648438
0,784657779149711	1,3486748046875	94,5139999389648
0,785522453952581	1,34964465332031	94,6139984130859
0,786336255259812	1,35075268554688	94,713996887207
0,787200930062681	1,35189111328125	94,8140029907227
0,788014731369913	1,35268151855469	94,9140014648438
0,788879406172782	1,35399621582031	95,0139999389648
0,789693149272352	1,35496936035156	95,1139984130859
0,790557882282883	1,35630346679688	95,213996887207
0,791371625382453	1,35747668457031	95,3140029907227
0,792185484897345	1,35831066894531	95,4140014648438
0,793050101492554	1,35920715332031	95,5139999389648
0,793863961007446	1,36038928222656	95,6139984130859
0,794677762314677	1,36154992675781	95,713996887207
0,795491505414248	1,36236669921875	95,8140029907227
0,79630536492914	1,363634765625	95,9140014648438
0,797119166236371	1,36447924804688	96,0139999389648
0,797932909335941	1,36553625488281	96,1139984130859
0,798746768850833	1,3664208984375	96,213996887207
0,799560570158064	1,36742138671875	96,3140029907227
0,800374313257635	1,36852709960938	96,4140014648438
0,801188172772527	1,36986791992188	96,5139999389648
0,802052789367735	1,37062072753906	96,6139984130859
0,802866648882627	1,3716796875	96,713996887207
0,803680391982198	1,3727646484375	96,8140029907227
0,804545124992728	1,37387377929688	96,9140014648438
0,805409741587937	1,37481921386719	97,0139999389648
0,806223542895168	1,3762978515625	97,1139984130859
0,807088217698038	1,37701806640625	97,213996887207
0,807902019005269	1,37818054199219	97,3140029907227
0,808766635600477	1,379412109375	97,4140014648438
0,80958049511537	1,380384765625	97,5139999389648
0,810445111710578	1,38120959472656	97,6139984130859
0,811309786513448	1,3824765625	97,713996887207
0,812174519523978	1,383671875	97,8140029907227
0,812988262623549	1,38480029296875	97,9140014648438
0,813852937426418	1,385666015625	98,0139999389648
0,814717612229288	1,38671557617188	98,1139984130859
0,815531413536519	1,38800244140625	98,213996887207
0,81634521484375	1,38885192871094	98,3140029907227
0,81720988964662	1,39019458007813	98,4140014648438
0,818023690953851	1,39082275390625	98,5139999389648
0,818837492261082	1,39214245605469	98,6139984130859
0,819702167063951	1,39284936523438	98,713996887207
0,820515910163522	1,39415954589844	98,8140029907227
0,821329769678414	1,39493920898438	98,9140014648438
0,822143570985645	1,39603833007813	99,0139999389648
0,822957314085215	1,39722912597656	99,1139984130859
0,823771173600107	1,3979443359375	99,213996887207
0,824584974907339	1,39884655761719	99,3140029907227
0,825398718006909	1,39993933105469	99,4140014648438
0,826212577521801	1,40086413574219	99,5139999389648
0,82707719411701	1,40208447265625	99,6139984130859
0,827891053631902	1,40306237792969	99,713996887207
0,82875567022711	1,40422900390625	99,8140029907227
0,829569529742002	1,40490148925781	99,9140014648438
0,830383272841573	1,40604614257813	100,013999938965
0,831248005852103	1,40706750488281	100,113998413086
0,832061748951674	1,40813671875	100,213996887207
0,832926423754543	1,40911096191406	100,314002990723
0,833740225061774	1,41016101074219	100,414001464844
0,834604899864644	1,41102856445313	100,513999938965
0,835469516459852	1,41242431640625	100,613998413086
0,836283375974745	1,41303308105469	100,713996887207
0,837097177281976	1,41410852050781	100,814002990723
0,837961852084845	1,41541357421875	100,914001464844
0,838775653392076	1,4160595703125	101,013999938965
0,839589396491647	1,41742602539063	101,113998413086
0,840403256006539	1,41783544921875	101,213996887207
0,84121705731377	1,41901904296875	101,314002990723
0,84203080041334	1,41976159667969	101,414001464844
0,842844659928232	1,42093005371094	101,513999938965
0,843658461235464	1,42155883789063	101,613998413086
0,844472204335034	1,42248034667969	101,713996887207
0,845286063849926	1,42393420410156	101,814002990723
0,846099865157157	1,42454711914063	101,914001464844
0,846913608256727	1,42545251464844	102,013999938965
0,847778341267258	1,42648425292969	102,113998413086
0,848592084366828	1,42758142089844	102,213996887207
0,84940594388172	1,4284912109375	102,314002990723
0,850270560476929	1,42946728515625	102,414001464844
0,851084419991821	1,43018103027344	102,513999938965
0,85194903658703	1,43166052246094	102,613998413086
0,852762896101922	1,43218713378906	102,713996887207
0,85362751269713	1,4333076171875	102,814002990723
0,854441372212023	1,43407080078125	102,914001464844
0,855305988807231	1,43531848144531	103,013999938965
0,856170663610101	1,43596533203125	103,113998413086
0,85703533841297	1,43758215332031	103,213996887207
0,857899955008179	1,43863720703125	103,314002990723
0,858713814523071	1,439076171875	103,414001464844
0,85957843111828	1,440287109375	103,513999938965
0,860392290633172	1,44096887207031	103,613998413086
0,86125690722838	1,44218518066406	103,713996887207
0,862070766743273	1,44287512207031	103,814002990723
0,862935383338481	1,44384313964844	103,914001464844
0,863749184645712	1,44459326171875	104,013999938965
0,864562985952944	1,44568493652344	104,113998413086
0,865427660755813	1,44662268066406	104,213996887207
0,866241462063044	1,44730541992188	104,314002990723
0,867055263370276	1,44801318359375	104,414001464844
0,867869064677507	1,44911669921875	104,513999938965
0,868682865984738	1,45022277832031	104,613998413086
0,869547540787607	1,450935546875	104,713996887207
0,870361342094839	1,45208020019531	104,814002990723
0,871175085194409	1,45264294433594	104,914001464844
0,872039818204939	1,45351501464844	105,013999938965
0,87285356130451	1,45436889648438	105,113998413086
0,873718236107379	1,45534680175781	105,213996887207
0,87453203741461	1,45631225585938	105,314002990723
0,87539671221748	1,45701977539063	105,414001464844
0,876210513524711	1,458169921875	105,513999938965
0,877075188327581	1,45873461914063	105,613998413086
0,87793986313045	1,45982922363281	105,713996887207
0,878753664437681	1,46052990722656	105,814002990723
0,879618339240551	1,46123266601563	105,914001464844
0,880432140547782	1,46225732421875	106,013999938965
0,881296815350652	1,46332080078125	106,113998413086
0,882110616657883	1,46408752441406	106,213996887207
0,882975291460752	1,46502111816406	106,314002990723
0,883789034560323	1,46574597167969	106,414001464844
0,884602835867554	1,46673071289063	106,513999938965
0,885416695382446	1,4676103515625	106,613998413086
0,886230496689677	1,46825073242188	106,713996887207
0,887044239789248	1,46908557128906	106,814002990723
0,88785809930414	1,46994384765625	106,914001464844
0,888671900611371	1,47061413574219	107,013999938965
0,889485643710941	1,47119262695313	107,113998413086
0,890299503225833	1,4718359375	107,213996887207
0,891113304533064	1,47263977050781	107,314002990723
0,891927047632635	1,47419592285156	107,414001464844
0,892740907147527	1,47434338378906	107,513999938965
0,893605523742735	1,47521618652344	107,613998413086
0,894419383257627	1,47604089355469	107,713996887207
0,895233126357198	1,4767392578125	107,814002990723
0,896046927664429	1,47756115722656	107,914001464844
0,896911602467299	1,47816333007813	108,013999938965
0,89772540377453	1,47927209472656	108,113998413086
0,898590078577399	1,47991394042969	108,213996887207
0,89940387988463	1,4806796875	108,314002990723
0,9002685546875	1,48155749511719	108,414001464844
0,901082355994731	1,48235571289063	108,513999938965
0,901947030797601	1,48302319335938	108,613998413086
0,90281170560047	1,48411364746094	108,713996887207
0,903676322195679	1,48481896972656	108,814002990723
0,904540996998549	1,48566394042969	108,914001464844
0,90535479830578	1,48621252441406	109,013999938965
0,906219473108649	1,48694689941406	109,113998413086
0,907084147911519	1,48800634765625	109,213996887207
0,907948764506727	1,48853173828125	109,314002990723
0,90876262402162	1,48957836914063	109,414001464844
0,909576425328851	1,49028820800781	109,513999938965
0,91044110013172	1,49095373535156	109,613998413086
0,911254901438951	1,49168249511719	109,713996887207
0,912068644538522	1,49223583984375	109,814002990723
0,912933377549052	1,49307116699219	109,914001464844
0,913747120648623	1,49380969238281	110,013999938965
0,914560980163515	1,49433813476563	110,113998413086
0,915374781470746	1,49513232421875	110,213996887207
0,916239456273615	1,49560998535156	110,314002990723
0,917053199373186	1,49628430175781	110,414001464844
0,917867000680417	1,49714624023438	110,513999938965
0,918731675483286	1,49764440917969	110,613998413086
0,919545476790518	1,49824865722656	110,713996887207
0,92035933630541	1,49901440429688	110,814002990723
0,921223952900618	1,4995849609375	110,914001464844
0,92203775420785	1,50036596679688	111,013999938965
0,922851555515081	1,50100329589844	111,113998413086
0,92371623031795	1,50150842285156	111,213996887207
0,924530031625181	1,50216687011719	111,314002990723
0,925394706428051	1,50274914550781	111,414001464844
0,926208507735282	1,50397436523438	111,513999938965
0,927073182538152	1,50379260253906	111,613998413086
0,927886983845383	1,50443872070313	111,713996887207
0,928751658648252	1,50483044433594	111,814002990723
0,929565401747823	1,50556823730469	111,914001464844
0,930379203055054	1,50603466796875	112,013999938965
0,931193062569946	1,50633276367188	112,113998413086
0,932006863877177	1,50703491210938	112,213996887207
0,932820606976748	1,50724230957031	112,314002990723
0,93363446649164	1,50764990234375	112,414001464844
0,934448267798871	1,50819384765625	112,513999938965
0,935262010898441	1,5084150390625	112,613998413086
0,936075870413333	1,50887390136719	112,713996887207
0,936940487008542	1,50919311523438	112,814002990723
0,937754346523434	1,509607421875	112,914001464844
0,938568089623004	1,50935607910156	113,013999938965
0,939381890930235	1,50932666015625	113,113998413086
0,940195750445127	1,50847485351563	113,213996887207
0,942637154366821	-0,0886202011108398	113,283996582031
