File Path: D:\Ensayos Víctor\Fase III\Virgen\Canto\Test Run 3 16-05-2019 13 22 52\DAQ- Crosshead; … - (Timed).txt   
Test: ENSAYOS TRACCION PLA 4
Test Run: Test Run 3
Date: 16/05/2019 13:19:13


Crosshead 	Load 	Time 
mm	kN	sec
0,000203450511548908	0,057095874786377	0,112000003457069
0,000457763661643185	0,0571824684143066	0,211999997496605
0,000813802046195633	0,0570870971679688	0,312000006437302
0,00152587892898737	0,0572248687744141	0,412000000476837
0,00203450508706737	0,0573438262939453	0,512000024318695
0,00244140619543032	0,057311897277832	0,611999988555908
0,00284830730379326	0,0574335517883301	0,712000012397766
0,00325520818478253	0,0578269691467285	0,811999976634979
0,00376383468392305	0,0578724937438965	0,912000000476837
0,00432332353739184	0,057811824798584	1,01199996471405
0,00498453755426453	0,058289363861084	1,11199998855591
0,00574747718928847	0,0585330085754395	1,21200001239777
0,00656127940601436	0,058931999206543	1,31200003623962
0,00737508162274025	0,0591053047180176	1,41199994087219
0,00823974642116809	0,0591606063842773	1,51199996471405
0,00910441121959593	0,0593911972045898	1,61199998855591
0,00996907510852907	0,0595396957397461	1,71200001239777
0,0107828782347497	0,0595482215881348	1,81200003623962
0,0116475421236828	0,0596647872924805	1,91199994087219
0,0125122069221106	0,0596539993286133	2,01200008392334
0,0133768717205385	0,0596705169677734	2,11199998855591
0,0142415365189663	0,0599069900512695	2,21199989318848
0,0150553387356922	0,0599101295471191	2,31200003623962
0,0159200044436147	0,0594466552734375	2,41199994087219
0,0167338039318565	0,0600991592407227	2,51200008392334
0,0175984714587685	0,0600840682983398	2,61199998855591
0,0184122709470103	0,0600771598815918	2,71199989318848
0,0192260740732308	0,0602981185913086	2,81200003623962
0,020090737962164	0,0604006843566895	2,91199994087219
0,0209045410883846	0,0604579010009766	3,01200008392334
0,0217183442146052	0,0603349952697754	3,11199998855591
0,022532143702847	0,0604846382141113	3,21199989318848
0,0233459468290675	0,0606574897766113	3,31200003623962
0,0242106107180007	0,060731861114502	3,41199994087219
0,0250244138442213	0,0609160308837891	3,51200008392334
0,0258382169704419	0,0610266571044922	3,61199998855591
0,026702880859375	0,0611740608215332	3,71199989318848
0,0275166839855956	0,0614474067687988	3,81200003623962
0,0283304852928268	0,0615298385620117	3,91199994087219
0,0291951510007493	0,0615755157470703	4,01200008392334
0,0300089504889911	0,0619222183227539	4,11199998855591
0,0308736161969136	0,0621800651550293	4,21199989318848
0,0316874211421236	0,062431755065918	4,31199979782104
0,032552081393078	0,062605827331543	4,41200017929077
0,033365886338288	0,0631033058166504	4,51200008392334
0,0342305502272211	0,0633227081298828	4,61199998855591
0,0350443551724311	0,0637384567260742	4,71199989318848
0,0359090154233854	0,0641909103393555	4,81199979782104
0,0367736829502974	0,0645303344726563	4,91200017929077
0,0375874842575286	0,0648152389526367	5,01200008392334
0,0384012855647597	0,0651669082641602	5,11199998855591
0,0392659494536929	0,0655546035766602	5,21199989318848
0,0400797543989029	0,0658569793701172	5,31199979782104
0,0408935557061341	0,0658579940795898	5,41200017929077
0,0417073570133653	0,0660775680541992	5,51200008392334
0,0425211583205964	0,0662163162231445	5,61199998855591
0,0433349596278276	0,0662700881958008	5,71199989318848
0,0441487609350588	0,0664466857910156	5,81199979782104
0,0450134284619708	0,0665831069946289	5,91200017929077
0,0458272297692019	0,0666675872802734	6,01200008392334
0,0466410347144119	0,0668181076049805	6,11199998855591
0,0474548323836643	0,0668798522949219	6,21199989318848
0,0483194999105763	0,0670429306030273	6,31199979782104
0,0491333012178075	0,0670846405029297	6,41200017929077
0,0499979651067406	0,0671072387695313	6,51200008392334
0,0508117664139718	0,0672460403442383	6,61199998855591
0,0516764339408837	0,0673609390258789	6,71199989318848
0,0524902352481149	0,0675427780151367	6,81199979782104
0,0533548991370481	0,0676982803344727	6,91200017929077
0,0542195630259812	0,0677646255493164	7,01200008392334
0,0550333679711912	0,0680811157226563	7,11199998855591
0,0558980282221455	0,0682483215332031	7,21199989318848
0,0567626957490575	0,0684518737792969	7,31199979782104
0,0575764970562886	0,0685791397094727	7,41200017929077
0,0584411609452218	0,0687299880981445	7,51200008392334
0,0593058284721337	0,0690048065185547	7,61199998855591
0,0601196297793649	0,069202522277832	7,71199989318848
0,0609842936682981	0,0693408279418945	7,81199979782104
0,0618489575572312	0,0695895843505859	7,91200017929077
0,0626627588644624	0,0700020370483398	8,01200008392334
0,0635274263913743	0,0700277709960938	8,11200046539307
0,0643412276986055	0,0703193054199219	8,21199989318848
0,0651550290058367	0,0703919677734375	8,3120002746582
0,066019689256791	0,0708495025634766	8,41199970245361
0,0668334978399798	0,0709479675292969	8,51200008392334
0,067647299147211	0,0712953796386719	8,61200046539307
0,0684611004544422	0,0715297546386719	8,71199989318848
0,0693257679813541	0,0720326919555664	8,8120002746582
0,0701395620126277	0,0724234924316406	8,91199970245361
0,0709533705958165	0,0726690673828125	9,01200008392334
0,0718180308467709	0,0730647506713867	9,11200046539307
0,0726318394299597	0,0733701934814453	9,21199989318848
0,0734456407371908	0,0736140441894531	9,3120002746582
0,0743103009881452	0,0739995040893555	9,41199970245361
0,075124109571334	0,0740969161987305	9,51200008392334
0,0759887698222883	0,0743859481811523	9,61200046539307
0,0768025711295195	0,0747440948486328	9,71199989318848
0,0776163724367507	0,0750278167724609	9,8120002746582
0,0784810399636626	0,0753117980957031	9,91199970245361
0,079345700214617	0,0756487274169922	10,0120000839233
0,0801595087978058	0,0760171737670898	10,1120004653931
0,0810241690487601	0,0763938140869141	10,2119998931885
0,0818379776319489	0,0769934616088867	10,3120002746582
0,0827026378829032	0,0777257308959961	10,4119997024536
0,0835164391901344	0,0784571838378906	10,5120000839233
0,0843302404973656	0,0791469192504883	10,6120004653931
0,0851949080242775	0,079907585144043	10,7119998931885
0,0860087020555511	0,0806209564208984	10,8120002746582
0,0868225106387399	0,0813082809448242	10,9119997024536
0,0876363119459711	0,0820134429931641	11,0120000839233
0,0884501132532023	0,0827681884765625	11,1120004653931
0,0892639145604335	0,0834595565795898	11,2119998931885
0,0900777231436223	0,0841401519775391	11,3120002746582
0,0908915171748959	0,0849758377075195	11,4119997024536
0,0917561847018078	0,085652458190918	11,5120000839233
0,092569986009039	0,0862271499633789	11,6120004653931
0,0933837873162702	0,0869437484741211	11,7119998931885
0,094197595899459	0,0878148193359375	11,8120002746582
0,0950622561504133	0,0886652297973633	11,9119997024536
0,0958760574576445	0,0892461395263672	12,0120000839233
0,0967407249845564	0,0902560577392578	12,1120004653931
0,0975545262917876	0,091324836730957	12,2119998931885
0,098419186542742	0,0926984024047852	12,3120002746582
0,0992329951259308	0,0938653564453125	12,4119997024536
0,100097655376885	0,0951307907104492	12,5120000839233
0,100911463960074	0,0965247955322266	12,6120004653931
0,101776124211028	0,0976959381103516	12,7119998931885
0,102640784461983	0,099198112487793	12,8120002746582
0,103505451988894	0,100604759216309	12,9119997024536
0,104370119515806	0,101853424072266	13,0120000839233
0,105183920823038	0,103024269104004	13,1120004653931
0,106048581073992	0,104622833251953	13,2119998931885
0,106913248600904	0,105930122375488	13,3120002746582
0,107727049908135	0,107158622741699	13,4119997024536
0,108591710159089	0,108585372924805	13,5120000839233
0,109405518742278	0,11000301361084	13,6120004653931
0,110270178993233	0,111418754577637	13,7119998931885
0,111083987576421	0,112574142456055	13,8120002746582
0,111897788883653	0,113897933959961	13,9119997024536
0,112711582914926	0,115245178222656	14,0120000839233
0,113525391498115	0,116396324157715	14,1120004653931
0,114390051749069	0,117651824951172	14,2119998931885
0,115203860332258	0,118838172912598	14,3120002746582
0,116017661639489	0,119801483154297	14,4119997024536
0,116882321890444	0,121059829711914	14,5120000839233
0,117696130473632	0,122203628540039	14,6120004653931
0,118509924504906	0,12305738067627	14,7119998931885
0,119374592031818	0,124257095336914	14,8120002746582
0,120188393339049	0,125191093444824	14,9119997024536
0,12100219464628	0,126124290466309	15,0120000839233
0,121866862173192	0,127113784790039	15,1120004653931
0,122680663480423	0,127941093444824	15,2119998931885
0,123545323731378	0,128953002929688	15,3120002746582
0,124359125038609	0,129736526489258	15,4119997024536
0,125223799841478	0,130736953735352	15,5120000839233
0,12603760114871	0,131709487915039	15,6120004653931
0,126902261399664	0,132626724243164	15,7119998931885
0,127716062706895	0,133560974121094	15,8120002746582
0,128580737509765	0,13448698425293	15,9119997024536
0,129394524265081	0,135367156982422	16,011999130249
0,13025919906795	0,136080169677734	16,1119995117188
0,131073000375181	0,136705535888672	16,2119998931885
0,131886801682413	0,137465957641602	16,3120002746582
0,132700602989644	0,138393524169922	16,4120006561279
0,133565263240598	0,139010147094727	16,511999130249
0,134379079099745	0,140255325317383	16,6119995117188
0,135192865855061	0,140866577148438	16,7119998931885
0,136006667162292	0,141928665161133	16,8120002746582
0,136820483021438	0,142862487792969	16,9120006561279
0,137634284328669	0,143891159057617	17,011999130249
0,138448071083985	0,144908828735352	17,1119995117188
0,139312745886855	0,145971450805664	17,2119998931885
0,140126547194086	0,146836669921875	17,3120002746582
0,140940348501317	0,148021728515625	17,4120006561279
0,141754149808548	0,148945388793945	17,511999130249
0,142618824611418	0,149987533569336	17,6119995117188
0,143432611366734	0,150993179321289	17,7119998931885
0,144246412673965	0,152240921020508	17,8120002746582
0,145111087476835	0,153327133178711	17,9120006561279
0,145924874232151	0,15450715637207	18,011999130249
0,14678954903502	0,155790771484375	18,1119995117188
0,147603350342251	0,156960144042969	18,2119998931885
0,148468010593206	0,15806494140625	18,3120002746582
0,149332685396075	0,159328201293945	18,4120006561279
0,15019734564703	0,160187118530273	18,511999130249
0,151011146954261	0,161237213134766	18,6119995117188
0,151875807205215	0,162060531616211	18,7119998931885
0,152689623064362	0,163007827758789	18,8120002746582
0,153554268763401	0,163961975097656	18,9120006561279
0,154368084622547	0,164635314941406	19,011999130249
0,155232744873501	0,165583908081055	19,1119995117188
0,156046560732648	0,16667138671875	19,2119998931885
0,156860347487964	0,168104598999023	19,3120002746582
0,157725022290833	0,169452270507813	19,4120006561279
0,158538823598064	0,17091911315918	19,511999130249
0,15935261035338	0,172378723144531	19,6119995117188
0,160166426212527	0,173728637695313	19,7119998931885
0,160980227519758	0,175187240600586	19,8120002746582
0,161794028826989	0,176709945678711	19,9120006561279
0,162658689077944	0,17798371887207	20,011999130249
0,163472490385175	0,179603363037109	20,1119995117188
0,164286306244321	0,181042953491211	20,2119998931885
0,16515095194336	0,182251602172852	20,3120002746582
0,165964767802507	0,183806838989258	20,4120006561279
0,166778569109738	0,185289749145508	20,511999130249
0,167643229360692	0,186679046630859	20,6119995117188
0,168457030667923	0,188290542602539	20,7119998931885
0,169321705470793	0,189794418334961	20,8120002746582
0,170135492226109	0,191143600463867	20,9120006561279
0,171000167028978	0,192506530761719	21,011999130249
0,17181396833621	0,194098449707031	21,1119995117188
0,172678628587164	0,195591522216797	21,2119998931885
0,173543288838118	0,197111663818359	21,3120002746582
0,174357104697265	0,198772811889648	21,4120006561279
0,175221750396304	0,200146484375	21,511999130249
0,17603556625545	0,201678665161133	21,6119995117188
0,176849367562681	0,203177734375	21,7119998931885
0,177714027813636	0,20480224609375	21,8120002746582
0,178527829120867	0,206219512939453	21,9120006561279
0,179341630428098	0,207703308105469	22,011999130249
0,180155446287245	0,209203231811523	22,1119995117188
0,180969233042561	0,210680252075195	22,2119998931885
0,181783034349792	0,21229948425293	22,3120002746582
0,182596850208938	0,213814804077148	22,4120006561279
0,183410651516169	0,215559982299805	22,511999130249
0,184224438271485	0,216841583251953	22,6119995117188
0,185038254130632	0,218483978271484	22,7119998931885
0,185902914381586	0,22020751953125	22,8120002746582
0,186716715688817	0,22172981262207	22,9120006561279
0,187530516996048	0,223253753662109	23,011999130249
0,18834431830328	0,22497233581543	23,1119995117188
0,189208978554234	0,22653157043457	23,2119998931885
0,190022779861465	0,228062942504883	23,3120002746582
0,190887454664335	0,229726699829102	23,4120006561279
0,191701241419651	0,23124528503418	23,511999130249
0,19256591622252	0,23286897277832	23,6119995117188
0,193379717529751	0,234475158691406	23,7119998931885
0,194244377780706	0,236227249145508	23,8120002746582
0,195058179087937	0,237935485839844	23,9120006561279
0,195922853890806	0,239418060302734	24,011999130249
0,196736655198038	0,240987045288086	24,1119995117188
0,197601315448992	0,242654983520508	24,2119998931885
0,198415116756223	0,244425201416016	24,3120002746582
0,199279791559093	0,246106048583984	24,4120006561279
0,200144451810047	0,247776870727539	24,511999130249
0,200958253117278	0,249474731445313	24,6119995117188
0,201822927920148	0,250940383911133	24,7119998931885
0,202636714675464	0,252679412841797	24,8120002746582
0,203450515982695	0,254237716674805	24,9120006561279
0,204315190785564	0,255914474487305	25,011999130249
0,20512897754088	0,2574755859375	25,1119995117188
0,205942793400027	0,259273864746094	25,2119998931885
0,206807453650981	0,260969787597656	25,3120002746582
0,207621254958212	0,262541290283203	25,4120006561279
0,208435056265444	0,264134918212891	25,511999130249
0,209299731068313	0,265849548339844	25,6119995117188
0,210113532375544	0,267471801757813	25,7119998931885
0,210978192626499	0,269236450195313	25,8120002746582
0,21179199393373	0,270798309326172	25,9120006561279
0,212656668736599	0,272399200439453	26,011999130249
0,213470455491915	0,274117431640625	26,1119995117188
0,214284256799147	0,275789031982422	26,2119998931885
0,215148931602016	0,277443023681641	26,3120002746582
0,215962718357332	0,278998687744141	26,4120006561279
0,216776534216478	0,280696075439453	26,511999130249
0,217641194467433	0,282390441894531	26,6119995117188
0,218454995774664	0,283856292724609	26,7119998931885
0,219319656025618	0,285689392089844	26,8120002746582
0,220133471884765	0,287223327636719	26,9120006561279
0,220998117583804	0,288823303222656	27,011999130249
0,22181193344295	0,290626861572266	27,1119995117188
0,222625734750181	0,292217254638672	27,2119998931885
0,223490395001136	0,293715881347656	27,3120002746582
0,224304196308367	0,295493682861328	27,4120006561279
0,225117997615598	0,297276977539063	27,511999130249
0,225931813474745	0,2987666015625	27,6119995117188
0,226745600230061	0,300462890625	27,7119998931885
0,227559401537292	0,302113006591797	27,8120002746582
0,228373217396438	0,303684295654297	27,9120006561279
0,229187018703669	0,305436706542969	28,011999130249
0,230000805458985	0,307034454345703	28,1119995117188
0,230814621318132	0,308617462158203	28,2119998931885
0,231628422625363	0,310201812744141	28,3120002746582
0,232442209380679	0,311867523193359	28,4120006561279
0,233256025239825	0,313529724121094	28,511999130249
0,234069826547056	0,315162994384766	28,6119995117188
0,234934486798011	0,316771789550781	28,7119998931885
0,235748288105242	0,318465362548828	28,8120002746582
0,236562089412473	0,320194549560547	28,9120006561279
0,23737590527162	0,321860443115234	29,011999130249
0,238240550970659	0,323546325683594	29,1119995117188
0,239054366829805	0,325308685302734	29,2119998931885
0,239919027080759	0,326984283447266	29,3120002746582
0,240732828387991	0,328611968994141	29,4120006561279
0,241597488638945	0,3303369140625	29,511999130249
0,242411304498091	0,332037567138672	29,6119995117188
0,24327595019713	0,333738433837891	29,7119998931885
0,244140625	0,335587799072266	29,8120002746582
0,24500529980287	0,337223266601563	29,9120006561279
0,245819101110101	0,338863372802734	30,011999130249
0,24668377591297	0,340762023925781	30,1119995117188
0,247497548116371	0,342403564453125	30,2119998931885
0,248362222919241	0,344201721191406	30,3120002746582
0,249176024226472	0,345825439453125	30,4120006561279
0,249989825533703	0,347471618652344	30,511999130249
0,250803626840934	0,349071228027344	30,6119995117188
0,251668301643804	0,350764282226563	30,7119998931885
0,252482073847204	0,352385192871094	30,8120002746582
0,253295904258266	0,354152038574219	30,9120006561279
0,254109705565497	0,355874755859375	31,011999130249
0,254974351264536	0,357531768798828	31,1119995117188
0,255788181675598	0,359134368896484	31,2119998931885
0,256601953878999	0,360790100097656	31,3120002746582
0,257466657785699	0,362629241943359	31,4120006561279
0,2582804299891	0,364325469970703	31,511999130249
0,259094231296331	0,365990814208984	31,6119995117188
0,2599589060992	0,367648040771484	31,7119998931885
0,260772707406431	0,369473052978516	31,8120002746582
0,261637353105471	0,370966247558594	31,9120006561279
0,262451183516532	0,373045349121094	32,0120010375977
0,263315829215571	0,374534637451172	32,1119995117188
0,264129630522802	0,376107971191406	32,2120018005371
0,264994305325672	0,377876281738281	32,3120002746582
0,265808106632903	0,379606628417969	32,4119987487793
0,266672752331942	0,381359222412109	32,5120010375977
0,267486582743004	0,383057312011719	32,6119995117188
0,268351228442043	0,384689483642578	32,7120018005371
0,269165029749274	0,386280822753906	32,8120002746582
0,269978860160336	0,3879892578125	32,9119987487793
0,270792632363737	0,389771545410156	33,0120010375977
0,271606433670968	0,391415771484375	33,1119995117188
0,272471108473837	0,393213409423828	33,2120018005371
0,273284909781069	0,394645629882813	33,3120002746582
0,274047837592661	0,396262725830078	33,4119987487793
0,274912512395531	0,398055419921875	33,5120010375977
0,275726313702762	0,399773895263672	33,6119995117188
0,276540144113824	0,401250915527344	33,7120018005371
0,277353916317225	0,403015594482422	33,8120002746582
0,278167717624456	0,404774627685547	33,9119987487793
0,278981548035517	0,406358123779297	34,0120010375977
0,279846193734556	0,408125213623047	34,1119995117188
0,280659995041788	0,409842926025391	34,2120018005371
0,281473796349019	0,411620056152344	34,3120002746582
0,282338471151888	0,413166687011719	34,4119987487793
0,283152243355289	0,4148369140625	34,5120010375977
0,284016947261989	0,416476409912109	34,6119995117188
0,28483071946539	0,417930145263672	34,7120018005371
0,285695394268259	0,419935943603516	34,8120002746582
0,286509195575491	0,421618682861328	34,9119987487793
0,28737387037836	0,423216552734375	35,0120010375977
0,288238516077399	0,425285766601563	35,1119995117188
0,289103190880269	0,426813751220703	35,2120018005371
0,2899169921875	0,428435943603516	35,3120002746582
0,290781637886539	0,430283660888672	35,4119987487793
0,291646341793239	0,4321494140625	35,5120010375977
0,29246011399664	0,433656494140625	35,6119995117188
0,293324788799509	0,435315765380859	35,7120018005371
0,294138590106741	0,437132354736328	35,8120002746582
0,29500326490961	0,438778411865234	35,9119987487793
0,295817037113011	0,440375335693359	36,0120010375977
0,296630867524073	0,442105560302734	36,1119995117188
0,297444668831304	0,443743835449219	36,2120018005371
0,298258441034704	0,445209686279297	36,3120002746582
0,299072271445766	0,447098327636719	36,4119987487793
0,299936917144805	0,448697875976563	36,5120010375977
0,300750718452036	0,450258819580078	36,6119995117188
0,301564548863098	0,451834075927734	36,7120018005371
0,302378321066499	0,453532531738281	36,8120002746582
0,30319215147756	0,455288848876953	36,9119987487793
0,304005952784792	0,456796508789063	37,0120010375977
0,304870598483831	0,458455780029297	37,1119995117188
0,305684428894892	0,460260314941406	37,2120018005371
0,306498201098293	0,461953430175781	37,3120002746582
0,307362875901163	0,463594268798828	37,4119987487793
0,308176677208394	0,465347015380859	37,5120010375977
0,309041352011263	0,466919830322266	37,6119995117188
0,309855124214664	0,468640319824219	37,7120018005371
0,310719828121364	0,470257965087891	37,8120002746582
0,311533600324765	0,471987579345703	37,9119987487793
0,312347401631996	0,473780883789063	38,0120010375977
0,313212076434866	0,475274078369141	38,1119995117188
0,314025877742097	0,477078521728516	38,2120018005371
0,314890523441136	0,478829223632813	38,3120002746582
0,315704353852198	0,480589721679688	38,4119987487793
0,316568999551237	0,482282409667969	38,5120010375977
0,317382800858468	0,483633117675781	38,6119995117188
0,318196631269529	0,485525726318359	38,7120018005371
0,31901040347293	0,487209991455078	38,8120002746582
0,319824204780161	0,488671234130859	38,9119987487793
0,320638035191223	0,49034326171875	39,0120010375977
0,321451807394624	0,492058380126953	39,1119995117188
0,322265637805685	0,493640289306641	39,2120018005371
0,323079439112917	0,495304656982422	39,3120002746582
0,323944084811956	0,496929077148438	39,4119987487793
0,324757915223017	0,498581665039063	39,5120010375977
0,325571687426418	0,500159851074219	39,6119995117188
0,326436362229288	0,501832153320313	39,7120018005371
0,327250163536519	0,50356591796875	39,8120002746582
0,32806396484375	0,505131256103516	39,9119987487793
0,328928610542789	0,506843811035156	40,0120010375977
0,329742440953851	0,508609313964844	40,1119995117188
0,33060708665289	0,510142669677734	40,2120018005371
0,331420887960121	0,511769134521484	40,3120002746582
0,332285562762991	0,513486206054688	40,4119987487793
0,333099364070222	0,515203125	40,5120010375977
0,333964009769261	0,516795837402344	40,6119995117188
0,334777840180323	0,518396484375	40,7120018005371
0,335642485879362	0,520092163085938	40,8120002746582
0,336456287186593	0,522020263671875	40,9119987487793
0,337320961989462	0,523578796386719	41,0120010375977
0,338185636792332	0,525274108886719	41,1119995117188
0,338999408995733	0,526914794921875	41,2120018005371
0,339864112902433	0,528753173828125	41,3120002746582
0,340677885105833	0,530499084472656	41,4119987487793
0,341491686413065	0,5319443359375	41,5120010375977
0,342305516824126	0,533798156738281	41,6119995117188
0,343170162523165	0,535139770507813	41,7120018005371
0,343983963830397	0,537013244628906	41,8120002746582
0,344797765137628	0,538753295898438	41,9119987487793
0,345611566444859	0,540316955566406	42,0120010375977
0,346425396855921	0,542085571289063	42,1119995117188
0,347239169059321	0,543699951171875	42,2120018005371
0,348103843862191	0,545325805664063	42,3120002746582
0,348917645169422	0,546749938964844	42,4119987487793
0,349731446476653	0,548417724609375	42,5120010375977
0,350545247783884	0,550167175292969	42,6119995117188
0,351409922586754	0,551705871582031	42,7120018005371
0,352223723893985	0,553287902832031	42,8120002746582
0,353037496097386	0,555016784667969	42,9119987487793
0,353902200004086	0,556663940429688	43,0120010375977
0,354715972207487	0,558393920898438	43,1119995117188
0,355580647010356	0,560171142578125	43,2120018005371
0,356394448317587	0,561760498046875	43,3120002746582
0,357259123120457	0,563433837890625	43,4119987487793
0,358072895323858	0,565075012207031	43,5120010375977
0,358937599230558	0,566796752929688	43,6119995117188
0,359751371433958	0,568400451660156	43,7120018005371
0,360616046236828	0,569964721679688	43,8120002746582
0,361429847544059	0,571475646972656	43,9119987487793
0,362294522346929	0,573334411621094	44,0120010375977
0,363108294550329	0,574792053222656	44,1119995117188
0,363922124961391	0,576634460449219	44,2120018005371
0,364735926268622	0,578100524902344	44,3120002746582
0,365549727575853	0,579822082519531	44,4119987487793
0,366414402378723	0,581544677734375	44,5120010375977
0,367228174582124	0,583006591796875	44,6119995117188
0,368042004993185	0,584713256835938	44,7120018005371
0,368855806300417	0,586294006347656	44,8120002746582
0,369669578503817	0,5878896484375	44,9119987487793
0,370483408914879	0,589402587890625	45,0120010375977
0,37129721022211	0,590947448730469	45,1119995117188
0,372110982425511	0,59276611328125	45,2120018005371
0,372924812836573	0,59434619140625	45,3120002746582
0,373789458535612	0,596048461914063	45,4119987487793
0,374603259842843	0,597482788085938	45,5120010375977
0,375417090253904	0,599247985839844	45,6119995117188
0,376281735952944	0,600829772949219	45,7120018005371
0,377095537260175	0,602582824707031	45,8120002746582
0,377960212063044	0,604151000976563	45,9119987487793
0,378774013370276	0,605799438476563	46,0120010375977
0,379638659069315	0,607475524902344	46,1119995117188
0,380452489480376	0,609149536132813	46,2120018005371
0,381317135179415	0,610945190429688	46,3120002746582
0,382130936486647	0,612481750488281	46,4119987487793
0,382995611289516	0,614181213378906	46,5120010375977
0,383860256988555	0,615852416992188	46,6119995117188
0,384674058295786	0,617435668945313	46,7120018005371
0,385538733098656	0,619271423339844	46,8120002746582
0,386352534405887	0,620797180175781	46,9119987487793
0,387217180104926	0,622490112304688	47,0120010375977
0,388031010515988	0,624212585449219	47,1119995117188
0,388844811823219	0,625660217285156	47,2120018005371
0,38965861313045	0,627330017089844	47,3120002746582
0,390472414437681	0,628904235839844	47,4119987487793
0,391337060136721	0,630609985351563	47,5120010375977
0,392150890547782	0,632214233398438	47,6119995117188
0,392964691855013	0,633923522949219	47,7120018005371
0,393778464058414	0,635399597167969	47,8120002746582
0,394643167965114	0,637087646484375	47,9119987487793
0,395456940168515	0,638743896484375	48,0120010375977
0,396270741475746	0,640259033203125	48,1119995117188
0,397084571886808	0,641922180175781	48,2120018005371
0,397949217585847	0,643636291503906	48,3120002746582
0,398763018893078	0,64531591796875	48,4119987487793
0,399627693695948	0,646990905761719	48,5120010375977
0,400441495003179	0,648583312988281	48,6119995117188
0,401306140702218	0,650174194335938	48,7120018005371
0,402170815505087	0,651824645996094	48,8120002746582
0,403035490307957	0,6535224609375	48,9119987487793
0,403849262511358	0,655008178710938	49,0120010375977
0,404663092922419	0,656715576171875	49,1119995117188
0,405527738621458	0,658165405273438	49,2120018005371
0,40634153992869	0,659971618652344	49,3120002746582
0,407206214731559	0,661669189453125	49,4119987487793
0,40802001603879	0,663086853027344	49,5120010375977
0,408833817346022	0,665058227539063	49,6119995117188
0,409698492148891	0,666498107910156	49,7120018005371
0,410512293456122	0,66802587890625	49,8120002746582
0,411326094763353	0,669579772949219	49,9119987487793
0,412139896070585	0,671210266113281	50,0120010375977
0,412953697377816	0,672728393554688	50,1119995117188
0,413767498685047	0,674340759277344	50,2120018005371
0,414581299992278	0,675857055664063	50,3120002746582
0,415395101299509	0,677486633300781	50,4119987487793
0,416158058214933	0,679031616210938	50,5120010375977
0,416971830418333	0,680519653320313	50,6119995117188
0,417836505221203	0,682299743652344	50,7120018005371
0,418650306528434	0,683818115234375	50,8120002746582
0,419464107835665	0,685442565917969	50,9119987487793
0,420277909142897	0,686881774902344	51,0120010375977
0,421091710450128	0,688596984863281	51,1119995117188
0,421956385252997	0,690240051269531	51,2120018005371
0,422770186560228	0,692003662109375	51,3120002746582
0,423634861363098	0,693436706542969	51,4119987487793
0,424448633566499	0,695059692382813	51,5120010375977
0,425313337473199	0,696738403320313	51,6119995117188
0,4261271096766	0,698324768066406	51,7120018005371
0,426991784479469	0,699976501464844	51,8120002746582
0,4278055857867	0,701715026855469	51,9119987487793
0,42867026058957	0,703389526367188	52,0120010375977
0,429534906288609	0,704778991699219	52,1119995117188
0,430348736699671	0,706642517089844	52,2120018005371
0,43121338239871	0,708147216796875	52,3120002746582
0,432027183705941	0,709667785644531	52,4119987487793
0,43289185850881	0,711281860351563	52,5120010375977
0,433705659816042	0,712890319824219	52,6119995117188
0,434519432019442	0,714550354003906	52,7120018005371
0,435384135926142	0,716209533691406	52,8120002746582
0,436197908129543	0,717765075683594	52,9119987487793
0,437011709436774	0,7193671875	53,0120010375977
0,437825539847836	0,72084716796875	53,1119995117188
0,438639312051237	0,722513671875	53,2120018005371
0,439453113358468	0,724037353515625	53,3120002746582
0,440266943769529	0,725481018066406	53,4119987487793
0,441131589468569	0,727085144042969	53,5120010375977
0,4419453907758	0,728578796386719	53,6119995117188
0,442759192083031	0,730273132324219	53,7120018005371
0,443623866885901	0,731729187011719	53,8120002746582
0,444437639089301	0,733334899902344	53,9119987487793
0,445251469500363	0,735056030273438	54,0120010375977
0,446116115199402	0,736615051269531	54,1119995117188
0,446929945610464	0,738290954589844	54,2120018005371
0,447794591309503	0,739729248046875	54,3120002746582
0,448608392616734	0,741371398925781	54,4119987487793
0,449473067419603	0,742840454101563	54,5120010375977
0,450286868726835	0,744650939941406	54,6119995117188
0,451151514425874	0,74634423828125	54,7120018005371
0,451965344836935	0,747842651367188	54,8120002746582
0,452829990535975	0,749247802734375	54,9119987487793
0,453643791843206	0,750904724121094	55,0120010375977
0,454457622254267	0,752643432617188	55,1119995117188
0,455271394457668	0,754227844238281	55,2120018005371
0,456136069260538	0,755698303222656	55,3120002746582
0,456949870567769	0,757206359863281	55,4119987487793
0,457763671875	0,758688598632813	55,5120010375977
0,458577473182231	0,760222717285156	55,6119995117188
0,459391274489462	0,761790649414063	55,7120018005371
0,460205075796694	0,763238708496094	55,8120002746582
0,461018877103925	0,764761474609375	55,9119987487793
0,461832678411156	0,766353576660156	56,0120010375977
0,462646479718387	0,768025024414063	56,1119995117188
0,463460310129449	0,769313720703125	56,2120018005371
0,46427408233285	0,770948974609375	56,3120002746582
0,465087883640081	0,772460571289063	56,4119987487793
0,46595255844295	0,774193664550781	56,5120010375977
0,466766359750181	0,775763916015625	56,6119995117188
0,467580161057413	0,777136535644531	56,7120018005371
0,468393962364644	0,778661804199219	56,8120002746582
0,469207763671875	0,780376953125	56,9119987487793
0,470072409370914	0,781984558105469	57,0120010375977
0,470886239781976	0,783427185058594	57,1119995117188
0,471750885481015	0,785070495605469	57,2120018005371
0,472615560283884	0,786625549316406	57,3120002746582
0,473429361591116	0,788345947265625	57,4119987487793
0,474294036393985	0,789988708496094	57,5120010375977
0,475158682093024	0,791734558105469	57,6119995117188
0,476023356895894	0,793240844726563	57,7120018005371
0,476888031698763	0,794701904296875	57,8120002746582
0,477701803902164	0,79643408203125	57,9119987487793
0,478566507808864	0,798114990234375	58,0120010375977
0,479380280012265	0,799543640136719	58,1119995117188
0,480244954815134	0,801332763671875	58,2120018005371
0,481058756122366	0,80266357421875	58,3120002746582
0,481872557429597	0,804207397460938	58,4119987487793
0,482686358736828	0,805629699707031	58,5120010375977
0,483500160044059	0,807225341796875	58,6119995117188
0,48431396135129	0,80898486328125	58,7120018005371
0,485127762658522	0,810433349609375	58,8120002746582
0,485992437461391	0,811976806640625	58,9119987487793
0,486806238768622	0,813477233886719	59,0120010375977
0,487620040075853	0,815095581054688	59,1119995117188
0,488484685774893	0,816506652832031	59,2120018005371
0,489298487082124	0,81804052734375	59,3120002746582
0,490112288389355	0,819722412109375	59,4119987487793
0,490926089696586	0,821096618652344	59,5120010375977
0,491790764499456	0,822674743652344	59,6119995117188
0,492604565806687	0,824388305664063	59,7120018005371
0,493418367113918	0,825897155761719	59,8120002746582
0,494283041916788	0,827380798339844	59,9119987487793
0,495096843224019	0,828756286621094	60,0120010375977
0,49591064453125	0,830400207519531	60,1119995117188
0,49677531933412	0,831973449707031	60,2120018005371
0,497589120641351	0,833575866699219	60,3120002746582
0,498453737236559	0,835241882324219	60,4119987487793
0,499267596751451	0,836513061523438	60,5120010375977
0,500132271554321	0,838136840820313	60,6119995117188
0,500946072861552	0,839797241210938	60,7120018005371
0,501759815961123	0,841227783203125	60,8120002746582
0,502624490763992	0,842918212890625	60,9119987487793
0,503438292071223	0,8444775390625	61,0120010375977
0,504252151586115	0,84581884765625	61,1119995117188
0,505065894685686	0,847339111328125	61,2120018005371
0,505879695992917	0,848770935058594	61,3120002746582
0,50664262380451	0,850294128417969	61,4119987487793
0,507456483319402	0,85177685546875	61,5120010375977
0,508270284626633	0,853325378417969	61,6119995117188
0,509084027726203	0,854824157714844	61,7120018005371
0,509948702529073	0,856263977050781	61,8120002746582
0,510762503836304	0,857914123535156	61,9119987487793
0,511576363351196	0,859256958007813	62,0120010375977
0,512390164658427	0,860829833984375	62,1119995117188
0,513203907757998	0,862437194824219	62,2120018005371
0,514068582560867	0,86392919921875	62,3120002746582
0,514882383868098	0,865466857910156	62,4119987487793
0,51569624338299	0,867144104003906	62,5120010375977
0,516560859978199	0,868471984863281	62,6119995117188
0,517374719493091	0,8700986328125	62,7120018005371
0,5182393360883	0,871758178710938	62,8120002746582
0,519053137395531	0,873200439453125	62,9119987487793
0,519917812198401	0,874930603027344	63,0120010375977
0,52078248700127	0,876541564941406	63,1119995117188
0,52164716180414	0,878048645019531	63,2120018005371
0,522511778399348	0,879634948730469	63,3120002746582
0,523376453202218	0,881246643066406	63,4119987487793
0,524190254509449	0,882779296875	63,5120010375977
0,525054929312319	0,884378173828125	63,6119995117188
0,525919604115188	0,885924377441406	63,7120018005371
0,526733405422419	0,887465637207031	63,8120002746582
0,527598080225289	0,888950378417969	63,9119987487793
0,52841188153252	0,890309997558594	64,0120010375977
0,52922562463209	0,891988647460938	64,1119995117188
0,530039484146982	0,893433227539063	64,2119979858398
0,530904100742191	0,895036254882813	64,3119964599609
0,531717960257083	0,896590881347656	64,4120025634766
0,532531761564314	0,897953430175781	64,5120010375977
0,533345504663885	0,899512512207031	64,6119995117188
0,534210179466754	0,901181274414063	64,7119979858398
0,535023980773985	0,902603332519531	64,8119964599609
0,535837840288877	0,904128356933594	64,9120025634766
0,536702456884086	0,905557006835938	65,0120010375977
0,537516316398978	0,907189697265625	65,1119995117188
0,538330059498549	0,908580688476563	65,2119979858398
0,539194734301418	0,910124633789063	65,3119964599609
0,540008535608649	0,9116318359375	65,4120025634766
0,54082233691588	0,913107421875	65,5120010375977
0,54168701171875	0,914522094726563	65,6119995117188
0,542500813025981	0,916187683105469	65,7119979858398
0,543365487828851	0,917755859375	65,8119964599609
0,544179289136082	0,919251220703125	65,9120025634766
0,545043963938951	0,920799438476563	66,0120010375977
0,545857707038522	0,922253540039063	66,1119995117188
0,546671566553414	0,92369775390625	66,2119979858398
0,547536183148623	0,925303100585938	66,3119964599609
0,548350042663515	0,926730712890625	66,4120025634766
0,549163843970746	0,928193725585938	66,5120010375977
0,549977587070316	0,929625549316406	66,6119995117188
0,550791446585208	0,931139404296875	66,7119979858398
0,551605247892439	0,932619018554688	66,8119964599609
0,55241899099201	0,934018615722656	66,9120025634766
0,553232850506902	0,935433776855469	67,0120010375977
0,554046651814133	0,936997192382813	67,1119995117188
0,554860394913703	0,938641235351563	67,2119979858398
0,555674254428595	0,939925415039063	67,3119964599609
0,556538871023804	0,94148876953125	67,4120025634766
0,557352730538696	0,942876098632813	67,5120010375977
0,558166531845927	0,944442443847656	67,6119995117188
0,558980274945498	0,94595654296875	67,7119979858398
0,559844949748367	0,947493896484375	67,8119964599609
0,560658751055598	0,94894970703125	67,9120025634766
0,56147261057049	0,950574157714844	68,0120010375977
0,562337227165699	0,952067932128906	68,1119995117188
0,563151086680591	0,953427856445313	68,2119979858398
0,5640157032758	0,955122253417969	68,3119964599609
0,564880378078669	0,956688903808594	68,4120025634766
0,565694179385901	0,958082153320313	68,5120010375977
0,56655885418877	0,959742248535156	68,6119995117188
0,56742352899164	0,961166748046875	68,7119979858398
0,568288145586848	0,962724609375	68,8119964599609
0,569152820389718	0,964170471191406	68,9120025634766
0,569966621696949	0,96572802734375	69,0120010375977
0,570780481211841	0,967196166992188	69,1119995117188
0,57164509780705	0,968616149902344	69,2119979858398
0,572458899114281	0,970195251464844	69,3119964599609
0,573272700421512	0,971590942382813	69,4120025634766
0,574137375224382	0,973043640136719	69,5120010375977
0,574951176531613	0,974444152832031	69,6119995117188
0,575764977838844	0,975993530273438	69,7119979858398
0,576578779146075	0,977609130859375	69,8119964599609
0,577392580453306	0,978945373535156	69,9120025634766
0,578206381760538	0,980387817382813	70,0120010375977
0,579071056563407	0,981951782226563	70,1119995117188
0,579884799662977	0,983422973632813	70,2119979858398
0,58069865917787	0,984825622558594	70,3119964599609
0,581563275773078	0,986454895019531	70,4120025634766
0,58237713528797	0,987872924804688	70,5120010375977
0,583190936595201	0,989365051269531	70,6119995117188
0,584055611398071	0,990803955078125	70,7119979858398
0,584869412705302	0,992396789550781	70,8119964599609
0,585683155804873	0,993896423339844	70,9120025634766
0,586547830607742	0,995328674316406	71,0120010375977
0,587361631914973	0,996643981933594	71,1119995117188
0,588226306717843	0,998191040039063	71,2119979858398
0,589040108025074	0,999627075195313	71,3119964599609
0,589904782827944	1,00112225341797	71,4120025634766
0,590769457630813	1,00263702392578	71,5120010375977
0,591583258938044	1,00411895751953	71,6119995117188
0,592447933740914	1,00564147949219	71,7119979858398
0,593261735048145	1,00716711425781	71,8119964599609
0,594126409851015	1,00870184326172	71,9120025634766
0,594940211158246	1,00982525634766	72,0120010375977
0,595753954257816	1,01127099609375	72,1119995117188
0,596567813772708	1,01284484863281	72,2119979858398
0,597381615079939	1,01427398681641	72,3119964599609
0,59819535817951	1,01555255126953	72,4120025634766
0,599009217694402	1,01701641845703	72,5120010375977
0,599823019001633	1,01848956298828	72,6119995117188
0,600636762101203	1,01993640136719	72,7119979858398
0,601450621616095	1,02123181152344	72,8119964599609
0,602264422923326	1,02277093505859	72,9120025634766
0,603129097726196	1,02429638671875	73,0120010375977
0,603942899033427	1,02565087890625	73,1119995117188
0,604756642132998	1,0270693359375	73,2119979858398
0,605621316935867	1,02854919433594	73,3119964599609
0,606435118243098	1,03011828613281	73,4120025634766
0,607299793045968	1,03154113769531	73,5120010375977
0,608113594353199	1,03306555175781	73,6119995117188
0,608978269156069	1,03432275390625	73,7119979858398
0,6097920704633	1,03568054199219	73,8119964599609
0,610605871770531	1,03718688964844	73,9120025634766
0,611470546573401	1,03891235351563	74,0120010375977
0,61233522137627	1,04028259277344	74,1119995117188
0,61314896447584	1,0417822265625	74,2119979858398
0,614013697486371	1,04341198730469	74,3119964599609
0,614827440585941	1,04465759277344	74,4120025634766
0,615692115388811	1,04612365722656	74,5120010375977
0,616556848399341	1,04748388671875	74,6119995117188
0,617370591498911	1,04918664550781	74,7119979858398
0,618184392806143	1,05062548828125	74,8119964599609
0,619049067609012	1,05192456054688	74,9120025634766
0,619862868916243	1,053453125	75,0120010375977
0,620676670223475	1,054955078125	75,1119995117188
0,621490471530706	1,05623034667969	75,2119979858398
0,622304272837937	1,05783740234375	75,3119964599609
0,623168947640806	1,05909326171875	75,4120025634766
0,623982748948038	1,0604013671875	75,5120010375977
0,624796550255269	1,06195776367188	75,6119995117188
0,6256103515625	1,06328833007813	75,7119979858398
0,62647502636537	1,06474328613281	75,8119964599609
0,627288827672601	1,06623974609375	75,9120025634766
0,628102628979832	1,06759533691406	76,0120010375977
0,628916430287063	1,06909851074219	76,1119995117188
0,629781046882272	1,07048193359375	76,2119979858398
0,630594906397164	1,07207702636719	76,3119964599609
0,631459522992373	1,07350134277344	76,4120025634766
0,632273382507265	1,07482312011719	76,5120010375977
0,633087183814496	1,07630102539063	76,6119995117188
0,633951858617365	1,07757238769531	76,7119979858398
0,634765601716936	1,07908227539063	76,8119964599609
0,635630334727466	1,08063208007813	76,9120025634766
0,636494951322675	1,0820185546875	77,0120010375977
0,637308752629906	1,083455078125	77,1119995117188
0,638173427432776	1,08471081542969	77,2119979858398
0,638987228740007	1,08629528808594	77,3119964599609
0,639801030047238	1,08754760742188	77,4120025634766
0,640665704850107	1,08907275390625	77,5120010375977
0,641479506157339	1,09042724609375	77,6119995117188
0,642293249256909	1,09179553222656	77,7119979858398
0,643107108771801	1,09309289550781	77,8119964599609
0,643920910079032	1,09458837890625	77,9120025634766
0,644734653178602	1,09587536621094	78,0120010375977
0,645548512693495	1,09722302246094	78,1119995117188
0,646362314000726	1,09871398925781	78,2119979858398
0,647176115307957	1,09991357421875	78,3119964599609
0,647989916615188	1,10128796386719	78,4120025634766
0,648803717922419	1,10281591796875	78,5120010375977
0,649617519229651	1,103984375	78,6119995117188
0,650431320536882	1,10550036621094	78,7119979858398
0,65129593713209	1,10682238769531	78,8119964599609
0,652109796646982	1,10834387207031	78,9120025634766
0,652923597954214	1,10965295410156	79,0120010375977
0,653737341053784	1,11115942382813	79,1119995117188
0,654602074064314	1,11276440429688	79,2119979858398
0,655415817163885	1,11395300292969	79,3119964599609
0,656280491966754	1,1153173828125	79,4120025634766
0,657094293273985	1,11672912597656	79,5120010375977
0,657958968076855	1,11830798339844	79,6119995117188
0,658772769384086	1,119697265625	79,7119979858398
0,659637444186956	1,12110668945313	79,8119964599609
0,660502118989825	1,12270361328125	79,9120025634766
0,661315920297056	1,12401245117188	80,0120010375977
0,662180595099926	1,1254931640625	80,1119995117188
0,662994396407157	1,12683044433594	80,2119979858398
0,663859071210027	1,1283173828125	80,3119964599609
0,664672872517258	1,12967456054688	80,4120025634766
0,665537547320127	1,13098608398438	80,5120010375977
0,666351290419698	1,13240185546875	80,6119995117188
0,667165091726929	1,13373266601563	80,7119979858398
0,667978951241821	1,13505346679688	80,8119964599609
0,668792752549052	1,13653955078125	80,9120025634766
0,669657427351922	1,13784484863281	81,0120010375977
0,670471170451492	1,13918603515625	81,1119995117188
0,671284971758723	1,14071472167969	81,2119979858398
0,672098831273615	1,14219458007813	81,3119964599609
0,672963447868824	1,14353125	81,4120025634766
0,673777307383716	1,145001953125	81,5120010375977
0,674591050483286	1,146181640625	81,6119995117188
0,675455725286156	1,14763159179688	81,7119979858398
0,676269526593387	1,14901208496094	81,8119964599609
0,677134201396257	1,15038537597656	81,9120025634766
0,677948002703488	1,15168811035156	82,0120010375977
0,678812677506357	1,15290759277344	82,1119995117188
0,679626478813589	1,154388671875	82,2119979858398
0,680491153616458	1,15576977539063	82,3119964599609
0,681304954923689	1,15731701660156	82,4120025634766
0,682169629726559	1,15851684570313	82,5120010375977
0,683034246321768	1,16006005859375	82,6119995117188
0,68384810583666	1,16138171386719	82,7119979858398
0,684712722431868	1,16277563476563	82,8119964599609
0,6855265237391	1,16434045410156	82,9120025634766
0,686340325046331	1,16562426757813	83,0120010375977
0,6872049998492	1,1669921875	83,1119995117188
0,688018801156431	1,16833325195313	83,2119979858398
0,688832602463663	1,16971264648438	83,3119964599609
0,689646403770894	1,17097387695313	83,4120025634766
0,690460205078125	1,17243591308594	83,5120010375977
0,691274006385356	1,17365771484375	83,6119995117188
0,692087807692587	1,17498742675781	83,7119979858398
0,692901608999819	1,17652954101563	83,8119964599609
0,69371541030705	1,17772045898438	83,9120025634766
0,694529211614281	1,17910510253906	84,0120010375977
0,695343012921512	1,18045007324219	84,1119995117188
0,696207687724382	1,18180212402344	84,2119979858398
0,697021489031613	1,18312292480469	84,3119964599609
0,697835290338844	1,18445715332031	84,4120025634766
0,698649091646075	1,1858193359375	84,5120010375977
0,699462892953306	1,18724206542969	84,6119995117188
0,700327567756176	1,18862158203125	84,7119979858398
0,701141369063407	1,19000036621094	84,8119964599609
0,702006043866277	1,19132189941406	84,9120025634766
0,702819845173508	1,19288391113281	85,0120010375977
0,703684519976377	1,19417956542969	85,1119995117188
0,704498263075948	1,19560546875	85,2119979858398
0,705362996086478	1,19696398925781	85,3119964599609
0,706176739186049	1,19824963378906	85,4120025634766
0,707041413988918	1,19967944335938	85,5120010375977
0,707906088791788	1,2010234375	85,6119995117188
0,708770763594657	1,20263708496094	85,7119979858398
0,709584506694227	1,2040107421875	85,8119964599609
0,710449239704758	1,20527453613281	85,9120025634766
0,711313914507627	1,20673156738281	86,0120010375977
0,712127657607198	1,20813952636719	86,1119995117188
0,712941458914429	1,20946130371094	86,2119979858398
0,713806133717299	1,21069213867188	86,3119964599609
0,71461993502453	1,21202746582031	86,4120025634766
0,715433794539422	1,213474609375	86,5120010375977
0,71629841113463	1,2147392578125	86,6119995117188
0,717112270649523	1,21625537109375	86,7119979858398
0,717926013749093	1,21739807128906	86,8119964599609
0,718739815056324	1,21880212402344	86,9120025634766
0,719604489859194	1,22019567871094	87,0120010375977
0,720418291166425	1,22141870117188	87,1119995117188
0,721232092473656	1,22274853515625	87,2119979858398
0,722096767276526	1,22406506347656	87,3119964599609
0,722910568583757	1,22547827148438	87,4120025634766
0,723724369890988	1,22674011230469	87,5120010375977
0,724589044693857	1,22805871582031	87,6119995117188
0,725402846001089	1,22923266601563	87,7119979858398
0,726216589100659	1,23078076171875	87,8119964599609
0,727081322111189	1,23193444824219	87,9120025634766
0,72789506521076	1,23326843261719	88,0120010375977
0,728759740013629	1,2346240234375	88,1119995117188
0,72957354132086	1,23587829589844	88,2119979858398
0,73043821612373	1,23731884765625	88,3119964599609
0,731252017430961	1,238638671875	88,4120025634766
0,732116692233831	1,23998168945313	88,5120010375977
0,732930493541062	1,24124633789063	88,6119995117188
0,733744294848293	1,24257043457031	88,7119979858398
0,734608969651163	1,24410034179688	88,8119964599609
0,735422770958394	1,24515393066406	88,9120025634766
0,736236572265625	1,2464287109375	89,0120010375977
0,737050373572856	1,2477041015625	89,1119995117188
0,737864174880087	1,24912866210938	89,2119979858398
0,738677976187319	1,25020520019531	89,3119964599609
0,73949177749455	1,2515849609375	89,4120025634766
0,740305578801781	1,252966796875	89,5120010375977
0,741119380109012	1,25417114257813	89,6119995117188
0,741933181416243	1,25550549316406	89,7119979858398
0,742797856219113	1,25684423828125	89,8119964599609
0,743611657526344	1,25802429199219	89,9120025634766
0,744425458833575	1,25930834960938	90,0120010375977
0,745290075428784	1,26069201660156	90,1119995117188
0,746103934943676	1,26208703613281	90,2119979858398
0,746917736250907	1,26326501464844	90,3119964599609
0,747782411053777	1,2646171875	90,4120025634766
0,748596212361008	1,26589575195313	90,5120010375977
0,749460887163877	1,26732141113281	90,6119995117188
0,750274630263448	1,26856970214844	90,7119979858398
0,751139363273978	1,26992065429688	90,8119964599609
0,752003979869187	1,27112622070313	90,9120025634766
0,752817781176418	1,27260009765625	91,0120010375977
0,753682455979288	1,27384436035156	91,1119995117188
0,754547130782157	1,2752255859375	91,2119979858398
0,755411805585027	1,27666479492188	91,3119964599609
0,756276422180235	1,27816723632813	91,4120025634766
0,757090281695127	1,2792880859375	91,5120010375977
0,757954898290336	1,28053125	91,6119995117188
0,758768757805228	1,28192224121094	91,7119979858398
0,759582500904799	1,28318591308594	91,8119964599609
0,76039630221203	1,28446813964844	91,9120025634766
0,761260977014899	1,28569995117188	92,0120010375977
0,76207477832213	1,2869658203125	92,1119995117188
0,762888637837023	1,28833312988281	92,2119979858398
0,763702380936593	1,28955822753906	92,3119964599609
0,764516182243824	1,29078955078125	92,4120025634766
0,765330041758716	1,29217907714844	92,5120010375977
0,766194658353925	1,29333666992188	92,6119995117188
0,767008459661156	1,29471240234375	92,7119979858398
0,767822260968387	1,29598657226563	92,8119964599609
0,768636062275618	1,29727307128906	92,9120025634766
0,769500737078488	1,29856494140625	93,0120010375977
0,770314538385719	1,29984924316406	93,1119995117188
0,77112833969295	1,30104162597656	93,2119979858398
0,771992956288159	1,30225207519531	93,3119964599609
0,772806815803051	1,30374877929688	93,4120025634766
0,77367143239826	1,3048701171875	93,5120010375977
0,774485291913152	1,30618444824219	93,6119995117188
0,775299093220383	1,307544921875	93,7119979858398
0,776163768023252	1,30859826660156	93,8119964599609
0,776977511122823	1,30992590332031	93,9120025634766
0,777842244133353	1,31120654296875	94,0120010375977
0,778655987232924	1,31257983398438	94,1119995117188
0,779520662035793	1,31391613769531	94,2119979858398
0,780334463343024	1,31514233398438	94,3119964599609
0,781148264650255	1,31628125	94,4120025634766
0,781962124165148	1,31754553222656	94,5120010375977
0,782775867264718	1,31900207519531	94,6119995117188
0,783589668571949	1,31994519042969	94,7119979858398
0,784403528086841	1,32121459960938	94,8119964599609
0,785217271186411	1,32239392089844	94,9120025634766
0,786031072493643	1,32363818359375	95,0120010375977
0,786844932008535	1,32481628417969	95,1119995117188
0,787709548603743	1,32632971191406	95,2119979858398
0,788523349910975	1,32714233398438	95,3119964599609
0,789337151218206	1,32880322265625	95,4120025634766
0,790150952525437	1,32986145019531	95,5120010375977
0,790964753832668	1,33101147460938	95,6119995117188
0,791829428635538	1,33214013671875	95,7119979858398
0,792643229942769	1,33352661132813	95,8119964599609
0,79345703125	1,33480822753906	95,9120025634766
0,79432170605287	1,33615832519531	96,0120010375977
0,795135507360101	1,33714953613281	96,1119995117188
0,79600018216297	1,33849035644531	96,2119979858398
0,796813983470201	1,33991723632813	96,3119964599609
0,797678658273071	1,34114794921875	96,4120025634766
0,79854327486828	1,34264282226563	96,5120010375977
0,799407949671149	1,34360070800781	96,6119995117188
0,800272624474019	1,34507507324219	96,7119979858398
0,80108642578125	1,34628540039063	96,8119964599609
0,80195110058412	1,34744921875	96,9120025634766
0,802764901891351	1,34895788574219	97,0120010375977
0,80362957669422	1,35011291503906	97,1119995117188
0,804443378001451	1,35136645507813	97,2119979858398
0,805257121101022	1,35263952636719	97,3119964599609
0,806121854111552	1,3538125	97,4120025634766
0,806935597211123	1,35503967285156	97,5120010375977
0,807749456726015	1,35612561035156	97,6119995117188
0,808563258033246	1,35739111328125	97,7119979858398
0,809377001132816	1,35883227539063	97,8119964599609
0,810241675935686	1,35982543945313	97,9120025634766
0,811055477242917	1,36100817871094	98,0120010375977
0,811869336757809	1,36234753417969	98,1119995117188
0,812683079857379	1,3633466796875	98,2119979858398
0,81349688116461	1,36464367675781	98,3119964599609
0,814310740679502	1,36590112304688	98,4120025634766
0,815124483779073	1,36719970703125	98,5120010375977
0,815989216789603	1,36835461425781	98,6119995117188
0,816802959889174	1,36962390136719	98,7119979858398
0,817616761196405	1,37078894042969	98,8119964599609
0,818481435999274	1,37204907226563	98,9120025634766
0,819295237306505	1,37320007324219	99,0120010375977
0,820159912109375	1,37461853027344	99,1119995117188
0,820973713416606	1,37560864257813	99,2119979858398
0,821838388219476	1,37693725585938	99,3119964599609
0,822703063022345	1,37830578613281	99,4120025634766
0,823567679617554	1,379521484375	99,5120010375977
0,824381539132446	1,38071765136719	99,6119995117188
0,825246155727655	1,38197045898438	99,7119979858398
0,826060015242547	1,38318591308594	99,8119964599609
0,826873758342117	1,38436108398438	99,9120025634766
0,827687559649348	1,38548913574219	100,012001037598
0,82850141916424	1,38660217285156	100,111999511719
0,829315162263811	1,38777673339844	100,21199798584
0,830128963571042	1,38915808105469	100,311996459961
0,830942823085934	1,38996618652344	100,412002563477
0,831756566185504	1,391248046875	100,512001037598
0,832621299196035	1,39245336914063	100,611999511719
0,833435042295605	1,39349719238281	100,71199798584
0,834248843602836	1,3950068359375	100,811996459961
0,835062703117728	1,39590563964844	100,912002563477
0,835876446217299	1,397072265625	101,012001037598
0,83669024752453	1,39839562988281	101,111999511719
0,837554922327399	1,39940612792969	101,21199798584
0,83836872363463	1,40083569335938	101,311996459961
0,8392333984375	1,40190710449219	101,412002563477
0,840047199744731	1,40321826171875	101,512001037598
0,840861001051962	1,40449255371094	101,611999511719
0,841725675854832	1,40544482421875	101,71199798584
0,842590350657701	1,40689477539063	101,811996459961
0,843404093757272	1,40808715820313	101,912002563477
0,844268826767802	1,40950390625	102,012001037598
0,845133501570672	1,41058215332031	102,111999511719
0,84599811816588	1,41168237304688	102,21199798584
0,846811977680773	1,41293920898438	102,311996459961
0,847676594275981	1,41412573242188	102,412002563477
0,848490395583212	1,41524096679688	102,512001037598
0,849355070386082	1,41661352539063	102,611999511719
0,850168871693313	1,41769860839844	102,71199798584
0,850982673000544	1,418923828125	102,811996459961
0,851847347803414	1,41992028808594	102,912002563477
0,852661149110645	1,4211689453125	103,012001037598
0,853474892210215	1,42232250976563	103,111999511719
0,854288751725107	1,42336083984375	103,21199798584
0,855102553032339	1,42450561523438	103,311996459961
0,855967227835208	1,42574523925781	103,412002563477
0,856781029142439	1,42682409667969	103,512001037598
0,85759477224201	1,42808837890625	103,611999511719
0,858408631756902	1,42896276855469	103,71199798584
0,859222433064133	1,43026647949219	103,811996459961
0,860036176163703	1,43136437988281	103,912002563477
0,860900850966573	1,43257739257813	104,012001037598
0,861714652273804	1,43368127441406	104,111999511719
0,862528511788696	1,43475793457031	104,21199798584
0,863393128383905	1,43615832519531	104,311996459961
0,864206987898797	1,43722290039063	104,412002563477
0,865071604494005	1,43846508789063	104,512001037598
0,865885464008898	1,43962036132813	104,611999511719
0,866750080604106	1,44062280273438	104,71199798584
0,867614755406976	1,44169836425781	104,811996459961
0,868479430209845	1,44305871582031	104,912002563477
0,869293231517076	1,44411218261719	105,012001037598
0,870157906319946	1,44532495117188	105,111999511719
0,871022522915155	1,44654577636719	105,21199798584
0,871836382430047	1,4478291015625	105,311996459961
0,872650125529617	1,44882592773438	105,412002563477
0,873463926836848	1,45006408691406	105,512001037598
0,87427778635174	1,45110314941406	105,611999511719
0,875091529451311	1,45220361328125	105,71199798584
0,875905330758542	1,45324145507813	105,811996459961
0,876770005561411	1,45431591796875	105,912002563477
0,877532933373004	1,45547387695313	106,012001037598
0,878346734680235	1,45643151855469	106,111999511719
0,879211409483105	1,45757153320313	106,21199798584
0,880025210790336	1,45876940917969	106,311996459961
0,880839070305228	1,4599287109375	106,412002563477
0,881652813404799	1,461087890625	106,512001037598
0,88246661471203	1,46217163085938	106,611999511719
0,883280474226922	1,46320739746094	106,71199798584
0,88414509082213	1,46428515625	106,811996459961
0,884958950337023	1,46546459960938	106,912002563477
0,885823566932231	1,46660607910156	107,012001037598
0,886637368239462	1,46758642578125	107,111999511719
0,887451169546694	1,468837890625	107,21199798584
0,888315844349563	1,4701083984375	107,311996459961
0,889129645656794	1,47123254394531	107,412002563477
0,889994320459664	1,47223693847656	107,512001037598
0,890858937054873	1,47339245605469	107,611999511719
0,891672796569765	1,47445874023438	107,71199798584
0,892537413164973	1,47569360351563	107,811996459961
0,893402087967843	1,47690234375	107,912002563477
0,894266762770712	1,47798937988281	108,012001037598
0,895080564077944	1,47903344726563	108,111999511719
0,895945238880813	1,48034436035156	108,21199798584
0,896809855476022	1,48143994140625	108,311996459961
0,897623714990914	1,48245080566406	108,412002563477
0,898488331586123	1,48349206542969	108,512001037598
0,899302191101015	1,48472863769531	108,611999511719
0,900115992408246	1,48569860839844	108,71199798584
0,900980667211115	1,48675915527344	108,811996459961
0,901794410310686	1,48773693847656	108,912002563477
0,902608211617917	1,48889965820313	109,012001037598
0,903422071132809	1,49000915527344	109,111999511719
0,904286687728018	1,49099304199219	109,21199798584
0,90510054724291	1,49199291992188	109,311996459961
0,90591429034248	1,49305090332031	109,412002563477
0,906728091649711	1,49429821777344	109,512001037598
0,907592766452581	1,49516857910156	109,611999511719
0,908406567759812	1,49623327636719	109,71199798584
0,909220369067043	1,49738659667969	109,811996459961
0,910085043869913	1,49828381347656	109,912002563477
0,910898845177144	1,49930590820313	110,012001037598
0,911763461772352	1,50039929199219	110,111999511719
0,912577321287245	1,50142932128906	110,21199798584
0,913441937882453	1,50261462402344	110,311996459961
0,914255797397345	1,50376000976563	110,412002563477
0,915120413992554	1,50483935546875	110,512001037598
0,915934273507446	1,50595983886719	110,611999511719
0,916798890102655	1,50691967773438	110,71199798584
0,917612749617547	1,50797473144531	110,811996459961
0,918426492717117	1,50918603515625	110,912002563477
0,919240294024348	1,51018017578125	111,012001037598
0,920104968827218	1,51101000976563	111,111999511719
0,920918770134449	1,51223498535156	111,21199798584
0,921732629649341	1,51317651367188	111,311996459961
0,922546372748911	1,5140849609375	111,412002563477
0,923360174056143	1,51514379882813	111,512001037598
0,924174033571035	1,51626281738281	111,611999511719
0,924987776670605	1,51727673339844	111,71199798584
0,925801577977836	1,5181259765625	111,811996459961
0,926615437492728	1,51948168945313	111,912002563477
0,927429180592299	1,5202890625	112,012001037598
0,92824298189953	1,52137609863281	112,111999511719
0,929056841414422	1,52235302734375	112,21199798584
0,929870584513992	1,52361010742188	112,311996459961
0,930735317524523	1,52428039550781	112,412002563477
0,931549060624093	1,52544836425781	112,512001037598
0,932362861931324	1,5264921875	112,611999511719
0,933227536734194	1,52760290527344	112,71199798584
0,934041338041425	1,52860876464844	112,811996459961
0,934906012844294	1,529611328125	112,912002563477
0,935719814151526	1,53077917480469	113,012001037598
0,936584488954395	1,53175158691406	113,111999511719
0,937449163757265	1,53286669921875	113,21199798584
0,938313780352473	1,53407971191406	113,311996459961
0,939127639867365	1,53496801757813	113,412002563477
0,939992256462574	1,53594348144531	113,512001037598
0,940856931265444	1,53720104980469	113,611999511719
0,941721606068313	1,53830859375	113,71199798584
0,942535407375544	1,53909655761719	113,811996459961
0,943400082178414	1,5402744140625	113,912002563477
0,944213883485645	1,54120397949219	114,012001037598
0,945078558288515	1,54227404785156	114,111999511719
0,945892359595746	1,5431884765625	114,21199798584
0,946706102695316	1,54433227539063	114,311996459961
0,947519962210208	1,54520043945313	114,412002563477
0,948384578805417	1,54622534179688	114,512001037598
0,949198438320309	1,54712927246094	114,611999511719
0,950012181419879	1,54810998535156	114,71199798584
0,95082598272711	1,54921069335938	114,811996459961
0,95169065752998	1,55025463867188	114,912002563477
0,952504458837211	1,55112707519531	115,012001037598
0,953318318352103	1,55220056152344	115,111999511719
0,954132061451674	1,553138671875	115,21199798584
0,954996736254543	1,55407958984375	115,311996459961
0,955810537561774	1,55505383300781	115,412002563477
0,956675212364644	1,556099609375	115,512001037598
0,957489013671875	1,5568642578125	115,611999511719
0,958302814979106	1,55804992675781	115,71199798584
0,959167489781976	1,55899951171875	115,811996459961
0,959981291089207	1,55991479492188	115,912002563477
0,960845965892076	1,56092858886719	116,012001037598
0,961659708991647	1,56195666503906	116,111999511719
0,962524442002177	1,56290185546875	116,21199798584
0,963338185101748	1,563875	116,311996459961
0,964202859904617	1,56487719726563	116,412002563477
0,965016661211848	1,56575366210938	116,512001037598
0,96583052072674	1,56679370117188	116,611999511719
0,966644263826311	1,56773486328125	116,71199798584
0,967458065133542	1,56868408203125	116,811996459961
0,968271924648434	1,56950903320313	116,912002563477
0,969085667748004	1,57051379394531	117,012001037598
0,969899469055235	1,57134069824219	117,111999511719
0,970764143858105	1,57238830566406	117,21199798584
0,971577945165336	1,57334643554688	117,311996459961
0,972391804680228	1,57427990722656	117,412002563477
0,973205547779799	1,5751884765625	117,512001037598
0,97401934908703	1,57630297851563	117,611999511719
0,974833208601922	1,57716076660156	117,71199798584
0,975646951701492	1,57803271484375	117,811996459961
0,976511684712023	1,57918249511719	117,912002563477
0,977325486019254	1,57999426269531	118,012001037598
0,978139229118824	1,5809384765625	118,111999511719
0,979003962129354	1,5817724609375	118,21199798584
0,979817705228925	1,58280358886719	118,311996459961
0,980682321824133	1,58374340820313	118,412002563477
0,981496181339026	1,58456274414063	118,512001037598
0,982360797934234	1,58585510253906	118,611999511719
0,983225530944765	1,58675512695313	118,71199798584
0,984090147539973	1,58774157714844	118,811996459961
0,984954880550504	1,58867749023438	118,912002563477
0,985819497145712	1,58961047363281	119,012001037598
0,986633356660604	1,59043969726563	119,111999511719
0,987497973255813	1,59163818359375	119,21199798584
0,988311716355383	1,59243383789063	119,311996459961
0,989176449365914	1,59362561035156	119,412002563477
0,989990192465484	1,59428820800781	119,512001037598
0,990804051980376	1,59509191894531	119,611999511719
0,991668668575585	1,5960419921875	119,71199798584
0,992482528090477	1,59690649414063	119,811996459961
0,993296271190047	1,59788110351563	119,912002563477
0,994110130704939	1,59869775390625	120,012001037598
0,99492387380451	1,59960424804688	120,111999511719
0,99578860681504	1,60048950195313	120,21199798584
0,99660234991461	1,60141479492188	120,311996459961
0,997416209429502	1,602294921875	120,412002563477
0,998229952529073	1,60320776367188	120,512001037598
0,999043812043965	1,60426599121094	120,611999511719
0,999908428639174	1,60516723632813	120,71199798584
1,00072228815407	1,605990234375	120,811996459961
1,00153603125364	1,60702758789063	120,912002563477
1,00240076426417	1,60795556640625	121,012001037598
1,00321450736374	1,60869018554688	121,111999511719
1,00407924037427	1,60958911132813	121,21199798584
1,00489298347384	1,61049523925781	121,311996459961
1,00575771648437	1,61161486816406	121,412002563477
1,00662233307958	1,61242529296875	121,512001037598
1,00743619259447	1,61334045410156	121,611999511719
1,00830080918968	1,61417468261719	121,71199798584
1,00916542578489	1,61504907226563	121,811996459961
1,00997928529978	1,61594799804688	121,912002563477
1,01079314481467	1,6167041015625	122,012001037598
1,01165776140988	1,61776501464844	122,111999511719
1,01247150450945	1,61851525878906	122,21199798584
1,01328524760902	1,61938427734375	122,311996459961
1,01409910712391	1,62018835449219	122,412002563477
1,0149129666388	1,62109838867188	122,512001037598
1,01572670973837	1,62179064941406	122,611999511719
1,01654056925327	1,62275793457031	122,71199798584
1,01735431235284	1,62352600097656	122,811996459961
1,01816805545241	1,62429479980469	122,912002563477
1,0189819149673	1,62500122070313	123,012001037598
1,01979577448219	1,62601379394531	123,111999511719
1,02060951758176	1,62676940917969	123,21199798584
1,02147425059229	1,62759423828125	123,311996459961
1,02228799369186	1,62825732421875	123,412002563477
1,02310185320675	1,62920593261719	123,512001037598
1,02396646980196	1,63012927246094	123,611999511719
1,02478032931685	1,63091748046875	123,71199798584
1,02564494591206	1,6318212890625	123,811996459961
1,02645868901163	1,63254138183594	123,912002563477
1,02732342202216	1,63341906738281	124,012001037598
1,02813716512173	1,63420471191406	124,111999511719
1,02900178171694	1,6350654296875	124,21199798584
1,0298666311428	1,63594750976563	124,311996459961
1,03068025782704	1,636775390625	124,412002563477
1,03154499083757	1,63767004394531	124,512001037598
1,0324097238481	1,63856713867188	124,611999511719
1,03322346694767	1,63944018554688	124,71199798584
1,03408808354288	1,64038403320313	124,811996459961
1,03495281655341	1,64108166503906	124,912002563477
1,03576655965298	1,64182214355469	125,012001037598
1,03663117624819	1,64258129882813	125,111999511719
1,03744503576308	1,64342504882813	125,21199798584
1,03825889527798	1,64447241210938	125,311996459961
1,03907263837755	1,64536755371094	125,412002563477
1,03993737138808	1,64571948242188	125,512001037598
1,04075111448765	1,64654028320313	125,611999511719
1,04156497400254	1,64750720214844	125,71199798584
1,04237883351743	1,64812487792969	125,811996459961
1,04319246020168	1,64885339355469	125,912002563477
1,04405719321221	1,64979797363281	126,012001037598
1,04487093631178	1,650521484375	126,111999511719
1,04568479582667	1,65128515625	126,21199798584
1,04654941242188	1,65203479003906	126,311996459961
1,04736327193677	1,65293762207031	126,412002563477
1,04822788853198	1,65375524902344	126,512001037598
1,04904174804688	1,65463928222656	126,611999511719
1,04985560756177	1,65523132324219	126,71199798584
1,05072022415698	1,65609399414063	126,811996459961
1,05158484075218	1,65675402832031	126,912002563477
1,05239870026708	1,6575634765625	127,012001037598
1,05326331686229	1,6582890625	127,111999511719
1,05412804987282	1,659	127,21199798584
1,05494179297239	1,65988452148438	127,311996459961
1,05580652598292	1,66057409667969	127,412002563477
1,05662026908249	1,66129333496094	127,512001037598
1,05743412859738	1,662021484375	127,611999511719
1,05824787169695	1,66292700195313	127,71199798584
1,05906161479652	1,66373413085938	127,811996459961
1,05987547431141	1,66449841308594	127,912002563477
1,0606893338263	1,66498901367188	128,011993408203
1,06150307692587	1,66559729003906	128,111999511719
1,06231693644077	1,66634912109375	128,212005615234
1,06313067954034	1,66701318359375	128,311996459961
1,06399541255087	1,66785083007813	128,412002563477
1,06480915565044	1,66849487304688	128,511993408203
1,06562289875001	1,66917602539063	128,611999511719
1,0664367582649	1,66993249511719	128,712005615234
1,06725061777979	1,67070983886719	128,811996459961
1,06806436087936	1,67133728027344	128,912002563477
1,06892909388989	1,67192224121094	129,011993408203
1,06974283698946	1,67269543457031	129,111999511719
1,07055669650435	1,67348352050781	129,212005615234
1,07142131309956	1,67421862792969	129,311996459961
1,07223505619913	1,674802734375	129,412002563477
1,07309978920966	1,6756416015625	129,511993408203
1,07391353230923	1,67643090820313	129,611999511719
1,07477814890444	1,67705969238281	129,712005615234
1,07559200841933	1,67778002929688	129,811996459961
1,07645662501454	1,67850329589844	129,912002563477
1,07732135802507	1,67921630859375	130,011993408203
1,07813510112464	1,67996057128906	130,111999511719
1,07899983413517	1,68062561035156	130,212005615234
1,07986445073038	1,68123107910156	130,311996459961
1,08067831024528	1,68218884277344	130,412002563477
1,08154292684048	1,68277868652344	130,511993408203
1,08235678635538	1,68343786621094	130,611999511719
1,08322140295058	1,68397253417969	130,712005615234
1,08403526246548	1,6846884765625	130,811996459961
1,08489987906069	1,68548803710938	130,912002563477
1,08571373857558	1,6860556640625	131,011993408203
1,08652748167515	1,68680261230469	131,111999511719
1,08734134119004	1,68736157226563	131,212005615234
1,08820595778525	1,68795397949219	131,311996459961
1,08901981730014	1,68865356445313	131,412002563477
1,08983356039971	1,68918078613281	131,511993408203
1,09069829341024	1,689841796875	131,611999511719
1,09151203650981	1,69060424804688	131,712005615234
1,09232577960938	1,69118774414063	131,811996459961
1,09319051261991	1,69182946777344	131,912002563477
1,09400425571948	1,69252404785156	132,011993408203
1,09481811523438	1,69318481445313	132,111999511719
1,09568273182958	1,693755859375	132,212005615234
1,09649659134448	1,69430224609375	132,311996459961
1,09736120793968	1,69501940917969	132,412002563477
1,09817506745458	1,6956748046875	132,511993408203
1,09903968404979	1,69623327636719	132,611999511719
1,09990441706032	1,696826171875	132,712005615234
1,10071816015989	1,69748962402344	132,811996459961
1,10158289317042	1,69812292480469	132,912002563477
1,10239663626999	1,69875415039063	133,011993408203
1,10321049578488	1,69933166503906	133,111999511719
1,10407511238009	1,69995251464844	133,212005615234
1,10488897189498	1,70048803710938	133,311996459961
1,10570271499455	1,70110278320313	133,412002563477
1,10651645809412	1,70152978515625	133,511993408203
1,10733031760901	1,70217700195313	133,611999511719
1,1081441771239	1,70259289550781	133,712005615234
1,10895792022347	1,70321008300781	133,811996459961
1,10977177973837	1,70374523925781	133,912002563477
1,11058552283794	1,70435412597656	134,011993408203
1,11139926593751	1,70481005859375	134,111999511719
1,1122131254524	1,70554272460938	134,212005615234
1,11302698496729	1,70593017578125	134,311996459961
1,11384072806686	1,70636157226563	134,412002563477
1,11465458758175	1,70703405761719	134,511993408203
1,11546833068132	1,7074013671875	134,611999511719
1,11628207378089	1,70815490722656	134,712005615234
1,11714680679142	1,70861853027344	134,811996459961
1,117960549891	1,709158203125	134,912002563477
1,11877440940589	1,70970385742188	135,011993408203
1,1196390260011	1,71026037597656	135,111999511719
1,12045288551599	1,71069360351563	135,212005615234
1,1213175021112	1,71138513183594	135,311996459961
1,12213136162609	1,71200366210938	135,412002563477
1,1229959782213	1,7126279296875	135,511993408203
1,12386071123183	1,71300830078125	135,611999511719
1,12472532782704	1,71369934082031	135,712005615234
1,12558994442225	1,714431640625	135,811996459961
1,12645467743278	1,71471838378906	135,912002563477
1,12731929402798	1,71536804199219	136,011993408203
1,12813315354288	1,71586804199219	136,111999511719
1,12894689664245	1,71638427734375	136,212005615234
1,12981162965298	1,71702758789063	136,311996459961
1,13062537275255	1,71738830566406	136,412002563477
1,13143923226744	1,71791296386719	136,511993408203
1,13230384886265	1,71837548828125	136,611999511719
1,13311770837754	1,71897058105469	136,712005615234
1,13393156789243	1,71940673828125	136,811996459961
1,13474519457668	1,71982873535156	136,912002563477
1,13560992758721	1,72030261230469	137,011993408203
1,13642367068678	1,72077746582031	137,111999511719
1,13723753020167	1,72134069824219	137,212005615234
1,13810214679688	1,72170446777344	137,311996459961
1,13891600631177	1,7222861328125	137,412002563477
1,13972986582667	1,72272216796875	137,511993408203
1,14059448242188	1,72342041015625	137,611999511719
1,14140834193677	1,72357946777344	137,712005615234
1,14227295853198	1,72415295410156	137,811996459961
1,14308681804687	1,72474035644531	137,912002563477
1,14395143464208	1,72513952636719	138,011993408203
1,14476529415697	1,72569445800781	138,111999511719
1,14562991075218	1,7260205078125	138,212005615234
1,14649452734739	1,72655639648438	138,311996459961
1,14730838686228	1,72701013183594	138,412002563477
1,14817300345749	1,72747485351563	138,511993408203
1,14903773646802	1,72789245605469	138,611999511719
1,14985147956759	1,72841748046875	138,712005615234
1,15071621257812	1,72893054199219	138,811996459961
1,15152995567769	1,72930603027344	138,912002563477
1,15234369877726	1,7296181640625	139,011993408203
1,15315755829215	1,72998461914063	139,111999511719
1,15397130139172	1,73044714355469	139,212005615234
1,15478516090661	1,73076379394531	139,311996459961
1,15559902042151	1,73112963867188	139,412002563477
1,15646363701671	1,73144079589844	139,511993408203
1,15727749653161	1,73185974121094	139,611999511719
1,15809123963118	1,73217993164063	139,712005615234
1,15890498273075	1,732625	139,811996459961
1,15971884224564	1,73303479003906	139,912002563477
1,16053258534521	1,73335095214844	140,011993408203
1,16139731835574	1,73378430175781	140,111999511719
1,16221106145531	1,73405395507813	140,212005615234
1,1630249209702	1,73453674316406	140,311996459961
1,16388953756541	1,73502563476563	140,412002563477
1,1647033970803	1,73526391601563	140,511993408203
1,16556801367551	1,73569702148438	140,611999511719
1,1663818731904	1,7361875	140,712005615234
1,16724648978561	1,73631042480469	140,811996459961
1,16811122279614	1,73689758300781	140,912002563477
1,16892496589571	1,73728466796875	141,011993408203
1,16978969890624	1,73767687988281	141,111999511719
1,17065431550145	1,7380224609375	141,212005615234
1,17151893209666	1,73832458496094	141,311996459961
1,17238366510719	1,73876208496094	141,412002563477
1,17319740820676	1,73904858398438	141,511993408203
1,17406214121729	1,73949975585938	141,611999511719
1,17487588431686	1,73974670410156	141,712005615234
1,17574061732739	1,74003662109375	141,811996459961
1,17655436042696	1,7402998046875	141,912002563477
1,17736821994185	1,74067932128906	142,011993408203
1,17818196304142	1,74091967773438	142,111999511719
1,17904657963663	1,74116467285156	142,212005615234
1,17986043915153	1,74136279296875	142,311996459961
1,1806741822511	1,74149780273438	142,412002563477
1,18148804176599	1,74203234863281	142,511993408203
1,18230190128088	1,74239929199219	142,611999511719
1,18311564438045	1,74269616699219	142,712005615234
1,18398037739098	1,74284753417969	142,811996459961
1,18479412049055	1,74321350097656	142,912002563477
1,18560786359012	1,74340686035156	143,011993408203
1,18647248018533	1,74382202148438	143,111999511719
1,18728633970022	1,74389465332031	143,212005615234
1,18815095629543	1,74436633300781	143,311996459961
1,18896481581032	1,74464965820313	143,412002563477
1,18977867532521	1,74495666503906	143,511993408203
1,19064329192042	1,74517993164063	143,611999511719
1,19145715143532	1,74536584472656	143,712005615234
1,19232176803052	1,74575280761719	143,811996459961
1,19318638462573	1,74611572265625	143,912002563477
1,19400024414063	1,74623461914063	144,011993408203
1,19486486073583	1,74635766601563	144,111999511719
1,19567872025073	1,74656762695313	144,212005615234
1,19649257976562	1,74691516113281	144,311996459961
1,19730632286519	1,74711376953125	144,412002563477
1,19817105587572	1,7473876953125	144,511993408203
1,19898479897529	1,74760400390625	144,611999511719
1,19979854207486	1,74782202148438	144,712005615234
1,20061240158975	1,74796911621094	144,811996459961
1,20142614468932	1,74813098144531	144,912002563477
1,20224000420421	1,74844909667969	145,011993408203
1,20305386371911	1,74868640136719	145,111999511719
1,20386760681868	1,74861389160156	145,212005615234
1,20468134991825	1,74895483398438	145,311996459961
1,20549520943314	1,74919396972656	145,412002563477
1,20635982602835	1,74933618164063	145,511993408203
1,20717368554324	1,74946606445313	145,611999511719
1,20798742864281	1,74952563476563	145,712005615234
1,2088012881577	1,74969250488281	145,811996459961
1,20961514767259	1,74989245605469	145,912002563477
1,2104797642678	1,75021936035156	146,011993408203
1,21129362378269	1,75029772949219	146,111999511719
1,2121582403779	1,75042980957031	146,212005615234
1,2129720998928	1,75042260742188	146,311996459961
1,213836716488	1,75074475097656	146,412002563477
1,21470133308321	1,75083190917969	146,511993408203
1,21556606609374	1,75124755859375	146,611999511719
1,21637980919331	1,75126196289063	146,712005615234
1,21724454220384	1,75154724121094	146,811996459961
1,21810915879905	1,75160229492188	146,912002563477
1,21897377539426	1,75174475097656	147,011993408203
1,21978763490915	1,75195153808594	147,111999511719
1,22065225150436	1,752134765625	147,212005615234
1,22146611101925	1,75242138671875	147,311996459961
1,22233072761446	1,75247998046875	147,412002563477
1,22314458712935	1,75242443847656	147,511993408203
1,22400920372456	1,75259155273438	147,611999511719
1,22482294682413	1,752708984375	147,712005615234
1,22563680633903	1,75290966796875	147,811996459961
1,22650142293423	1,75291015625	147,912002563477
1,22731528244913	1,75276354980469	148,011993408203
1,2281290255487	1,75297021484375	148,111999511719
1,22894288506359	1,75292236328125	148,212005615234
1,22975674457848	1,75297058105469	148,311996459961
1,23062136117369	1,75321240234375	148,412002563477
1,23143522068858	1,75315112304688	148,511993408203
1,23229983728379	1,75324096679688	148,611999511719
1,23311369679868	1,75342541503906	148,712005615234
1,23397831339389	1,753494140625	148,811996459961
1,23479205649346	1,75341003417969	148,912002563477
1,23560579959303	1,75348876953125	149,011993408203
1,23647053260356	1,75353674316406	149,111999511719
1,23728427570313	1,75364904785156	149,212005615234
1,23814900871366	1,75373413085938	149,311996459961
1,23901362530887	1,75375732421875	149,412002563477
1,23982748482376	1,75377807617188	149,511993408203
1,24069210141897	1,75373046875	149,611999511719
1,24150596093386	1,75388916015625	149,712005615234
1,24237057752907	1,75381433105469	149,811996459961
1,24318443704396	1,75393383789063	149,912002563477
1,24399818014354	1,75389343261719	150,011993408203
1,24481203965843	1,75390466308594	150,111999511719
1,24562589917332	1,75356225585938	150,212005615234
1,24643952585757	1,75388195800781	150,311996459961
1,24725338537246	1,75349865722656	150,412002563477
1,24811800196767	1,75369689941406	150,511993408203
1,24893186148256	1,75374450683594	150,611999511719
1,24974572099745	1,75334130859375	150,712005615234
1,25055946409702	1,75361450195313	150,811996459961
1,25137332361192	1,75344848632813	150,912002563477
1,25218718312681	1,75349194335938	151,011993408203
1,25300080981106	1,75349926757813	151,111999511719
1,25381466932595	1,75340551757813	151,212005615234
1,25467928592116	1,75340661621094	151,311996459961
1,25549314543605	1,75325598144531	151,412002563477
1,25630700495094	1,7531875	151,511993408203
1,25717162154615	1,75316821289063	151,611999511719
1,25798548106104	1,753146484375	151,712005615234
1,25885009765625	1,75302856445313	151,811996459961
1,25966395717114	1,7530791015625	151,912002563477
1,26052857376635	1,75294055175781	152,011993408203
1,26139319036156	1,75299951171875	152,111999511719
1,26225792337209	1,752884765625	152,212005615234
1,2631225399673	1,75294641113281	152,311996459961
1,26398715656251	1,75281750488281	152,412002563477
1,26485188957304	1,75274145507813	152,511993408203
1,26566563267261	1,75283190917969	152,611999511719
1,26653036568314	1,75274682617188	152,712005615234
1,26739498227835	1,75259802246094	152,811996459961
1,26820884179324	1,75234509277344	152,912002563477
1,26902258489281	1,7524658203125	153,011993408203
1,26988731790334	1,75236682128906	153,111999511719
1,27070106100291	1,7521279296875	153,212005615234
1,2715149205178	1,75217419433594	153,311996459961
1,27232878003269	1,75206262207031	153,412002563477
1,2731933966279	1,75188989257813	153,511993408203
1,2740072561428	1,75160620117188	153,611999511719
1,27482088282704	1,75154895019531	153,712005615234
1,27563474234194	1,75129614257813	153,811996459961
1,27644860185683	1,75113366699219	153,912002563477
1,27731321845204	1,75087451171875	154,011993408203
1,27812707796693	1,75084606933594	154,111999511719
1,27899169456214	1,75057470703125	154,212005615234
1,27980555407703	1,75042407226563	154,311996459961
1,2806192971766	1,750408203125	154,412002563477
1,28148403018713	1,75031201171875	154,511993408203
1,2822977732867	1,75001611328125	154,611999511719
1,28311151638627	1,74982141113281	154,712005615234
1,2839762493968	1,74958813476563	154,811996459961
1,28484098240733	1,74958239746094	154,912002563477
1,28565460909158	1,74931970214844	155,011993408203
1,28646846860647	1,74913403320313	155,111999511719
1,28733308520168	1,74888842773438	155,212005615234
1,28814694471657	1,74879504394531	155,311996459961
1,28896080423146	1,74850366210938	155,412002563477
1,28982542082667	1,7482763671875	155,511993408203
1,29063928034157	1,748220703125	155,611999511719
1,29145302344114	1,74795666503906	155,712005615234
1,29226688295603	1,74776928710938	155,811996459961
1,29313149955124	1,74740441894531	155,912002563477
1,29394535906613	1,74708557128906	156,011993408203
1,2947591021657	1,7468486328125	156,111999511719
1,29557284526527	1,746640625	156,212005615234
1,29638670478016	1,74621472167969	156,311996459961
1,29720056429505	1,74599096679688	156,412002563477
1,29801430739462	1,74573376464844	156,511993408203
1,29887904040515	1,74540991210938	156,611999511719
1,29969278350472	1,74532739257813	156,712005615234
1,30050664301962	1,74489184570313	156,811996459961
1,30132038611919	1,74471118164063	156,912002563477
1,3021850027144	1,74422900390625	157,011993408203
1,30299886222929	1,74413659667969	157,111999511719
1,3038634788245	1,74379052734375	157,212005615234
1,30467733833939	1,74344616699219	157,311996459961
1,3055419549346	1,74339135742188	157,412002563477
1,30640657152981	1,74297399902344	157,511993408203
1,3072204310447	1,74263806152344	157,611999511719
1,30808504763991	1,74250427246094	157,712005615234
1,3088989071548	1,74208068847656	157,811996459961
1,30976352375001	1,7419609375	157,912002563477
1,31062825676054	1,74173840332031	158,011993408203
1,31149287335575	1,74148449707031	158,111999511719
1,31230673287064	1,74124096679688	158,212005615234
1,31317134946585	1,74085217285156	158,311996459961
1,31398520898074	1,74059326171875	158,412002563477
1,31484982557595	1,74031225585938	158,511993408203
1,31566368509084	1,74003100585938	158,611999511719
1,31647742819041	1,73955236816406	158,712005615234
1,3172912877053	1,73911340332031	158,811996459961
1,31815590430051	1,73890405273438	158,912002563477
1,3189697638154	1,73854370117188	159,011993408203
1,3197836233303	1,73823852539063	159,111999511719
1,32059725001454	1,73781701660156	159,212005615234
1,32141110952944	1,73737292480469	159,311996459961
1,32222496904433	1,73705041503906	159,412002563477
1,32308958563954	1,73694348144531	159,511993408203
1,32390344515443	1,73629113769531	159,611999511719
1,324717188254	1,7359833984375	159,712005615234
1,32558192126453	1,7356279296875	159,811996459961
1,3263956643641	1,73515344238281	159,912002563477
1,32726039737463	1,73494750976563	160,011993408203
1,3280741404742	1,73446154785156	160,111999511719
1,32893887348473	1,73418688964844	160,212005615234
1,3297526165843	1,7337568359375	160,311996459961
1,33061734959483	1,73322399902344	160,412002563477
1,33148196619004	1,73307006835938	160,511993408203
1,33234658278525	1,73278198242188	160,611999511719
1,33316044230014	1,73222668457031	160,712005615234
1,33402505889535	1,73188256835938	160,811996459961
1,33483891841024	1,73122900390625	160,912002563477
1,33570353500545	1,73095349121094	161,011993408203
1,33651727810502	1,73064233398438	161,111999511719
1,33733113761991	1,73012145996094	161,212005615234
1,33814488071948	1,72961315917969	161,311996459961
1,33895874023438	1,72902868652344	161,412002563477
1,33977259974927	1,72875500488281	161,511993408203
1,34058634284884	1,728177734375	161,611999511719
1,34140020236373	1,72756115722656	161,712005615234
1,3422139454633	1,72715063476563	161,811996459961
1,34302768856287	1,72675769042969	161,912002563477
1,34384154807776	1,72616967773438	162,011993408203
1,34470616467297	1,72554187011719	162,111999511719
1,34552002418786	1,72523059082031	162,212005615234
1,34633388370276	1,72470068359375	162,311996459961
1,34714762680233	1,72426672363281	162,412002563477
1,34801235981286	1,72383752441406	162,511993408203
1,34882610291243	1,72328857421875	162,611999511719
1,349639846012	1,72284069824219	162,712005615234
1,3505044626072	1,72239221191406	162,811996459961
1,3513183221221	1,72185180664063	162,912002563477
1,35218293871731	1,72148461914063	163,011993408203
1,35304767172784	1,7209609375	163,111999511719
1,35391240473837	1,7205068359375	163,212005615234
1,35477702133358	1,72013269042969	163,311996459961
1,35559076443315	1,71961865234375	163,412002563477
1,35645549744368	1,71914477539063	163,511993408203
1,35732023045421	1,71879870605469	163,611999511719
1,35813385713845	1,71837548828125	163,712005615234
1,35899870656431	1,71759680175781	163,811996459961
1,35981233324856	1,71717749023438	163,912002563477
1,36067706625909	1,71666174316406	164,011993408203
1,36149080935866	1,7161005859375	164,111999511719
1,36235554236919	1,71571838378906	164,212005615234
1,36316928546876	1,7150478515625	164,311996459961
1,36403401847929	1,7143720703125	164,412002563477
1,36484776157886	1,71394262695313	164,511993408203
1,36566162109375	1,71332580566406	164,611999511719
1,36647548060864	1,71279321289063	164,712005615234
1,36728922370821	1,71222058105469	164,811996459961
1,36815395671874	1,71153076171875	164,912002563477
1,36896769981831	1,71103698730469	165,011993408203
1,36978144291788	1,71049951171875	165,111999511719
1,37064617592841	1,7098671875	165,212005615234
1,37145991902798	1,70929565429688	165,311996459961
1,37227377854288	1,70874230957031	165,412002563477
1,37313839513808	1,70807360839844	165,511993408203
1,37395225465298	1,70738171386719	165,611999511719
1,37481687124819	1,70677978515625	165,712005615234
1,37563073076308	1,70617199707031	165,811996459961
1,37649534735829	1,70561328125	165,912002563477
1,37730920687318	1,70487463378906	166,011993408203
1,37817382346839	1,70438793945313	166,111999511719
1,37898768298328	1,70382727050781	166,212005615234
1,37985229957849	1,70316357421875	166,311996459961
1,38066615909338	1,70243786621094	166,412002563477
1,38153077568859	1,70173022460938	166,511993408203
1,38234463520348	1,70090258789063	166,611999511719
1,38315837830305	1,70019458007813	166,712005615234
1,38397212140262	1,69941796875	166,811996459961
1,38478598091751	1,69877368164063	166,912002563477
1,38559972401708	1,69783251953125	167,011993408203
1,38641358353198	1,69709716796875	167,111999511719
1,38722744304687	1,69623937988281	167,212005615234
1,38804118614644	1,69538684082031	167,311996459961
1,38885492924601	1,69453942871094	167,412002563477
1,3896687887609	1,69374145507813	167,511993408203
1,39048253186047	1,6928037109375	167,611999511719
1,391347264871	1,69191650390625	167,712005615234
1,39216100797057	1,69090148925781	167,811996459961
1,39297486748546	1,68989233398438	167,912002563477
1,39383948408067	1,68900732421875	168,011993408203
1,39465334359556	1,68802600097656	168,111999511719
1,39546720311046	1,68713208007813	168,212005615234
1,39633181970567	1,685900390625	168,311996459961
1,39714567922056	1,68469458007813	168,412002563477
1,39801029581577	1,68349096679688	168,511993408203
1,39887491241097	1,68240979003906	168,611999511719
1,39968877192587	1,68084228515625	168,712005615234
1,40055338852108	1,67955126953125	168,811996459961
1,40141812153161	1,67809130859375	168,912002563477
1,40228273812681	1,67643286132813	169,011993408203
1,40314735472202	1,67479895019531	169,111999511719
1,40401208773255	1,67301293945313	169,212005615234
1,40487670432776	1,67110546875	169,311996459961
1,40569056384265	1,66922827148438	169,412002563477
1,40655518043786	1,66688793945313	169,511993408203
1,40736903995276	1,66466577148438	169,611999511719
1,40818278305233	1,66233251953125	169,712005615234
1,4089965261519	1,65960180664063	169,811996459961
1,40986125916243	1,65667419433594	169,912002563477
1,410675002262	1,65065954589844	170,011993408203
1,41148886177689	1,64034838867188	170,111999511719
1,41230260487646	1,62527758789063	170,212005615234
1,41316733788699	1,5832177734375	170,311996459961
1,41515105497092	1,26839379882813	170,412002563477
1,41606654506177	-0,104653709411621	170,42399597168
