File Path: D:\Ensayos Víctor\Fase III\Virgen\horizontal\Test Run 11 16-05-2019 12 41 19\DAQ- Crosshead; … - (Timed).txt   
Test: ENSAYOS TRACCION PLA 3
Test Run: Test Run 11
Date: 16/05/2019 12:37:55


Crosshead 	Load 	Time 
mm	kN	sec
0,000203450511548908	0,0589254951477051	0,111000001430511
0,000406901023097817	0,0589794464111328	0,210999995470047
0,00086466474158442	0,0591888389587402	0,310999989509583
0,0013224283748059	0,0592206954956055	0,41100001335144
0,00193277992366347	0,0591771125793457	0,510999977588654
0,00233968080465274	0,0593790016174316	0,611000001430511
0,00279744449471764	0,059422004699707	0,711000025272369
0,00320434560308058	0,0595972290039063	0,810999989509583
0,00366210929314548	0,0595435562133789	0,91100001335144
0,004170735792286	0,0600694274902344	1,0110000371933
0,00478108722745674	0,0604793472290039	1,11099994182587
0,00549316428077873	0,0612752342224121	1,21099996566772
0,00625610346105532	0,0613795280456543	1,31099998950958
0,00706990567778121	0,0616186943054199	1,41100001335144
0,00788370834925445	0,061809741973877	1,5110000371933
0,00874837223818759	0,0619070320129395	1,61099994182587
0,00956217445491347	0,0622486991882324	1,71099996566772
0,0103759766716394	0,0623999824523926	1,81099998950958
0,0112406414700672	0,0626577186584473	1,91100001335144
0,0120544436867931	0,0627387313842773	2,01099991798401
0,0129191084852209	0,0628495254516602	2,11100006103516
0,0137329097924521	0,0629595718383789	2,21099996566772
0,0145975755003747	0,0630875663757324	2,31100010871887
0,0154113768076058	0,0633808174133301	2,41100001335144
0,016276040696539	0,0633911972045898	2,51099991798401
0,0170898438227596	0,0640057601928711	2,61100006103516
0,0179545077116927	0,0643464126586914	2,71099996566772
0,0188191734196153	0,0644324188232422	2,81100010871887
0,0196329747268464	0,064828857421875	2,91100001335144
0,020497640434769	0,0652626800537109	3,01099991798401
0,0213114417420002	0,0654926300048828	3,11100006103516
0,0221761074499227	0,065694694519043	3,21099996566772
0,0229899087571539	0,0660309600830078	3,31100010871887
0,0238545744650764	0,0663002548217773	3,41100001335144
0,0246683757723076	0,0668831634521484	3,51099991798401
0,0254821770795388	0,0670358581542969	3,61100006103516
0,0262959802057594	0,0672160568237305	3,71099996566772
0,0271606440946925	0,0675444107055664	3,81100010871887
0,0279744472209131	0,0678275299072266	3,91100001335144
0,0287882485281443	0,0679738311767578	4,01100015640259
0,0296020516543649	0,0684374542236328	4,11100006103516
0,0304158529615961	0,0685573120117188	4,21099996566772
0,0312296542688273	0,0691080474853516	4,31099987030029
0,0320434555760585	0,0687174301147461	4,41099977493286
0,0329081231029704	0,0690545501708984	4,51100015640259
0,0337219244102016	0,0689488906860352	4,61100006103516
0,0345357257174328	0,0693533630371094	4,71099996566772
0,0354003896063659	0,0698646392822266	4,81099987030029
0,0362141909135971	0,070313232421875	4,91099977493286
0,0370788584405091	0,070327766418457	5,01100015640259
0,0378926597477403	0,070185302734375	5,11100006103516
0,0387573236366734	0,0702088317871094	5,21099996566772
0,0395711249439046	0,0707428131103516	5,31099987030029
0,0404357924708165	0,070523323059082	5,41099977493286
0,0412495901400689	0,0711136093139648	5,51100015640259
0,0421142576669808	0,0708485641479492	5,61100006103516
0,0429789251938928	0,0712319869995117	5,71099996566772
0,0437927228631452	0,0710174942016602	5,81099987030029
0,0446573903900571	0,071568489074707	5,91099977493286
0,0455220542789903	0,0717808380126953	6,01100015640259
0,0463867181679234	0,0723107070922852	6,11100006103516
0,0472513856948353	0,0722877731323242	6,21099996566772
0,0480651870020665	0,0730055541992188	6,31099987030029
0,0489298508909997	0,0731363143920898	6,41099977493286
0,0497436521982308	0,0736269912719727	6,51100015640259
0,0506083197251428	0,0745920562744141	6,61100006103516
0,0514221173943952	0,0755662384033203	6,71099996566772
0,0522359187016264	0,0755700912475586	6,81099987030029
0,0531005862285383	0,0764754486083984	6,91099977493286
0,0539143875357695	0,0775718688964844	7,01100015640259
0,0547281924809795	0,0782659378051758	7,11100006103516
0,0555928527319338	0,0784157028198242	7,21099996566772
0,0564066576771438	0,0795485916137695	7,31099987030029
0,057220458984375	0,080083740234375	7,41099977493286
0,0580851265112869	0,0812225341796875	7,51100015640259
0,0588989241805393	0,0815654067993164	7,61100006103516
0,0597635917074513	0,0824378509521484	7,71099996566772
0,0605773930146825	0,0828450546264648	7,81099987030029
0,0614420569036156	0,0841460113525391	7,91099977493286
0,0622558582108468	0,0841196899414063	8,01099967956543
0,0630696667940356	0,0853146209716797	8,11100006103516
0,0639343270449899	0,085296760559082	8,21100044250488
0,0647989872959442	0,087145133972168	8,31099987030029
0,065612795879133	0,0878252105712891	8,41100025177002
0,0664774561300874	0,0891680297851563	8,51099967956543
0,0672912574373186	0,0903728790283203	8,61100006103516
0,0681559249642305	0,0917859954833984	8,71100044250488
0,0689697262714617	0,0928323745727539	8,81099987030029
0,0697835275786929	0,0946637649536133	8,91100025177002
0,0706481951056048	0,096042724609375	9,01099967956543
0,071461996412836	0,0974504928588867	9,11100006103516
0,0722757977200672	0,0985404510498047	9,21100044250488
0,0730895990272984	0,100115509033203	9,31099987030029
0,0739034076104872	0,10133472442627	9,41100025177002
0,0747680678614415	0,102380874633789	9,51099967956543
0,0755818691686727	0,103838470458984	9,61100006103516
0,0763956704759039	0,105092338562012	9,71100044250488
0,0772094717831351	0,106495765686035	9,81099987030029
0,0780232803663239	0,107955024719238	9,91100025177002
0,0788879406172782	0,108971649169922	10,0109996795654
0,0797017419245094	0,110227020263672	10,1110000610352
0,0805155432317406	0,111746032714844	10,2110004425049
0,0813802107586525	0,112908813476563	10,3109998703003
0,0821940047899261	0,11407982635498	10,41100025177
0,0830586795927957	0,115486831665039	10,5109996795654
0,0838724736240692	0,116303703308105	10,6110000610352
0,084686282207258	0,117263526916504	10,7110004425049
0,0855509424582124	0,117847328186035	10,8109998703003
0,0864156099851243	0,118920913696289	10,91100025177
0,0872294112923555	0,119054153442383	11,0109996795654
0,0880940788192675	0,120089332580566	11,1110000610352
0,088907872850541	0,121004219055176	11,2110004425049
0,0897725476534106	0,12190412902832	11,3109998703003
0,0905863416846842	0,123360305786133	11,41100025177
0,0914510092115961	0,124488319396973	11,5109996795654
0,092315676738508	0,125900520324707	11,6110000610352
0,0931294780457392	0,126928939819336	11,7110004425049
0,0939941382966936	0,128033813476563	11,8109998703003
0,0948079468798824	0,129089752197266	11,91100025177
0,0956726071308367	0,130532211303711	12,0109996795654
0,0964864084380679	0,131531936645508	12,1110000610352
0,0973002097452991	0,132777938842773	12,2110004425049
0,098164877272211	0,133299499511719	12,3109998703003
0,0989786785794422	0,134597564697266	12,41100025177
0,0997924798866734	0,135448440551758	12,5109996795654
0,100606288469862	0,136779037475586	12,6110000610352
0,101420082501136	0,137890594482422	12,7110004425049
0,102284750028048	0,139426635742188	12,8109998703003
0,103098551335279	0,140862884521484	12,91100025177
0,10391235264251	0,141595962524414	13,0109996795654
0,104777012893464	0,141772689819336	13,1110000610352
0,105590821476653	0,142670486450195	13,2110004425049
0,106404622783884	0,142431137084961	13,3109998703003
0,107269290310796	0,143891296386719	13,41100025177
0,108083091618028	0,144933700561523	13,5109996795654
0,108947751868982	0,146566879272461	13,6110000610352
0,109761560452171	0,148167388916016	13,7110004425049
0,110626220703125	0,149386047363281	13,8109998703003
0,111490880954079	0,150684158325195	13,91100025177
0,112304689537268	0,152025650024414	14,0109996795654
0,113169349788222	0,153154815673828	14,1110000610352
0,114034017315134	0,154462036132813	14,2110004425049
0,114847818622366	0,155839324951172	14,3109998703003
0,115712486149278	0,156723022460938	14,41100025177
0,116526280180551	0,158239517211914	14,5109996795654
0,11734008876374	0,158602127075195	14,6110000610352
0,118153890070971	0,159751358032227	14,7110004425049
0,118967691378202	0,160370452880859	14,8109998703003
0,119781492685433	0,161682846069336	14,91100025177
0,120595301268622	0,163083465576172	15,0109996795654
0,121409095299896	0,164427825927734	15,1110000610352
0,122222903883085	0,165768707275391	15,2110004425049
0,123036705190316	0,167038681030273	15,3109998703003
0,123850506497547	0,168969451904297	15,41100025177
0,124664307804778	0,170643600463867	15,5109996795654
0,125478109112009	0,172228088378906	15,6110000610352
0,126291910419241	0,173975006103516	15,7110004425049
0,127156570670195	0,175950042724609	15,8109998703003
0,127970386529341	0,177586303710938	15,91100025177
0,128784173284657	0,179158615112305	16,0109996795654
0,129648848087527	0,180757232666016	16,1110000610352
0,130462649394758	0,182730438232422	16,2110004425049
0,131327309645712	0,184627578735352	16,3110008239746
0,132141110952944	0,186227325439453	16,4109992980957
0,132954912260175	0,18759162902832	16,5109996795654
0,133819587063044	0,189456771850586	16,6110000610352
0,134684247313999	0,191286209106445	16,7110004425049
0,13549804862123	0,193171234130859	16,8110008239746
0,136362723424099	0,19501496887207	16,9109992980957
0,137227369123138	0,196833908081055	17,0109996795654
0,138041184982285	0,198464050292969	17,1110000610352
0,138905845233239	0,199900756835938	17,2110004425049
0,139770505484194	0,201703094482422	17,3110008239746
0,140584306791425	0,203393478393555	17,4109992980957
0,141448981594294	0,205007781982422	17,5109996795654
0,14226276834961	0,206941543579102	17,6110000610352
0,143076584208757	0,20856755065918	17,7110004425049
0,143941244459711	0,210453704833984	17,8110008239746
0,144755045766942	0,211868408203125	17,9109992980957
0,145568847074173	0,213649185180664	18,0109996795654
0,146382648381405	0,215637390136719	18,1110000610352
0,147247308632359	0,217092224121094	18,2110004425049
0,14806110993959	0,218748794555664	18,3110008239746
0,148874925798737	0,220385147094727	18,4109992980957
0,149739571497776	0,222166076660156	18,5109996795654
0,150553387356922	0,223953720092773	18,6110000610352
0,151418047607876	0,22535920715332	18,7110004425049
0,152231863467023	0,227153594970703	18,8110008239746
0,153096509166062	0,229035079956055	18,9109992980957
0,153910325025208	0,230901336669922	19,0109996795654
0,154774985276163	0,232631393432617	19,1110000610352
0,155588786583394	0,234250015258789	19,2110004425049
0,156453446834348	0,235822265625	19,3110008239746
0,157267262693495	0,237291397094727	19,4109992980957
0,158131908392534	0,238951965332031	19,5109996795654
0,15894572425168	0,240747955322266	19,6110000610352
0,159810384502634	0,242248733520508	19,7110004425049
0,160624185809866	0,244070831298828	19,8110008239746
0,16148884606082	0,245714569091797	19,9109992980957
0,162302661919966	0,24733415222168	20,0109996795654
0,163116448675282	0,249347991943359	20,1110000610352
0,163930249982513	0,250877166748047	20,2110004425049
0,164794924785383	0,252628799438477	20,3110008239746
0,165608726092614	0,25458203125	20,4109992980957
0,166422527399845	0,256248016357422	20,5109996795654
0,167236328707077	0,257588897705078	20,6110000610352
0,168050130014308	0,259574371337891	20,7110004425049
0,168863931321539	0,261199523925781	20,8110008239746
0,16967773262877	0,263116668701172	20,9109992980957
0,17054240743164	0,264777740478516	21,0109996795654
0,171356194186956	0,266267333984375	21,1110000610352
0,172169995494187	0,268011322021484	21,2110004425049
0,172983811353333	0,269765838623047	21,3110008239746
0,173848471604288	0,271091156005859	21,4109992980957
0,174662272911519	0,272713623046875	21,5109996795654
0,17547607421875	0,274522216796875	21,6110000610352
0,17634074902162	0,276190063476563	21,7110004425049
0,177154535776936	0,277634307861328	21,8110008239746
0,178019210579805	0,279346588134766	21,9109992980957
0,178833011887036	0,281182312011719	22,0109996795654
0,179646798642352	0,282889190673828	22,1110000610352
0,180511473445222	0,284537261962891	22,2110004425049
0,181376148248091	0,286473541259766	22,3110008239746
0,182189935003407	0,288046020507813	22,4109992980957
0,183054609806277	0,290282806396484	22,5109996795654
0,183919270057231	0,291818786621094	22,6110000610352
0,184783930308186	0,293697174072266	22,7110004425049
0,185597731615417	0,295426452636719	22,8110008239746
0,186462406418286	0,297258270263672	22,9109992980957
0,187327066669241	0,299020690917969	23,0109996795654
0,188140867976472	0,300954925537109	23,1110000610352
0,188954669283703	0,302679504394531	23,2110004425049
0,189768485142849	0,304308319091797	23,3110008239746
0,190633130841888	0,305891998291016	23,4109992980957
0,191446946701035	0,307707580566406	23,5109996795654
0,192260748008266	0,3095029296875	23,6110000610352
0,193074534763582	0,311051635742188	23,7110004425049
0,193888350622728	0,312981414794922	23,8110008239746
0,194753010873683	0,314815765380859	23,9109992980957
0,195566812180914	0,316570434570313	24,0109996795654
0,196380613488145	0,318103363037109	24,1110000610352
0,197194414795376	0,319878601074219	24,2110004425049
0,198059075046331	0,321750030517578	24,3110008239746
0,198872876353562	0,323410400390625	24,4109992980957
0,199686692212708	0,325244293212891	24,5109996795654
0,200551352463663	0,327058776855469	24,6110000610352
0,201365153770894	0,32885791015625	24,7110004425049
0,202229814021848	0,330614929199219	24,8110008239746
0,203043629880995	0,332167785644531	24,9109992980957
0,203908275580034	0,334224060058594	25,0109996795654
0,20472209143918	0,336114288330078	25,1110000610352
0,205586751690134	0,337863006591797	25,2110004425049
0,206451411941089	0,339543029785156	25,3110008239746
0,20726521324832	0,341211395263672	25,4109992980957
0,208129888051189	0,342963684082031	25,5109996795654
0,208943674806505	0,344838195800781	25,6110000610352
0,209808349609375	0,346577423095703	25,7110004425049
0,210622150916606	0,348461639404297	25,8110008239746
0,211435952223837	0,350381256103516	25,9109992980957
0,212249753531069	0,351930389404297	26,0109996795654
0,2130635548383	0,353723236083984	26,1110000610352
0,213877370697446	0,35551220703125	26,2110004425049
0,214691157452762	0,357249664306641	26,3110008239746
0,215504958759993	0,358702972412109	26,4109992980957
0,21631877461914	0,3605888671875	26,5109996795654
0,217183420318179	0,362234954833984	26,6110000610352
0,217997236177325	0,36386572265625	26,7110004425049
0,218811037484556	0,365638946533203	26,8110008239746
0,219624838791788	0,367351165771484	26,9109992980957
0,220438640099019	0,36914306640625	27,0109996795654
0,221303300349973	0,370779937744141	27,1110000610352
0,22211711620912	0,372613586425781	27,2110004425049
0,222930902964436	0,374260986328125	27,3110008239746
0,223795577767305	0,376191467285156	27,4109992980957
0,224609379074536	0,377900848388672	27,5109996795654
0,225474039325491	0,379422698974609	27,6110000610352
0,226287840632722	0,381169158935547	27,7110004425049
0,227101641939953	0,383003814697266	27,8110008239746
0,227966302190907	0,384860992431641	27,9109992980957
0,228830976993777	0,386549499511719	28,0109996795654
0,229644778301008	0,388335174560547	28,1110000610352
0,230509438551962	0,390690155029297	28,2110004425049
0,231323239859194	0,391951782226563	28,3110008239746
0,232187914662063	0,393699157714844	28,4109992980957
0,233001715969294	0,395527770996094	28,5109996795654
0,233866376220249	0,39747802734375	28,6110000610352
0,23468017752748	0,399341278076172	28,7110004425049
0,235544852330349	0,400884368896484	28,8110008239746
0,236358639085665	0,403000946044922	28,9109992980957
0,237172440392897	0,404373474121094	29,0109996795654
0,237986256252043	0,406092254638672	29,1110000610352
0,238800043007359	0,407856842041016	29,2110004425049
0,23961384431459	0,409744079589844	29,3110008239746
0,24047851911746	0,411438537597656	29,4109992980957
0,241292305872776	0,413177917480469	29,5109996795654
0,242106121731922	0,415456604003906	29,6110000610352
0,242919923039153	0,416722106933594	29,7110004425049
0,243784597842023	0,418740570068359	29,8110008239746
0,244598399149254	0,420378936767578	29,9109992980957
0,245463044848293	0,421987731933594	30,0109996795654
0,246276846155524	0,424277557373047	30,1110000610352
0,247141520958394	0,426047058105469	30,2110004425049
0,247955322265625	0,428123229980469	30,3110008239746
0,248819997068495	0,429342590332031	30,4109992980957
0,249633798375726	0,431532257080078	30,5109996795654
0,250498444074765	0,433325927734375	30,6110000610352
0,251312245381996	0,434736968994141	30,7110004425049
0,252176920184866	0,436937194824219	30,8110008239746
0,252990721492097	0,438690551757813	30,9109992980957
0,253855367191136	0,440388610839844	31,0109996795654
0,254720071097836	0,441973358154297	31,1110000610352
0,255533843301237	0,443813232421875	31,2110004425049
0,256347644608468	0,445586730957031	31,3110008239746
0,257161475019529	0,447343353271484	31,4109992980957
0,25797524722293	0,449074340820313	31,5109996795654
0,258789048530161	0,450960235595703	31,6110000610352
0,259653723333031	0,452618713378906	31,7110004425049
0,260467524640262	0,45416064453125	31,8110008239746
0,261281355051324	0,456110778808594	31,9109992980957
0,262095127254725	0,457565185546875	32,0110015869141
0,262908928561956	0,459677581787109	32,1110000610352
0,263722758973017	0,461243041992188	32,2109985351563
0,264536531176418	0,462962188720703	32,3110008239746
0,265401205979288	0,464831726074219	32,4109992980957
0,266215007286519	0,466608428955078	32,5110015869141
0,26702880859375	0,468237243652344	32,6110000610352
0,267842609900981	0,470712554931641	32,7109985351563
0,268707284703851	0,471965545654297	32,8110008239746
0,269521086011082	0,473805358886719	32,9109992980957
0,270385731710121	0,475426025390625	33,0110015869141
0,271199562121183	0,477445404052734	33,1110000610352
0,272064207820222	0,478919403076172	33,2109985351563
0,272878009127453	0,480868865966797	33,3110008239746
0,273742683930323	0,482365478515625	33,4109992980957
0,274556485237554	0,484505828857422	33,5110015869141
0,275421130936593	0,486002044677734	33,6110000610352
0,276285805739462	0,487680847167969	33,7109985351563
0,277150480542332	0,489805816650391	33,8110008239746
0,277964252745733	0,491514495849609	33,9109992980957
0,278828956652433	0,493256530761719	34,0110015869141
0,279642728855833	0,494966400146484	34,1110000610352
0,280456530163065	0,496772705078125	34,2109985351563
0,281321204965934	0,498920379638672	34,3110008239746
0,282135006273165	0,500645355224609	34,4109992980957
0,282948807580397	0,502057434082031	34,5110015869141
0,283762608887628	0,503821044921875	34,6110000610352
0,284576410194859	0,505378021240234	34,7109985351563
0,285390240605921	0,506988494873047	34,8110008239746
0,28625488630496	0,509466705322266	34,9109992980957
0,287068687612191	0,510715759277344	35,0110015869141
0,287882488919422	0,512634521484375	35,1110000610352
0,288696290226653	0,514541748046875	35,2109985351563
0,289560935925692	0,515874267578125	35,3110008239746
0,290374766336754	0,517727600097656	35,4109992980957
0,291188567643985	0,519386108398438	35,5110015869141
0,292053213343024	0,521152526855469	35,6110000610352
0,292917888145894	0,522940979003906	35,7109985351563
0,293731689453125	0,524807495117188	35,8110008239746
0,294545490760356	0,526583740234375	35,9109992980957
0,295410165563226	0,528224243164063	36,0110015869141
0,296223966870457	0,530178405761719	36,1110000610352
0,297088612569496	0,53179833984375	36,2109985351563
0,297953287372366	0,533559020996094	36,3110008239746
0,298767088679597	0,535482604980469	36,4109992980957
0,299631734378636	0,537183410644531	36,5110015869141
0,300445564789698	0,538909484863281	36,6110000610352
0,301310210488737	0,540722045898438	36,7109985351563
0,302124011795968	0,542233459472656	36,8110008239746
0,302937842207029	0,54403955078125	36,9109992980957
0,30375161441043	0,545659606933594	37,0110015869141
0,304565415717661	0,547674072265625	37,1110000610352
0,305379246128723	0,549114379882813	37,2109985351563
0,306193018332124	0,550949401855469	37,3110008239746
0,307006848743185	0,552756652832031	37,4109992980957
0,307820650050417	0,55440625	37,5110015869141
0,308634422253817	0,555969665527344	37,6110000610352
0,309448252664879	0,55777294921875	37,7109985351563
0,310312898363918	0,559229919433594	37,8110008239746
0,311126699671149	0,561287536621094	37,9109992980957
0,311940530082211	0,562991943359375	38,0110015869141
0,312754302285612	0,564919921875	38,1110000610352
0,313568103592843	0,566541381835938	38,2109985351563
0,314432778395712	0,5681728515625	38,3110008239746
0,315246579702944	0,569854064941406	38,4109992980957
0,316060381010175	0,571520080566406	38,5110015869141
0,316925055813044	0,573561462402344	38,6110000610352
0,317738857120276	0,575079895019531	38,7109985351563
0,318603502819315	0,576915405273438	38,8110008239746
0,319417333230376	0,578834899902344	38,9109992980957
0,320281978929415	0,580685485839844	39,0110015869141
0,321146624628454	0,582131408691406	39,1110000610352
0,321960455039516	0,583936645507813	39,2109985351563
0,322825100738555	0,586007629394531	39,3110008239746
0,323689775541425	0,587586181640625	39,4109992980957
0,324503576848656	0,589490661621094	39,5110015869141
0,325368251651526	0,59109765625	39,6110000610352
0,326182023854926	0,593037841796875	39,7109985351563
0,327046727761626	0,594573913574219	39,8110008239746
0,327860499965027	0,596309814453125	39,9109992980957
0,328674330376089	0,598059448242188	40,0110015869141
0,32948813168332	0,59965869140625	40,1110000610352
0,330301903886721	0,601448486328125	40,2109985351563
0,331166607793421	0,603145202636719	40,3110008239746
0,331980379996821	0,605128173828125	40,4109992980957
0,332794181304052	0,606760986328125	40,5110015869141
0,333658856106922	0,608516418457031	40,6110000610352
0,334472657414153	0,610293029785156	40,7109985351563
0,335337303113192	0,611867248535156	40,8110008239746
0,336151133524254	0,613610900878906	40,9109992980957
0,336964934831485	0,615191040039063	41,0110015869141
0,337829580530524	0,617012329101563	41,1110000610352
0,338643410941586	0,61875	41,2109985351563
0,339508056640625	0,620516845703125	41,3110008239746
0,340321857947856	0,622442138671875	41,4109992980957
0,341135659255087	0,623963317871094	41,5110015869141
0,342000334057957	0,625842468261719	41,6110000610352
0,342814106261358	0,627341552734375	41,7109985351563
0,343678810168058	0,6293017578125	41,8110008239746
0,344492582371458	0,631473876953125	41,9109992980957
0,34530638367869	0,632664855957031	42,0110015869141
0,346171058481559	0,635224487304688	42,1110000610352
0,34698485978879	0,636232971191406	42,2109985351563
0,347849505487829	0,637966979980469	42,3110008239746
0,348663335898891	0,639724609375	42,4109992980957
0,349477137206122	0,641405395507813	42,5110015869141
0,350290938513353	0,643167297363281	42,6110000610352
0,351104739820585	0,645013000488281	42,7109985351563
0,351969385519624	0,646535888671875	42,8110008239746
0,352783215930685	0,648292358398438	42,9109992980957
0,353597017237917	0,649997802734375	43,0110015869141
0,354410789441317	0,651618469238281	43,1110000610352
0,355224619852379	0,653524658203125	43,2109985351563
0,35603842115961	0,655317260742188	43,3110008239746
0,356852193363011	0,6569990234375	43,4109992980957
0,357666023774073	0,658600830078125	43,5110015869141
0,358479825081304	0,660015441894531	43,6110000610352
0,359293597284704	0,661858459472656	43,7109985351563
0,360158301191404	0,664361572265625	43,8110008239746
0,360972073394805	0,665779418945313	43,9109992980957
0,361785874702036	0,667350708007813	44,0110015869141
0,362650549504906	0,669126647949219	44,1110000610352
0,363464350812137	0,6710341796875	44,2109985351563
0,364328996511176	0,673030517578125	44,3110008239746
0,365142826922238	0,674505737304688	44,4109992980957
0,366007472621277	0,676046203613281	44,5110015869141
0,366872147424147	0,677830078125	44,6110000610352
0,367736822227016	0,679631408691406	44,7109985351563
0,368601467926055	0,681430786132813	44,8110008239746
0,369415269233286	0,683256958007813	44,9109992980957
0,370279944036156	0,685056030273438	45,0110015869141
0,371144618839026	0,686965881347656	45,1110000610352
0,372009264538065	0,688578063964844	45,2109985351563
0,372873939340934	0,690345581054688	45,3110008239746
0,373687740648165	0,692162414550781	45,4109992980957
0,374501541955397	0,693800720214844	45,5110015869141
0,375366216758266	0,695465209960938	45,6110000610352
0,376180018065497	0,697135559082031	45,7109985351563
0,376993819372728	0,698880859375	45,8110008239746
0,37780762067996	0,700850524902344	45,9109992980957
0,378621421987191	0,70226513671875	46,0110015869141
0,379435223294422	0,703921752929688	46,1110000610352
0,380299898097292	0,705606567382813	46,2109985351563
0,381113670300692	0,707374389648438	46,3110008239746
0,381927500711754	0,708743103027344	46,4109992980957
0,382741302018985	0,710771362304688	46,5110015869141
0,383605947718024	0,712508666992188	46,6110000610352
0,384419778129086	0,714050170898438	46,7109985351563
0,385233550332487	0,715999389648438	46,8110008239746
0,386047351639718	0,717579528808594	46,9109992980957
0,386912026442587	0,71948779296875	47,0110015869141
0,387725827749819	0,721090087890625	47,1110000610352
0,388590473448858	0,722550842285156	47,2109985351563
0,389404303859919	0,724665771484375	47,3110008239746
0,390218105167151	0,726148742675781	47,4109992980957
0,39108275086619	0,727954528808594	47,5110015869141
0,391896581277251	0,729660217285156	47,6110000610352
0,39276122697629	0,73158837890625	47,7109985351563
0,393575028283522	0,732957702636719	47,8110008239746
0,394388829590753	0,734863098144531	47,9109992980957
0,395253504393622	0,736664184570313	48,0110015869141
0,396067305700853	0,738281005859375	48,1110000610352
0,396881107008085	0,739771545410156	48,2109985351563
0,397694908315316	0,741622375488281	48,3110008239746
0,398508709622547	0,743217712402344	48,4109992980957
0,399322510929778	0,744788757324219	48,5110015869141
0,400136312237009	0,74641748046875	48,6110000610352
0,400950113544241	0,748341735839844	48,7109985351563
0,401763914851472	0,749830444335938	48,8110008239746
0,402577716158703	0,751375610351563	48,9109992980957
0,403391517465934	0,753409973144531	49,0110015869141
0,404205318773165	0,754938354492188	49,1110000610352
0,405069964472204	0,756601745605469	49,2109985351563
0,405883794883266	0,758437255859375	49,3110008239746
0,406697596190497	0,760166748046875	49,4109992980957
0,407511397497728	0,762340576171875	49,5110015869141
0,408376072300598	0,763371337890625	49,6110000610352
0,409189844503999	0,765037170410156	49,7109985351563
0,410054548410699	0,766877380371094	49,8110008239746
0,4108683206141	0,768848510742188	49,9109992980957
0,411732995416969	0,770438903808594	50,0110015869141
0,4125467967242	0,772245483398438	50,1110000610352
0,41341147152707	0,773814086914063	50,2109985351563
0,414276117226109	0,775682800292969	50,3110008239746
0,415089947637171	0,777275451660156	50,4109992980957
0,41595459333621	0,779158325195313	50,5110015869141
0,416819239035249	0,781161193847656	50,6110000610352
0,417683942941949	0,782543518066406	50,7109985351563
0,41849771514535	0,784228942871094	50,8110008239746
0,419311516452581	0,785995910644531	50,9109992980957
0,42017619125545	0,787607299804688	51,0110015869141
0,420989992562681	0,789546203613281	51,1110000610352
0,421803793869913	0,79154541015625	51,2109985351563
0,422617595177144	0,792834045410156	51,3110008239746
0,423482269980013	0,794664306640625	51,4109992980957
0,424296042183414	0,79633642578125	51,5110015869141
0,425109872594476	0,797763427734375	51,6110000610352
0,425923673901707	0,799937133789063	51,7109985351563
0,426737446105108	0,800964294433594	51,8110008239746
0,427551276516169	0,8028232421875	51,9109992980957
0,428415922215208	0,804965270996094	52,0110015869141
0,42922972352244	0,806169250488281	52,1110000610352
0,430043553933501	0,807620544433594	52,2109985351563
0,43090819963254	0,809439392089844	52,3110008239746
0,431722000939772	0,811132080078125	52,4109992980957
0,432586675742641	0,812984436035156	52,5110015869141
0,433400477049872	0,814519653320313	52,6110000610352
0,434214278357103	0,816318237304688	52,7109985351563
0,435078953159973	0,817976257324219	52,8110008239746
0,435892725363374	0,819693481445313	52,9109992980957
0,436757429270074	0,821417785644531	53,0110015869141
0,437622074969113	0,8231357421875	53,1110000610352
0,438435876276344	0,824944885253906	53,2109985351563
0,439249677583575	0,826375915527344	53,3110008239746
0,440114352386445	0,828198486328125	53,4109992980957
0,440928124589846	0,829987731933594	53,5110015869141
0,441741955000907	0,831615905761719	53,6110000610352
0,442606600699946	0,833231628417969	53,7109985351563
0,443420402007177	0,835033142089844	53,8110008239746
0,444234232418239	0,836463684082031	53,9109992980957
0,44504800462164	0,838202941894531	54,0110015869141
0,445861805928871	0,839875915527344	54,1110000610352
0,446675636339933	0,841465576171875	54,2109985351563
0,447489408543333	0,843239196777344	54,3110008239746
0,448303209850565	0,844939147949219	54,4109992980957
0,449117040261626	0,846415405273438	54,5110015869141
0,449930812465027	0,848128295898438	54,6110000610352
0,450744642876089	0,849706726074219	54,7109985351563
0,451609288575128	0,851331665039063	54,8110008239746
0,452423089882359	0,853096069335938	54,9109992980957
0,453236920293421	0,85470263671875	55,0110015869141
0,454050692496821	0,856380004882813	55,1110000610352
0,454915367299691	0,858210205078125	55,2109985351563
0,45578004210256	0,859934387207031	55,3110008239746
0,456593843409792	0,861577331542969	55,4109992980957
0,457458489108831	0,863135681152344	55,5110015869141
0,4583231639117	0,865007263183594	55,6110000610352
0,459136965218931	0,866596984863281	55,7109985351563
0,460001610917971	0,868417541503906	55,8110008239746
0,460815441329032	0,869857421875	55,9109992980957
0,461680087028071	0,871636474609375	56,0110015869141
0,462544761830941	0,873489135742188	56,1110000610352
0,463358563138172	0,875158752441406	56,2109985351563
0,464223237941042	0,877204406738281	56,3110008239746
0,465037010144442	0,878739379882813	56,4109992980957
0,465901714051142	0,880404907226563	56,5110015869141
0,466715486254543	0,881812255859375	56,6110000610352
0,467529287561774	0,883512939453125	56,7109985351563
0,468343117972836	0,885240356445313	56,8110008239746
0,469156890176237	0,886986267089844	56,9109992980957
0,469970691483468	0,888799865722656	57,0110015869141
0,470835366286337	0,890088562011719	57,1110000610352
0,471649167593569	0,892000915527344	57,2109985351563
0,4724629689008	0,893350036621094	57,3110008239746
0,473276770208031	0,895238220214844	57,4109992980957
0,474090571515262	0,896838928222656	57,5110015869141
0,474904401926324	0,898375610351563	57,6110000610352
0,475718174129725	0,900078552246094	57,7109985351563
0,476582848932594	0,901809020996094	57,8110008239746
0,477396650239825	0,903420532226563	57,9109992980957
0,478210451547056	0,905197204589844	58,0110015869141
0,479075097246096	0,90657666015625	58,1110000610352
0,479888927657157	0,908402038574219	58,2109985351563
0,480753573356196	0,910114074707031	58,3110008239746
0,481567374663427	0,911887512207031	58,4109992980957
0,482432049466297	0,913713623046875	58,5110015869141
0,483296724269167	0,915375915527344	58,6110000610352
0,484110496472567	0,916917419433594	58,7109985351563
0,484975200379267	0,918642883300781	58,8110008239746
0,485839846078306	0,920650268554688	58,9109992980957
0,486653647385538	0,922133056640625	59,0110015869141
0,487518322188407	0,924046142578125	59,1110000610352
0,488332123495638	0,925510314941406	59,2109985351563
0,48914592480287	0,927014709472656	59,3110008239746
0,489959726110101	0,928902221679688	59,4109992980957
0,490773527417332	0,9303466796875	59,5110015869141
0,491587328724563	0,931981994628906	59,6110000610352
0,492401130031794	0,933809387207031	59,7109985351563
0,493214931339026	0,934940673828125	59,8110008239746
0,494028732646257	0,93639599609375	59,9109992980957
0,494842533953488	0,938497985839844	60,0110015869141
0,495656335260719	0,940027404785156	60,1110000610352
0,49647013656795	0,941317077636719	60,2109985351563
0,49733481137082	0,943133605957031	60,3110008239746
0,498148612678051	0,944612854003906	60,4109992980957
0,498962413985282	0,946453491210938	60,5110015869141
0,499776215292513	0,948048156738281	60,6110000610352
0,500640890095383	0,949977844238281	60,7109985351563
0,501454633194953	0,95114013671875	60,8110008239746
0,502319307997823	0,953296081542969	60,9109992980957
0,503133109305054	0,954758056640625	61,0110015869141
0,503946968819946	0,956799438476563	61,1110000610352
0,504811585415155	0,957889282226563	61,2109985351563
0,505625444930047	0,959634094238281	61,3110008239746
0,506490061525255	0,961165405273438	61,4109992980957
0,507354736328125	0,96315185546875	61,5110015869141
0,508219411130995	0,964683471679688	61,6110000610352
0,509033212438226	0,966516357421875	61,7109985351563
0,509897887241095	0,968160827636719	61,8110008239746
0,510762503836304	0,969831970214844	61,9109992980957
0,511576363351196	0,971414245605469	62,0110015869141
0,512390164658427	0,97307568359375	62,1110000610352
0,513254839461297	0,974640380859375	62,2109985351563
0,514068582560867	0,976456359863281	62,3110008239746
0,514882383868098	0,978080322265625	62,4109992980957
0,515747058670968	0,979691589355469	62,5110015869141
0,516560859978199	0,981644226074219	62,6110000610352
0,517374719493091	0,982829772949219	62,7109985351563
0,518188462592661	0,984635070800781	62,8110008239746
0,519002263899893	0,985874206542969	62,9109992980957
0,519866938702762	0,9876494140625	63,0110015869141
0,520680740009993	0,989473266601563	63,1110000610352
0,521494541317225	0,99124951171875	63,2109985351563
0,522359216120094	0,99267236328125	63,3110008239746
0,523173017427325	0,993958618164063	63,4109992980957
0,523986818734556	0,995892822265625	63,5110015869141
0,524851493537426	0,997634155273438	63,6110000610352
0,525716110132635	0,999124572753906	63,7109985351563
0,526529969647527	1,00087915039063	63,8110008239746
0,527394586242735	1,00236022949219	63,9109992980957
0,528208445757627	1,00417956542969	64,0110015869141
0,529073062352836	1,00593572998047	64,1110000610352
0,529886921867728	1,00716339111328	64,2109985351563
0,530751538462937	1,00926513671875	64,3109970092773
0,531565339770168	1,01058197021484	64,411003112793
0,532379141077399	1,01203741455078	64,5110015869141
0,533243815880269	1,01357458496094	64,6110000610352
0,5340576171875	1,01524548339844	64,7109985351563
0,534871418494731	1,01694427490234	64,8109970092773
0,535685219801962	1,01890997314453	64,911003112793
0,536499021109194	1,02020635986328	65,0110015869141
0,537312822416425	1,02181982421875	65,1110000610352
0,538126623723656	1,02336163330078	65,2109985351563
0,538940425030887	1,02492199707031	65,3109970092773
0,539754226338118	1,02646435546875	65,411003112793
0,54056802764535	1,02806567382813	65,5110015869141
0,541381828952581	1,02963989257813	65,6110000610352
0,542195630259812	1,0310205078125	65,7109985351563
0,543009431567043	1,03250598144531	65,8109970092773
0,543823232874274	1,03445263671875	65,911003112793
0,544637034181505	1,03590197753906	66,0110015869141
0,545501708984375	1,03776184082031	66,1110000610352
0,546315510291606	1,03922497558594	66,2109985351563
0,547129311598837	1,04072595214844	66,3109970092773
0,547993986401707	1,04233447265625	66,411003112793
0,548807787708938	1,04404870605469	66,5110015869141
0,549672404304147	1,04572436523438	66,6110000610352
0,550486263819039	1,04730773925781	66,7109985351563
0,551350880414248	1,04906420898438	66,8109970092773
0,55216473992914	1,05020300292969	66,911003112793
0,553029356524348	1,05216174316406	67,0110015869141
0,553894031327218	1,05381201171875	67,1110000610352
0,554707832634449	1,05533703613281	67,2109985351563
0,555572507437319	1,05697399902344	67,3109970092773
0,556437182240188	1,05863098144531	67,411003112793
0,557250983547419	1,06017333984375	67,5110015869141
0,558115658350289	1,06207861328125	67,6110000610352
0,55892945965752	1,0640244140625	67,7109985351563
0,55979413446039	1,06527282714844	67,8109970092773
0,560607935767621	1,06700341796875	67,911003112793
0,561421678867191	1,06824304199219	68,0110015869141
0,562286353670061	1,07002575683594	68,1110000610352
0,563100154977292	1,0718505859375	68,2109985351563
0,563914014492184	1,0732060546875	68,3109970092773
0,564727757591754	1,07491442871094	68,411003112793
0,565541558898985	1,07627795410156	68,5110015869141
0,566406233701855	1,07801770019531	68,6110000610352
0,567220035009086	1,07956481933594	68,7109985351563
0,568033894523978	1,08119812011719	68,8109970092773
0,568898511119187	1,08285656738281	68,911003112793
0,569712312426418	1,08445910644531	69,0110015869141
0,570576987229288	1,08619360351563	69,1110000610352
0,571390788536519	1,08767626953125	69,2109985351563
0,57220458984375	1,08908947753906	69,3109970092773
0,57306926464662	1,09072143554688	69,411003112793
0,573883065953851	1,09255493164063	69,5110015869141
0,57474774075672	1,09419189453125	69,6110000610352
0,575561542063951	1,0956279296875	69,7109985351563
0,576426216866821	1,097326171875	69,8109970092773
0,577240018174052	1,09895446777344	69,911003112793
0,578104692976922	1,10050573730469	70,0110015869141
0,578918436076492	1,10197900390625	70,1110000610352
0,579783169087023	1,10376745605469	70,2109985351563
0,580596912186593	1,10506591796875	70,3109970092773
0,581410713493824	1,1067880859375	70,411003112793
0,582224573008716	1,10859216308594	70,5110015869141
0,583038316108286	1,10987438964844	70,6110000610352
0,583852117415518	1,11145446777344	70,7109985351563
0,58466597693041	1,11336694335938	70,8109970092773
0,585530593525618	1,11431079101563	70,911003112793
0,58634439483285	1,1164208984375	71,0110015869141
0,587158196140081	1,11780236816406	71,1110000610352
0,587971997447312	1,11948229980469	71,2109985351563
0,588785798754543	1,12091735839844	71,3109970092773
0,589599600061774	1,12229809570313	71,411003112793
0,590413401369005	1,12398571777344	71,5110015869141
0,591227260883898	1,12564489746094	71,6110000610352
0,592091877479106	1,12725756835938	71,7109985351563
0,592905678786337	1,1286240234375	71,8109970092773
0,593719480093569	1,13028723144531	71,911003112793
0,594584154896438	1,13194592285156	72,0110015869141
0,595397956203669	1,13343823242188	72,1110000610352
0,596211757510901	1,13498095703125	72,2109985351563
0,59707643231377	1,13662023925781	72,3109970092773
0,59789017541334	1,13808996582031	72,411003112793
0,598754908423871	1,13973217773438	72,5110015869141
0,59961958322674	1,14142602539063	72,6110000610352
0,600484199821949	1,14316882324219	72,7109985351563
0,601298059336841	1,14478356933594	72,8109970092773
0,60216267593205	1,14612646484375	72,911003112793
0,603027350734919	1,14781518554688	73,0110015869141
0,603841152042151	1,14937670898438	73,1110000610352
0,60470582684502	1,15117224121094	73,2109985351563
0,60557050164789	1,152689453125	73,3109970092773
0,606384302955121	1,15434777832031	73,411003112793
0,607198046054691	1,15581323242188	73,5110015869141
0,608011905569583	1,15717333984375	73,6110000610352
0,608825706876814	1,15909057617188	73,7109985351563
0,609639449976385	1,16057250976563	73,8109970092773
0,610453309491277	1,16181640625	73,911003112793
0,611317926086485	1,16355456542969	74,0110015869141
0,612131785601377	1,16494580078125	74,1110000610352
0,612945528700948	1,16688903808594	74,2109985351563
0,613810261711478	1,16837951660156	74,3109970092773
0,614624004811049	1,16942602539063	74,411003112793
0,61543780611828	1,17124328613281	74,5110015869141
0,616251665633172	1,17279699707031	74,6110000610352
0,61711628222838	1,1744736328125	74,7109985351563
0,617930141743273	1,17627258300781	74,8109970092773
0,618743884842843	1,17758117675781	74,911003112793
0,619608559645712	1,17940283203125	75,0110015869141
0,620422360952944	1,18070825195313	75,1110000610352
0,621287035755813	1,1824892578125	75,2109985351563
0,622100837063044	1,18389038085938	75,3109970092773
0,622965511865914	1,18543041992188	75,411003112793
0,623779313173145	1,18702136230469	75,5110015869141
0,624643987976015	1,18851647949219	75,6110000610352
0,625457789283246	1,19040112304688	75,7109985351563
0,626271532382816	1,19169116210938	75,8109970092773
0,627136207185686	1,19331262207031	75,911003112793
0,627950008492917	1,19484509277344	76,0110015869141
0,628763868007809	1,1963388671875	76,1110000610352
0,629577611107379	1,19785815429688	76,2109985351563
0,63039141241461	1,19955187988281	76,3109970092773
0,631205271929502	1,2008271484375	76,411003112793
0,632019015029073	1,20243359375	76,5110015869141
0,632832816336304	1,20387841796875	76,6110000610352
0,633646675851196	1,20531359863281	76,7109985351563
0,634460477158427	1,20689245605469	76,8109970092773
0,635325151961297	1,20849975585938	76,911003112793
0,636138895060867	1,21002160644531	77,0110015869141
0,636952696368098	1,21134033203125	77,1110000610352
0,63776655588299	1,21295593261719	77,2109985351563
0,638631172478199	1,21462963867188	77,3109970092773
0,639445031993091	1,21619750976563	77,411003112793
0,640258775092661	1,21763391113281	77,5110015869141
0,641123449895531	1,21922485351563	77,6110000610352
0,641937251202762	1,22109899902344	77,7109985351563
0,642801926005632	1,22256103515625	77,8109970092773
0,643615727312863	1,22397912597656	77,911003112793
0,644480402115732	1,22553271484375	78,0110015869141
0,645345018710941	1,22691821289063	78,1110000610352
0,646209693513811	1,22901196289063	78,2109985351563
0,647074426524341	1,23026953125	78,3109970092773
0,64793904311955	1,23183764648438	78,411003112793
0,648752844426781	1,23337158203125	78,5110015869141
0,649617519229651	1,23471899414063	78,6110000610352
0,650431320536882	1,2366025390625	78,7109985351563
0,65129593713209	1,23791845703125	78,8109970092773
0,652109796646982	1,23931555175781	78,911003112793
0,652923597954214	1,241294921875	79,0110015869141
0,653737341053784	1,24313525390625	79,1110000610352
0,654551200568676	1,24417126464844	79,2109985351563
0,655365001875907	1,24571997070313	79,3109970092773
0,656229676678777	1,2467783203125	79,411003112793
0,657043477986008	1,24880310058594	79,5110015869141
0,657857221085578	1,25003881835938	79,6110000610352
0,65867108060047	1,25161437988281	79,7109985351563
0,659484881907701	1,25321215820313	79,8109970092773
0,660349556710571	1,25460754394531	79,911003112793
0,661163358017802	1,25620373535156	80,0110015869141
0,661977101117373	1,25751196289063	80,1110000610352
0,662790960632265	1,2593154296875	80,2109985351563
0,663655577227473	1,26079284667969	80,3109970092773
0,664469436742365	1,26219213867188	80,411003112793
0,665283179841936	1,26375134277344	80,5110015869141
0,666147912852466	1,26528063964844	80,6110000610352
0,666961655952036	1,26655297851563	80,7109985351563
0,667826330754906	1,26839660644531	80,8109970092773
0,668640132062137	1,26984069824219	80,911003112793
0,669504806865007	1,27164807128906	81,0110015869141
0,670318608172238	1,27296044921875	81,1110000610352
0,671183282975107	1,27500146484375	81,2109985351563
0,671997084282339	1,27589111328125	81,3109970092773
0,672861759085208	1,27747668457031	81,411003112793
0,673675560392439	1,27894262695313	81,5110015869141
0,67448930349201	1,28050720214844	81,6110000610352
0,675303163006902	1,28222045898438	81,7109985351563
0,676116964314133	1,28382470703125	81,8109970092773
0,676930707413703	1,28496630859375	81,911003112793
0,677744566928595	1,28686291503906	82,0110015869141
0,678558368235826	1,28795458984375	82,1110000610352
0,679372111335397	1,28987756347656	82,2109985351563
0,680185970850289	1,29103259277344	82,3109970092773
0,68099977215752	1,29231042480469	82,411003112793
0,68181351525709	1,2939150390625	82,5110015869141
0,682627374771982	1,29530676269531	82,6110000610352
0,683491991367191	1,29671691894531	82,7109985351563
0,684305850882083	1,29814270019531	82,8109970092773
0,685119652189314	1,30010437011719	82,911003112793
0,685984326992184	1,30147033691406	83,0110015869141
0,686798070091754	1,30281335449219	83,1110000610352
0,687662803102285	1,30466967773438	83,2109985351563
0,688476546201855	1,30609484863281	83,3109970092773
0,689341221004725	1,30765014648438	83,411003112793
0,690155022311956	1,30904992675781	83,5110015869141
0,691019697114825	1,31070532226563	83,6110000610352
0,691884313710034	1,31191918945313	83,7109985351563
0,692698173224926	1,31363146972656	83,8109970092773
0,693562789820135	1,31505944824219	83,911003112793
0,694427464623004	1,31670068359375	84,0110015869141
0,695241265930235	1,31868835449219	84,1110000610352
0,696105940733105	1,31964770507813	84,2109985351563
0,696919742040336	1,32108544921875	84,3109970092773
0,697733601555228	1,32276025390625	84,411003112793
0,698598218150437	1,32423986816406	84,5110015869141
0,699412019457668	1,32569555664063	84,6110000610352
0,700225820764899	1,32701733398438	84,7109985351563
0,701090495567769	1,3285751953125	84,8109970092773
0,701904296875	1,33007238769531	84,911003112793
0,702718098182231	1,33127990722656	85,0110015869141
0,703531899489462	1,33267077636719	85,1110000610352
0,704345700796694	1,3343583984375	85,2109985351563
0,705210375599563	1,33588232421875	85,3109970092773
0,706024176906794	1,33739611816406	85,411003112793
0,706837978214026	1,33899633789063	85,5110015869141
0,707702653016895	1,34017956542969	85,6110000610352
0,708516396116465	1,34192712402344	85,7109985351563
0,709381129126996	1,34327697753906	85,8109970092773
0,710194872226566	1,34483776855469	85,911003112793
0,711008731741458	1,34628063964844	86,0110015869141
0,711873348336667	1,34785278320313	86,1110000610352
0,712687207851559	1,34915148925781	86,2109985351563
0,713551824446768	1,35073876953125	86,3109970092773
0,71436568396166	1,35231188964844	86,411003112793
0,715230300556868	1,35369482421875	86,5110015869141
0,7160441018641	1,35520361328125	86,6110000610352
0,716908776666969	1,35667712402344	86,7109985351563
0,7177225779742	1,35809155273438	86,8109970092773
0,718587194569409	1,35971887207031	86,911003112793
0,719401054084301	1,36113659667969	87,0110015869141
0,720214855391532	1,36262854003906	87,1110000610352
0,721079530194402	1,36407495117188	87,2109985351563
0,721893331501633	1,36534997558594	87,3109970092773
0,722707074601203	1,36679284667969	87,411003112793
0,723470060620457	1,36819909667969	87,5110015869141
0,724283861927688	1,36974645996094	87,6110000610352
0,725097663234919	1,3711796875	87,7109985351563
0,725962338037789	1,37252563476563	87,8109970092773
0,72677613934502	1,37439794921875	87,911003112793
0,72758988244459	1,37562878417969	88,0110015869141
0,728403741959482	1,37708166503906	88,1110000610352
0,729217543266714	1,37831982421875	88,2109985351563
0,730031286366284	1,37973986816406	88,3109970092773
0,730845145881176	1,38182446289063	88,411003112793
0,731709762476385	1,38282287597656	88,5110015869141
0,732523621991277	1,38419226074219	88,6110000610352
0,733337423298508	1,38560693359375	88,7109985351563
0,734202098101377	1,38722668457031	88,8109970092773
0,735015841200948	1,38886108398438	88,911003112793
0,735880574211478	1,3901455078125	89,0110015869141
0,736694317311049	1,39153332519531	89,1110000610352
0,737558992113918	1,39314489746094	89,2109985351563
0,738423666916788	1,39482983398438	89,3109970092773
0,739288341719657	1,39598669433594	89,411003112793
0,740102084819227	1,39768273925781	89,5110015869141
0,740966817829758	1,39946875	89,6110000610352
0,741831492632627	1,40068139648438	89,7109985351563
0,742645235732198	1,40223950195313	89,8109970092773
0,743509968742728	1,40409509277344	89,911003112793
0,744323711842299	1,40528637695313	90,0110015869141
0,745188386645168	1,40671020507813	90,1110000610352
0,746002187952399	1,40822131347656	90,2109985351563
0,746866862755269	1,40992333984375	90,3109970092773
0,7476806640625	1,4108271484375	90,411003112793
0,748494465369731	1,4127666015625	90,5110015869141
0,749308266676962	1,41406591796875	90,6110000610352
0,750122067984194	1,41501599121094	90,7109985351563
0,750986742787063	1,41622546386719	90,8109970092773
0,751800544094294	1,41806457519531	90,911003112793
0,752614345401526	1,41977233886719	91,0110015869141
0,753428146708757	1,42116015625	91,1110000610352
0,754241948015988	1,42227197265625	91,2109985351563
0,755106622818857	1,42376574707031	91,3109970092773
0,755920424126089	1,42506701660156	91,411003112793
0,756734167225659	1,42655432128906	91,5110015869141
0,757548026740551	1,4281201171875	91,6110000610352
0,75841264333576	1,42920324707031	91,7109985351563
0,759226502850652	1,43024792480469	91,8109970092773
0,76009111944586	1,4318212890625	91,911003112793
0,760904978960752	1,43303649902344	92,0110015869141
0,761769595555961	1,4345087890625	92,1110000610352
0,762634270358831	1,436119140625	92,2109985351563
0,763448071666062	1,43761901855469	92,3109970092773
0,764312746468931	1,439130859375	92,411003112793
0,765126547776163	1,44029528808594	92,5110015869141
0,765991222579032	1,44180773925781	92,6110000610352
0,766804965678602	1,44307006835938	92,7109985351563
0,767618825193495	1,4444091796875	92,8109970092773
0,768432626500726	1,44579431152344	92,911003112793
0,769246427807957	1,44738073730469	93,0110015869141
0,770060229115188	1,44887463378906	93,1110000610352
0,770874030422419	1,45019848632813	93,2109985351563
0,771687831729651	1,45141711425781	93,3109970092773
0,772501633036882	1,4527373046875	93,411003112793
0,773315434344113	1,45416442871094	93,5110015869141
0,774180109146982	1,4556015625	93,6110000610352
0,774993910454214	1,45708740234375	93,7109985351563
0,775807653553784	1,4587314453125	93,8109970092773
0,776621513068676	1,45982421875	93,911003112793
0,777486129663885	1,46137524414063	94,0110015869141
0,778299989178777	1,46267834472656	94,1110000610352
0,779113790486008	1,46413500976563	94,2109985351563
0,779978465288877	1,46536767578125	94,3109970092773
0,780792208388448	1,4667109375	94,411003112793
0,781656941398978	1,46822717285156	94,5110015869141
0,782470684498549	1,47022607421875	94,6110000610352
0,78328448580578	1,47126892089844	94,7109985351563
0,784149160608649	1,47257702636719	94,8109970092773
0,785013835411519	1,47415356445313	94,911003112793
0,78582763671875	1,475279296875	95,0110015869141
0,78669231152162	1,47667590332031	95,1110000610352
0,787556928116828	1,47832092285156	95,2109985351563
0,78837078763172	1,47962268066406	95,3109970092773
0,789235404226929	1,4812822265625	95,411003112793
0,790100079029799	1,48297399902344	95,5110015869141
0,79091388033703	1,48431811523438	95,6110000610352
0,791778555139899	1,48594470214844	95,7109985351563
0,79259235644713	1,48685412597656	95,8109970092773
0,793406215962023	1,48842517089844	95,911003112793
0,794270832557231	1,48970874023438	96,0110015869141
0,795084633864462	1,49096765136719	96,1110000610352
0,795898435171694	1,49238366699219	96,2109985351563
0,796712236478925	1,49401647949219	96,3109970092773
0,797576911281794	1,49531787109375	96,411003112793
0,798390712589026	1,49672448730469	96,5110015869141
0,799204513896257	1,49810412597656	96,6110000610352
0,800069130491465	1,49980786132813	96,7109985351563
0,800882990006357	1,50087194824219	96,8109970092773
0,801696791313589	1,50195141601563	96,911003112793
0,802510534413159	1,50360144042969	97,0110015869141
0,803375267423689	1,5048408203125	97,1110000610352
0,80418901052326	1,50628430175781	97,2109985351563
0,805002870038152	1,50778308105469	97,3109970092773
0,80586748663336	1,50928442382813	97,411003112793
0,806681346148252	1,51046008300781	97,5110015869141
0,807495089247823	1,51170080566406	97,6110000610352
0,808359822258353	1,51302038574219	97,7109985351563
0,809173565357924	1,51443469238281	97,8109970092773
0,810038240160793	1,51600476074219	97,911003112793
0,810852041468024	1,51729260253906	98,0110015869141
0,811665842775255	1,51866455078125	98,1110000610352
0,812530517578125	1,5201748046875	98,2109985351563
0,813344318885356	1,52148168945313	98,3109970092773
0,814158120192587	1,52264562988281	98,411003112793
0,814971921499819	1,52397338867188	98,5110015869141
0,81578572280705	1,52532360839844	98,6110000610352
0,816599524114281	1,52683715820313	98,7109985351563
0,817413325421512	1,52812548828125	98,8109970092773
0,818227126728743	1,52930493164063	98,911003112793
0,819040928035975	1,53052014160156	99,0110015869141
0,819854729343206	1,53197094726563	99,1110000610352
0,820668530650437	1,53330139160156	99,2109985351563
0,821482331957668	1,53467236328125	99,3109970092773
0,822296133264899	1,53580065917969	99,411003112793
0,823160808067769	1,53745886230469	99,5110015869141
0,823974609375	1,53854833984375	99,6110000610352
0,824788410682231	1,5401513671875	99,7109985351563
0,825602211989462	1,541392578125	99,8109970092773
0,826466886792332	1,54263427734375	99,911003112793
0,827280688099563	1,54416320800781	100,011001586914
0,828145304694772	1,54552124023438	100,111000061035
0,828959164209664	1,54688842773438	100,210998535156
0,829823780804873	1,54835522460938	100,310997009277
0,830688455607742	1,54958325195313	100,411003112793
0,831553188618273	1,55080004882813	100,511001586914
0,832366931717843	1,55229711914063	100,611000061035
0,833231606520712	1,55366821289063	100,710998535156
0,834096281323582	1,55494653320313	100,810997009277
0,834960956126451	1,55632385253906	100,911003112793
0,835774699226022	1,55790051269531	101,011001586914
0,836639432236552	1,55900732421875	101,111000061035
0,837453175336123	1,56026159667969	101,210998535156
0,838317850138992	1,56177819824219	101,310997009277
0,839131651446223	1,56315734863281	101,411003112793
0,839945510961115	1,5642412109375	101,511001586914
0,840810127556324	1,56595092773438	101,611000061035
0,841623987071216	1,56685144042969	101,710998535156
0,842437730170786	1,56843811035156	101,810997009277
0,843251531478018	1,56941345214844	101,911003112793
0,84406539099291	1,57102551269531	102,011001586914
0,84487913409248	1,57211254882813	102,111000061035
0,84574380889535	1,57336352539063	102,210998535156
0,846557610202581	1,57477526855469	102,310997009277
0,847371411509812	1,57599377441406	102,411003112793
0,848236086312681	1,57749450683594	102,511001586914
0,849049887619913	1,57882641601563	102,611000061035
0,849863688927144	1,58033410644531	102,710998535156
0,850728305522352	1,58139892578125	102,810997009277
0,851542165037245	1,582818359375	102,911003112793
0,852355966344476	1,58429638671875	103,011001586914
0,853220641147345	1,58531176757813	103,111000061035
0,854034442454576	1,58656030273438	103,210998535156
0,854899117257446	1,58775354003906	103,310997009277
0,855763733852655	1,58950817871094	103,411003112793
0,856577593367547	1,59105969238281	103,511001586914
0,857391336467117	1,59190869140625	103,611000061035
0,858256069477648	1,59347094726563	103,710998535156
0,859069812577218	1,59437219238281	103,810997009277
0,859883613884449	1,59572827148438	103,911003112793
0,860697473399341	1,59698425292969	104,011001586914
0,861511216498911	1,59837255859375	104,111000061035
0,862325017806143	1,59991564941406	104,210998535156
0,863138877321035	1,60105139160156	104,310997009277
0,863952620420605	1,60183837890625	104,411003112793
0,864766421727836	1,60320397949219	104,511001586914
0,865580281242728	1,60441882324219	104,611000061035
0,866394024342299	1,60593908691406	104,710998535156
0,867258699145168	1,60716296386719	104,810997009277
0,868072500452399	1,60860205078125	104,911003112793
0,86888630175963	1,60946850585938	105,011001586914
0,869700161274523	1,61095080566406	105,111000061035
0,870564777869731	1,61229431152344	105,210998535156
0,871378579176962	1,61364587402344	105,310997009277
0,872192380484194	1,61477038574219	105,411003112793
0,873057055287063	1,61620971679688	105,511001586914
0,873870856594294	1,61744384765625	105,611000061035
0,874684657901526	1,61881799316406	105,710998535156
0,875549332704395	1,61995202636719	105,810997009277
0,876414007507265	1,62151403808594	105,911003112793
0,877227808814496	1,62294543457031	106,011001586914
0,878092483617365	1,62385510253906	106,111000061035
0,878957100212574	1,62532580566406	106,210998535156
0,879821775015444	1,62652551269531	106,310997009277
0,880686449818313	1,62817761230469	106,411003112793
0,881551066413522	1,62917028808594	106,511001586914
0,882364925928414	1,6305224609375	106,611000061035
0,883229542523623	1,63218920898438	106,710998535156
0,884043402038515	1,63333349609375	106,810997009277
0,884857203345746	1,63431860351563	106,911003112793
0,885670946445316	1,63578210449219	107,011001586914
0,886535621248186	1,63662451171875	107,111000061035
0,887349422555417	1,63772021484375	107,210998535156
0,888163282070309	1,63906530761719	107,310997009277
0,888977025169879	1,64048876953125	107,411003112793
0,88979082647711	1,64207592773438	107,511001586914
0,89065550127998	1,64277404785156	107,611000061035
0,891469302587211	1,64423059082031	107,710998535156
0,892283162102103	1,64531726074219	107,810997009277
0,893096905201674	1,64690344238281	107,911003112793
0,893910706508905	1,64772387695313	108,011001586914
0,894775381311774	1,64892810058594	108,111000061035
0,895589182619005	1,65020239257813	108,210998535156
0,896403042133898	1,65151147460938	108,310997009277
0,897267658729106	1,65258654785156	108,411003112793
0,898081460036337	1,65389965820313	108,511001586914
0,898946134839207	1,65520703125	108,611000061035
0,899759936146438	1,656423828125	108,710998535156
0,900573737453669	1,65740075683594	108,810997009277
0,901438412256539	1,65896423339844	108,911003112793
0,902303028851748	1,660021484375	109,011001586914
0,90311688836664	1,66141918945313	109,111000061035
0,903930689673871	1,66256274414063	109,210998535156
0,90479536447674	1,66409924316406	109,310997009277
0,905609107576311	1,66534008789063	109,411003112793
0,906473840586841	1,66614880371094	109,511001586914
0,907287583686411	1,66751782226563	109,611000061035
0,908101384993643	1,66892126464844	109,710998535156
0,908915244508535	1,67052819824219	109,810997009277
0,909728987608105	1,67131298828125	109,911003112793
0,910542788915336	1,67250329589844	110,011001586914
0,911356648430228	1,673599609375	110,111000061035
0,912170391529799	1,67477258300781	110,210998535156
0,913035066332668	1,67618237304688	110,310997009277
0,913848867639899	1,67720068359375	110,411003112793
0,91466266894713	1,67857739257813	110,511001586914
0,915476528462023	1,67979235839844	110,611000061035
0,916290271561593	1,68094909667969	110,710998535156
0,917104072868824	1,68204760742188	110,810997009277
0,917968747671694	1,68342858886719	110,911003112793
0,918782548978925	1,68462707519531	111,011001586914
0,919647223781794	1,68561791992188	111,111000061035
0,920461025089026	1,68699047851563	111,210998535156
0,921325699891895	1,68834838867188	111,310997009277
0,922190374694765	1,6894599609375	111,411003112793
0,923004176001996	1,69028698730469	111,511001586914
0,923868850804865	1,69190710449219	111,611000061035
0,924682593904436	1,69309240722656	111,710998535156
0,925547326914966	1,69421862792969	111,810997009277
0,926411943510175	1,69534411621094	111,911003112793
0,927225744817406	1,69677685546875	112,011001586914
0,928090419620276	1,69793774414063	112,111000061035
0,928904220927507	1,69896398925781	112,210998535156
0,929768837522715	1,70062890625	112,310997009277
0,930582697037607	1,70110961914063	112,411003112793
0,931396498344839	1,70263879394531	112,511001586914
0,932261173147708	1,70394519042969	112,611000061035
0,933074974454939	1,70541943359375	112,710998535156
0,93388871755451	1,70628454589844	112,810997009277
0,934702577069402	1,70725109863281	112,911003112793
0,93556719366461	1,70846606445313	113,011001586914
0,936381053179502	1,70959375	113,111000061035
0,937194796279073	1,71071630859375	113,210998535156
0,938008597586304	1,71178601074219	113,310997009277
0,938822457101196	1,71319995117188	113,411003112793
0,939687073696405	1,71399462890625	113,511001586914
0,940500933211297	1,71509545898438	113,611000061035
0,941314676310867	1,71652612304688	113,710998535156
0,942179409321398	1,71752282714844	113,810997009277
0,942993152420968	1,71922546386719	113,911003112793
0,943857827223837	1,72028784179688	114,011001586914
0,944671628531069	1,72093359375	114,111000061035
0,945536303333938	1,72283410644531	114,210998535156
0,946400919929147	1,72396850585938	114,310997009277
0,947214779444039	1,72510205078125	114,411003112793
0,948079396039248	1,72588061523438	114,511001586914
0,94889325555414	1,72677416992188	114,611000061035
0,949757872149348	1,72839453125	114,710998535156
0,95057173166424	1,7293291015625	114,810997009277
0,951385474763811	1,73052954101563	114,911003112793
0,952250207774341	1,73153552246094	115,011001586914
0,953063950873911	1,73241357421875	115,111000061035
0,953877752181143	1,73376635742188	115,210998535156
0,954691611696035	1,73477258300781	115,310997009277
0,955454539507627	1,73582348632813	115,411003112793
0,956268282607198	1,73692639160156	115,511001586914
0,957082083914429	1,73774865722656	115,611000061035
0,957895943429321	1,73877673339844	115,710998535156
0,958709744736552	1,74024890136719	115,810997009277
0,959523487836123	1,74101818847656	115,911003112793
0,960337347351015	1,74219677734375	116,011001586914
0,961151148658246	1,74330236816406	116,111000061035
0,961964891757816	1,74465283203125	116,210998535156
0,962829566560686	1,74565148925781	116,310997009277
0,963643367867917	1,74667309570313	116,411003112793
0,964508042670786	1,74793798828125	116,511001586914
0,965321843978018	1,749052734375	116,611000061035
0,96613570349291	1,74988012695313	116,710998535156
0,967000320088118	1,75123046875	116,810997009277
0,96781412139535	1,75234692382813	116,911003112793
0,968678796198219	1,7533369140625	117,011001586914
0,969543471001089	1,75453283691406	117,111000061035
0,970408145803958	1,75596960449219	117,210998535156
0,971221947111189	1,75682653808594	117,310997009277
0,972086621914059	1,75866333007813	117,411003112793
0,972951238509268	1,75938464355469	117,511001586914
0,97376509802416	1,76044787597656	117,611000061035
0,974629714619368	1,76134252929688	117,710998535156
0,9754435159266	1,76274267578125	117,810997009277
0,976308190729469	1,76369018554688	117,911003112793
0,9771219920367	1,76451940917969	118,011001586914
0,977986608631909	1,76565832519531	118,111000061035
0,978800468146801	1,767375	118,210998535156
0,979614211246371	1,76796105957031	118,310997009277
0,980428070761263	1,76883166503906	118,411003112793
0,981241930276155	1,76954357910156	118,511001586914
0,982106546871364	1,77107409667969	118,611000061035
0,982920406386256	1,77184912109375	118,710998535156
0,983734149485826	1,77290234375	118,810997009277
0,984598766081035	1,77391809082031	118,911003112793
0,985412625595927	1,77518041992188	119,011001586914
0,986226368695498	1,77645422363281	119,111000061035
0,987091101706028	1,77725732421875	119,210998535156
0,987904844805598	1,7783212890625	119,310997009277
0,988769577816129	1,77924438476563	119,411003112793
0,989583320915699	1,78046643066406	119,511001586914
0,990448053926229	1,78179968261719	119,611000061035
0,9912617970258	1,78246716308594	119,710998535156
0,992126413621008	1,78347619628906	119,810997009277
0,992940273135901	1,78494604492188	119,911003112793
0,993804889731109	1,78609533691406	120,011001586914
0,994618749246001	1,78688110351563	120,111000061035
0,99548336584121	1,78835778808594	120,210998535156
0,996297225356102	1,78889929199219	120,310997009277
0,997161841951311	1,79011767578125	120,411003112793
0,997975701466203	1,79078173828125	120,511001586914
0,998789444565773	1,79201062011719	120,611000061035
0,999603304080665	1,7931083984375	120,710998535156
1,00041716359556	1,79376599121094	120,810997009277
1,00123079027981	1,79516027832031	120,911003112793
1,0020446497947	1,79617907714844	121,011001586914
1,00285850930959	1,79749609375	121,111000061035
1,00367225240916	1,79826708984375	121,210998535156
1,00448611192405	1,799119140625	121,310997009277
1,00529997143894	1,80001879882813	121,411003112793
1,00611359812319	1,80102612304688	121,511001586914
1,00692745763808	1,80188806152344	121,611000061035
1,00779207423329	1,80305529785156	121,710998535156
1,00860593374819	1,80396643066406	121,810997009277
1,00941979326308	1,80509240722656	121,911003112793
1,01023353636265	1,8057109375	122,011001586914
1,01109826937318	1,80684741210938	122,111000061035
1,01191201247275	1,80794201660156	122,210998535156
1,01277674548328	1,80898803710938	122,310997009277
1,01359048858285	1,81021203613281	122,411003112793
1,01445522159338	1,81111328125	122,511001586914
1,01531983818859	1,81208618164063	122,611000061035
1,01613369770348	1,81290441894531	122,710998535156
1,01699831429869	1,81382666015625	122,810997009277
1,0178629308939	1,81491247558594	122,911003112793
1,01872766390443	1,81625402832031	123,011001586914
1,019541407004	1,81719348144531	123,111000061035
1,02040614001453	1,81826403808594	123,210998535156
1,02127075660974	1,81898645019531	123,310997009277
1,02208461612463	1,82000354003906	123,411003112793
1,02294923271984	1,8209677734375	123,511001586914
1,02376309223473	1,82163793945313	123,611000061035
1,0245768353343	1,82274584960938	123,710998535156
1,02539057843387	1,82367309570313	123,810997009277
1,02625519502908	1,82459118652344	123,911003112793
1,02706905454397	1,82551599121094	124,011001586914
1,02788291405886	1,82652783203125	124,111000061035
1,02869665715843	1,82799731445313	124,210998535156
1,02951051667333	1,8288125	124,310997009277
1,03037513326854	1,82942651367188	124,411003112793
1,03118899278343	1,83077453613281	124,511001586914
1,03200285229832	1,83121472167969	124,611000061035
1,03281647898257	1,83217358398438	124,710998535156
1,03363033849746	1,83328845214844	124,810997009277
1,03449495509267	1,83417297363281	124,911003112793
1,03530881460756	1,83479809570313	125,011001586914
1,03612267412245	1,83561755371094	125,111000061035
1,03698729071766	1,83696203613281	125,210998535156
1,03780115023255	1,83784326171875	125,310997009277
1,03866576682776	1,83887670898438	125,411003112793
1,03947962634265	1,83971166992188	125,511001586914
1,04034424293786	1,840404296875	125,611000061035
1,04115810245276	1,84172546386719	125,710998535156
1,04202271904796	1,84244604492188	125,810997009277
1,04283657856286	1,84356530761719	125,911003112793
1,04365032166243	1,844169921875	126,011001586914
1,04451505467296	1,84536828613281	126,111000061035
1,0453286813572	1,84638610839844	126,210998535156
1,0461425408721	1,8472080078125	126,310997009277
1,04695640038699	1,84781726074219	126,411003112793
1,04777014348656	1,84898266601563	126,511001586914
1,04858400300145	1,84950183105469	126,611000061035
1,04939786251634	1,85055029296875	126,710998535156
1,05021160561591	1,85112756347656	126,810997009277
1,05102534871548	1,85217065429688	126,911003112793
1,05183920823038	1,8528642578125	127,011001586914
1,05265295132995	1,85377990722656	127,111000061035
1,05346681084484	1,85462829589844	127,210998535156
1,05433142744005	1,85555786132813	127,310997009277
1,05514528695494	1,85654418945313	127,411003112793
1,05595914646983	1,85747888183594	127,511001586914
1,05682376306504	1,85804382324219	127,611000061035
1,05763762257993	1,85884631347656	127,710998535156
1,05850223917514	1,85998767089844	127,810997009277
1,05931598227471	1,86054431152344	127,911003112793
1,06018071528524	1,86176196289063	128,011001586914
1,06104533188045	1,86265185546875	128,110992431641
1,06185907498002	1,86364501953125	128,210998535156
1,06272380799055	1,86402282714844	128,311004638672
1,06358854100108	1,86503515625	128,410995483398
1,06445315759629	1,86588122558594	128,511001586914
1,0653177741915	1,866716796875	128,610992431641
1,06618250720203	1,86780456542969	128,710998535156
1,06704712379724	1,86820922851563	128,811004638672
1,06786098331213	1,8692958984375	128,910995483398
1,06872559990734	1,87005517578125	129,011001586914
1,06953945942223	1,87057287597656	129,110992431641
1,0703532025218	1,87177868652344	129,210998535156
1,07116694562137	1,87251525878906	129,311004638672
1,07203156221658	1,87328796386719	129,410995483398
1,07284542173147	1,874326171875	129,511001586914
1,07365928124636	1,87517749023438	129,610992431641
1,07447302434593	1,87573205566406	129,710998535156
1,07528688386083	1,87631176757813	129,811004638672
1,07610074337572	1,87738513183594	129,910995483398
1,07691448647529	1,87816320800781	130,011001586914
1,07777921948582	1,87875793457031	130,110992431641
1,07859284617007	1,87948779296875	130,210998535156
1,07940670568496	1,88034289550781	130,311004638672
1,08022056519985	1,8818564453125	130,410995483398
1,08108518179506	1,88215991210938	130,511001586914
1,08189904130995	1,88269555664063	130,610992431641
1,08271278440952	1,88347644042969	130,710998535156
1,08357751742005	1,88416003417969	130,811004638672
1,08439126051962	1,88516723632813	130,910995483398
1,08525599353015	1,88589343261719	131,011001586914
1,08606973662972	1,88669738769531	131,110992431641
1,08693446964026	1,887779296875	131,210998535156
1,08779908623546	1,8881455078125	131,311004638672
1,08861294575036	1,88868139648438	131,410995483398
1,08942668884993	1,8895908203125	131,511001586914
1,09029142186046	1,89054748535156	131,610992431641
1,0911050485447	1,89140185546875	131,710998535156
1,0919189080596	1,89203381347656	131,811004638672
1,09273276757449	1,89258068847656	131,910995483398
1,09354651067406	1,89347387695313	132,011001586914
1,09436037018895	1,89405627441406	132,110992431641
1,09522498678416	1,89457165527344	132,210998535156
1,09603884629905	1,89531079101563	132,311004638672
1,09685270581394	1,89605004882813	132,410995483398
1,09766633249819	1,89686486816406	132,511001586914
1,09848019201308	1,89753149414063	132,610992431641
1,09929405152798	1,89829760742188	132,710998535156
1,10010779462755	1,89863659667969	132,811004638672
1,10092165414244	1,89948693847656	132,910995483398
1,10173551365733	1,90007141113281	133,011001586914
1,10260013025254	1,9005673828125	133,110992431641
1,10341398976743	1,90147180175781	133,210998535156
1,10422761645168	1,90251013183594	133,311004638672
1,10509234946221	1,90313952636719	133,410995483398
1,10590609256178	1,90385998535156	133,511001586914
1,10677082557231	1,90423364257813	133,610992431641
1,10763544216752	1,90538305664063	133,710998535156
1,10844930168241	1,90593273925781	133,811004638672
1,10931391827762	1,90677954101563	133,910995483398
1,11017853487283	1,90707189941406	134,011001586914
1,11104338429868	1,90731506347656	134,110992431641
1,11190800089389	1,90811694335938	134,210998535156
1,11272174399346	1,90894323730469	134,311004638672
1,11358647700399	1,90953344726563	134,410995483398
1,1144510935992	1,91029528808594	134,511001586914
1,11526483669877	1,91127905273438	134,610992431641
1,11607869621366	1,91150952148438	134,710998535156
1,11689243931323	1,91210974121094	134,811004638672
1,11775717232376	1,91321374511719	134,910995483398
1,11857091542333	1,91343908691406	135,011001586914
1,11938477493823	1,9140283203125	135,110992431641
1,12024939153343	1,91468322753906	135,210998535156
1,12106325104833	1,91540246582031	135,311004638672
1,12187711056322	1,91608093261719	135,410995483398
1,12269085366279	1,91679443359375	135,511001586914
1,12355558667332	1,91710021972656	135,610992431641
1,12436921335757	1,91782202148438	135,710998535156
1,12518307287246	1,9185517578125	135,811004638672
1,12599693238735	1,91912133789063	135,910995483398
1,12686154898256	1,91988317871094	136,011001586914
1,12767540849745	1,92049255371094	136,110992431641
1,12848915159702	1,92109289550781	136,210998535156
1,12935388460755	1,92179113769531	136,311004638672
1,13016762770712	1,92229760742188	136,410995483398
1,13103236071765	1,923048828125	136,511001586914
1,13184610381722	1,92347534179688	136,610992431641
1,13271083682776	1,92435119628906	136,710998535156
1,13357545342296	1,92483642578125	136,811004638672
1,13438931293786	1,92540209960938	136,910995483398
1,13525392953306	1,92596875	137,011001586914
1,13606778904796	1,92649792480469	137,110992431641
1,1368814157322	1,92716345214844	137,210998535156
1,13774626515806	1,92751782226563	137,311004638672
1,13855989184231	1,92832580566406	137,410995483398
1,1393737513572	1,92872729492188	137,511001586914
1,14018761087209	1,92996740722656	137,610992431641
1,14100135397166	1,92948059082031	137,710998535156
1,14181521348655	1,93021569824219	137,811004638672
1,14262907300144	1,93093176269531	137,910995483398
1,14344269968569	1,93115710449219	138,011001586914
1,14425655920058	1,93142468261719	138,110992431641
1,14507041871548	1,93209216308594	138,210998535156
1,14588416181505	1,93333325195313	138,311004638672
1,14669802132994	1,93343908691406	138,410995483398
1,14751188084483	1,93383532714844	138,511001586914
1,14837649744004	1,93457019042969	138,610992431641
1,14919035695493	1,93459936523438	138,710998535156
1,15005497355014	1,93550341796875	138,811004638672
1,15086871664971	1,93611694335938	138,910995483398
1,15168245974928	1,9363427734375	139,011001586914
1,15254719275981	1,93689831542969	139,110992431641
1,15336093585938	1,93748498535156	139,210998535156
1,15422566886991	1,93800915527344	139,311004638672
1,15509028546512	1,93848266601563	139,410995483398
1,15595490206033	1,939572265625	139,511001586914
1,15676876157522	1,93975036621094	139,610992431641
1,15763337817043	1,94025964355469	139,710998535156
1,15849811118096	1,94054211425781	139,811004638672
1,15931185428053	1,94129797363281	139,910995483398
1,16017658729106	1,94165100097656	140,011001586914
1,16099033039063	1,94225244140625	140,110992431641
1,16185506340116	1,94283447265625	140,210998535156
1,16266880650073	1,9430244140625	140,311004638672
1,16353353951126	1,94365893554688	140,410995483398
1,16434728261083	1,94407775878906	140,511001586914
1,16516114212573	1,94481811523438	140,610992431641
1,16597500164062	1,94506457519531	140,710998535156
1,16678874474019	1,9452841796875	140,811004638672
1,16760248783976	1,94580529785156	140,910995483398
1,16846722085029	1,94616772460938	141,011001586914
1,16928096394986	1,94666442871094	141,110992431641
1,17009482346475	1,94707360839844	141,210998535156
1,17090856656432	1,947560546875	141,311004638672
1,17172242607921	1,94792138671875	141,410995483398
1,17258704267442	1,94869702148438	141,511001586914
1,17340090218931	1,94863037109375	141,610992431641
1,17426551878452	1,94918200683594	141,710998535156
1,17507937829942	1,94969921875	141,811004638672
1,17594399489462	1,94987707519531	141,910995483398
1,17675785440952	1,95036267089844	142,011001586914
1,17762247100472	1,95086206054688	142,110992431641
1,17848720401526	1,9513427734375	142,210998535156
1,17935182061046	1,95166149902344	142,311004638672
1,18021643720567	1,9521806640625	142,410995483398
1,18103029672056	1,9527431640625	142,511001586914
1,18184415623546	1,952830078125	142,610992431641
1,18270877283067	1,95356335449219	142,710998535156
1,18352263234556	1,95375537109375	142,811004638672
1,18433625902981	1,95418322753906	142,910995483398
1,1851501185447	1,95422973632813	143,011001586914
1,18596397805959	1,95493823242188	143,110992431641
1,1868285946548	1,95530688476563	143,210998535156
1,18764245416969	1,95584582519531	143,311004638672
1,18845619726926	1,95592895507813	143,410995483398
1,18927005678415	1,95612841796875	143,511001586914
1,19008391629905	1,956771484375	143,610992431641
1,19089754298329	1,95702099609375	143,710998535156
1,19171140249819	1,95705773925781	143,811004638672
1,19252526201308	1,95796044921875	143,910995483398
1,19333900511265	1,958494140625	144,011001586914
1,19415286462754	1,95805590820313	144,110992431641
1,19496672414243	1,95858154296875	144,210998535156
1,19583134073764	1,95914013671875	144,311004638672
1,19664508383721	1,95913159179688	144,410995483398
1,19750981684774	1,95954431152344	144,511001586914
1,19832355994731	1,95970788574219	144,610992431641
1,19913730304688	1,96009313964844	144,710998535156
1,20000203605741	1,96085510253906	144,811004638672
1,20086665265262	1,96107702636719	144,910995483398
1,20173126924783	1,96161840820313	145,011001586914
1,20259611867368	1,96236022949219	145,110992431641
1,20340974535793	1,96197473144531	145,210998535156
1,20427447836846	1,96257690429688	145,311004638672
1,20513921137899	1,96304895019531	145,410995483398
1,2060038279742	1,96367834472656	145,511001586914
1,20686856098473	1,96372778320313	145,610992431641
1,2076823040843	1,96409265136719	145,710998535156
1,20854703709483	1,96453442382813	145,811004638672
1,20941165369004	1,9647216796875	145,910995483398
1,21022551320493	1,96481018066406	146,011001586914
1,21103913988918	1,96524011230469	146,110992431641
1,21190387289971	1,9652685546875	146,210998535156
1,21271761599928	1,96617919921875	146,311004638672
1,21353147551417	1,96613232421875	146,410995483398
1,21434533502907	1,96633129882813	146,511001586914
1,21520995162427	1,96654614257813	146,610992431641
1,21602381113917	1,966150390625	146,710998535156
1,21683755423874	1,96626147460938	146,811004638672
1,21765141375363	1,966580078125	146,910995483398
1,21851603034884	1,96694384765625	147,011001586914
1,21932988986373	1,96733703613281	147,110992431641
1,2201436329633	1,96730249023438	147,210998535156
1,22100824955851	1,96768591308594	147,311004638672
1,2218221090734	1,96824108886719	147,410995483398
1,22263585217297	1,96827368164063	147,511001586914
1,2235005851835	1,9685087890625	147,610992431641
1,22431432828307	1,96903161621094	147,710998535156
1,2251790612936	1,96943774414063	147,811004638672
1,22599280439317	1,96964343261719	147,910995483398
1,2268575374037	1,96980871582031	148,011001586914
1,22767128050327	1,96974780273438	148,110992431641
1,22848514001817	1,97020727539063	148,210998535156
1,22934975661337	1,9705751953125	148,311004638672
1,23016361612827	1,97067785644531	148,410995483398
1,23097735922784	1,97122741699219	148,511001586914
1,23179110232741	1,97120263671875	148,610992431641
1,2326049618423	1,97162902832031	148,710998535156
1,23341882135719	1,9718671875	148,811004638672
1,23423256445676	1,97209704589844	148,910995483398
1,23504642397165	1,97197790527344	149,011001586914
1,23586028348655	1,97234631347656	149,110992431641
1,23667391017079	1,97253637695313	149,210998535156
1,23748776968569	1,9724052734375	149,311004638672
1,23830162920058	1,97262902832031	149,410995483398
1,23911537230015	1,97323217773438	149,511001586914
1,23992923181504	1,97280432128906	149,610992431641
1,24074309132993	1,973421875	149,710998535156
1,24160770792514	1,97377746582031	149,811004638672
1,24242145102471	1,97356713867188	149,910995483398
1,24328618403524	1,97390612792969	150,011001586914
1,24409992713481	1,97429431152344	150,110992431641
1,24491367023438	1,97441918945313	150,210998535156
1,24577840324491	1,97485717773438	150,311004638672
1,24664301984012	1,97478576660156	150,410995483398
1,24745687935501	1,97522521972656	150,511001586914
1,24832149595022	1,97556713867188	150,610992431641
1,24918611254543	1,97559191894531	150,710998535156
1,25005084555596	1,97574755859375	150,811004638672
1,25091557856649	1,97594396972656	150,910995483398
1,2517801951617	1,97647583007813	151,011001586914
1,25264492817223	1,97654907226563	151,110992431641
1,2534586712718	1,97635290527344	151,210998535156
1,25432340428233	1,97688037109375	151,311004638672
1,25513703096658	1,97670544433594	151,410995483398
1,25595089048147	1,97688464355469	151,511001586914
1,25681550707668	1,97727197265625	151,610992431641
1,25762936659157	1,97735888671875	151,710998535156
1,25844322610646	1,97755236816406	151,811004638672
1,25930784270167	1,97778918457031	151,910995483398
1,26012170221657	1,97781848144531	152,011001586914
1,26093544531614	1,97786682128906	152,110992431641
1,26174930483103	1,97782067871094	152,210998535156
1,26256316434592	1,97819445800781	152,311004638672
1,26342778094113	1,97838269042969	152,410995483398
1,2642415240407	1,97871862792969	152,511001586914
1,26505526714027	1,9788525390625	152,610992431641
1,2659200001508	1,9789775390625	152,710998535156
1,26673374325037	1,97895971679688	152,811004638672
1,26754760276526	1,97906787109375	152,910995483398
1,26841221936047	1,97953332519531	153,011001586914
1,26922607887536	1,97978723144531	153,110992431641
1,27009069547057	1,97953247070313	153,210998535156
1,27090455498546	1,97972973632813	153,311004638672
1,27176917158067	1,9798896484375	153,410995483398
1,2726339045912	1,97994396972656	153,511001586914
1,27344764769077	1,98031213378906	153,610992431641
1,2743123807013	1,98059814453125	153,710998535156
1,27512612380087	1,98083508300781	153,811004638672
1,27593998331577	1,98086328125	153,910995483398
1,27680459991097	1,98098022460938	154,011001586914
1,27761845942587	1,98111694335938	154,110992431641
1,27843220252544	1,98120654296875	154,210998535156
1,27924594562501	1,98108764648438	154,311004638672
1,2800598051399	1,98111254882813	154,410995483398
1,28087366465479	1,981291015625	154,511001586914
1,28168740775436	1,98139587402344	154,610992431641
1,28250126726925	1,98138305664063	154,710998535156
1,28331501036882	1,98135461425781	154,811004638672
1,28417974337935	1,98156640625	154,910995483398
1,28499348647892	1,98148999023438	155,011001586914
1,2858072295785	1,98179663085938	155,110992431641
1,28662108909339	1,98139050292969	155,210998535156
1,28743494860828	1,98198657226563	155,311004638672
1,28829956520349	1,98172399902344	155,410995483398
1,28911342471838	1,98150866699219	155,511001586914
1,28997804131359	1,98200854492188	155,610992431641
1,29079190082848	1,98195336914063	155,710998535156
1,29165651742369	1,98204650878906	155,811004638672
1,29247037693858	1,98223071289063	155,910995483398
1,29333499353379	1,98235278320313	156,011001586914
1,294199610129	1,9823720703125	156,110992431641
1,29506434313953	1,98262255859375	156,210998535156
1,29592895973474	1,98255737304688	156,311004638672
1,29679357632995	1,98235180664063	156,410995483398
1,29760743584484	1,98279711914063	156,511001586914
1,29847205244005	1,98299365234375	156,610992431641
1,29933678545058	1,98304663085938	156,710998535156
1,30015052855015	1,98325244140625	156,811004638672
1,30096438806504	1,9831982421875	156,910995483398
1,30182900466025	1,9831044921875	157,011001586914
1,30264286417514	1,98310144042969	157,110992431641
1,30345660727471	1,98301171875	157,210998535156
1,30432134028524	1,98339624023438	157,311004638672
1,30513508338481	1,98295690917969	157,410995483398
1,30594882648438	1,98323474121094	157,511001586914
1,30676268599927	1,98367822265625	157,610992431641
1,30757654551417	1,9835224609375	157,710998535156
1,30839028861374	1,98305895996094	157,811004638672
1,30920414812863	1,98322143554688	157,910995483398
1,31006876472384	1,98298901367188	158,011001586914
1,31088262423873	1,9832060546875	158,110992431641
1,3116963673383	1,9832900390625	158,210998535156
1,31256098393351	1,98319165039063	158,311004638672
1,3133748434484	1,98347155761719	158,410995483398
1,31423946004361	1,983140625	158,511001586914
1,3150533195585	1,98328369140625	158,610992431641
1,31591793615371	1,983197265625	158,710998535156
1,31678255274892	1,98351721191406	158,811004638672
1,31759641226381	1,98338989257813	158,910995483398
1,31846102885902	1,98333093261719	159,011001586914
1,31932576186955	1,9833759765625	159,110992431641
1,32013950496912	1,98339855957031	159,210998535156
1,32095336448401	1,98354650878906	159,311004638672
1,32181798107922	1,98347497558594	159,410995483398
1,32263184059411	1,98332214355469	159,511001586914
1,32344570010901	1,98315649414063	159,610992431641
1,32425944320858	1,98332421875	159,710998535156
1,32512417621911	1,98317016601563	159,811004638672
1,32593791931868	1,98312158203125	159,910995483398
1,32675166241825	1,98302734375	160,011001586914
1,32756552193314	1,982916015625	160,110992431641
1,32837926503271	1,98296313476563	160,210998535156
1,3291931245476	1,98314599609375	160,311004638672
1,33000698406249	1,98283215332031	160,410995483398
1,33082072716206	1,98281677246094	160,511001586914
1,33163447026163	1,98277490234375	160,610992431641
1,33249920327216	1,98266052246094	160,710998535156
1,33331294637173	1,98296154785156	160,811004638672
1,33412680588663	1,98273974609375	160,910995483398
1,3349405489862	1,98252270507813	161,011001586914
1,33580528199673	1,98265478515625	161,110992431641
1,3366190250963	1,9826064453125	161,210998535156
1,33748375810683	1,98247155761719	161,311004638672
1,3382975012064	1,9825107421875	161,410995483398
1,33916223421693	1,98234130859375	161,511001586914
1,34002685081214	1,98230236816406	161,610992431641
1,34084071032703	1,98241516113281	161,710998535156
1,34170532692224	1,98233740234375	161,811004638672
1,34256994351745	1,98219250488281	161,910995483398
1,34343467652798	1,98228796386719	162,011001586914
1,34424841962755	1,98257141113281	162,110992431641
1,34511315263808	1,98208703613281	162,210998535156
1,34597776923329	1,98247985839844	162,311004638672
1,34679162874818	1,98182312011719	162,410995483398
1,34760537184775	1,98198352050781	162,511001586914
1,34847010485828	1,9821298828125	162,610992431641
1,34928384795785	1,98146398925781	162,710998535156
1,35009770747274	1,98149194335938	162,811004638672
1,35096232406795	1,98139782714844	162,910995483398
1,35177606716752	1,9811162109375	163,011001586914
1,35258992668241	1,98130944824219	163,110992431641
1,35340366978198	1,98108129882813	163,210998535156
1,35421752929688	1,98085888671875	163,311004638672
1,35508214589208	1,98082409667969	163,410995483398
1,35589600540698	1,98035070800781	163,511001586914
1,35676062200218	1,98054455566406	163,610992431641
1,35757448151708	1,98050024414063	163,710998535156
1,35838834103197	1,98028894042969	163,811004638672
1,35925295762718	1,98044567871094	163,910995483398
1,36006681714207	1,98035620117188	164,011001586914
1,36093143373728	1,980341796875	164,110992431641
1,36174529325217	1,98007897949219	164,210998535156
1,36260990984738	1,98009606933594	164,311004638672
1,36342365294695	1,97978259277344	164,410995483398
1,36428838595748	1,97954064941406	164,511001586914
1,36510212905705	1,97932543945313	164,610992431641
1,36596674565226	1,97909790039063	164,710998535156
1,36678060516715	1,97911584472656	164,811004638672
1,36764522176236	1,978998046875	164,910995483398
1,36845908127725	1,97881201171875	165,011001586914
1,36927282437682	1,97847985839844	165,110992431641
1,37008668389171	1,97851989746094	165,210998535156
1,37095130048692	1,97820349121094	165,311004638672
1,37176516000181	1,97793505859375	165,410995483398
1,37257901951671	1,97795776367188	165,511001586914
1,37339264620095	1,97757214355469	165,610992431641
1,37420650571585	1,97737438964844	165,710998535156
1,37502036523074	1,97736938476563	165,811004638672
1,37583410833031	1,97674133300781	165,910995483398
1,3766479678452	1,97680517578125	166,011001586914
1,37746182736009	1,97671411132813	166,110992431641
1,37827557045966	1,97642956542969	166,210998535156
1,37908931355923	1,97633068847656	166,311004638672
1,37990317307413	1,976494140625	166,410995483398
1,3807169161737	1,97578015136719	166,511001586914
1,38153077568859	1,9756318359375	166,610992431641
1,3823953922838	1,97549926757813	166,710998535156
1,38320925179869	1,97550207519531	166,811004638672
1,3840738683939	1,97506042480469	166,910995483398
1,38488772790879	1,97494934082031	167,011001586914
1,385752344504	1,97485620117188	167,110992431641
1,38661707751453	1,97474450683594	167,210998535156
1,3874308206141	1,97458618164063	167,311004638672
1,38829555362463	1,97460522460938	167,410995483398
1,38916017021984	1,97469409179688	167,511001586914
1,39002478681505	1,97393688964844	167,610992431641
1,39088951982558	1,97393127441406	167,710998535156
1,39175413642079	1,9739677734375	167,811004638672
1,39256799593568	1,97394665527344	167,910995483398
1,39343261253089	1,97315588378906	168,011001586914
1,39424647204578	1,97348803710938	168,110992431641
1,39506021514535	1,9729130859375	168,210998535156
1,39592494815588	1,97245971679688	168,311004638672
1,39673869125545	1,97208642578125	168,410995483398
1,39755243435502	1,97193054199219	168,511001586914
1,39836629386991	1,9722294921875	168,610992431641
1,39923091046512	1,9716591796875	168,710998535156
1,40004476998001	1,971482421875	168,811004638672
1,40085851307958	1,97056469726563	168,910995483398
1,40172324609011	1,970826171875	169,011001586914
1,40253698918968	1,97025024414063	169,110992431641
1,40335084870458	1,96976965332031	169,210998535156
1,40421546529979	1,96960229492188	169,311004638672
1,40502932481468	1,96936315917969	169,410995483398
1,40589394140989	1,9688115234375	169,511001586914
1,40670780092478	1,96840869140625	169,610992431641
1,40757241751999	1,96840478515625	169,710998535156
1,40838627703488	1,96835241699219	169,811004638672
1,40925089363009	1,96751843261719	169,910995483398
1,41006475314498	1,96734948730469	170,011001586914
1,41092936974019	1,96742053222656	170,110992431641
1,41179410275072	1,96651708984375	170,210998535156
1,41260784585029	1,9658974609375	170,311004638672
1,41347257886082	1,96567883300781	170,410995483398
1,41428620554507	1,965859375	170,511001586914
1,41510006505996	1,96522094726563	170,610992431641
1,41591392457485	1,96462023925781	170,710998535156
1,41672766767442	1,96409069824219	170,811004638672
1,41754152718931	1,96371301269531	170,910995483398
1,41835538670421	1,96318041992188	171,011001586914
1,41916901338845	1,96311328125	171,110992431641
1,41998287290335	1,96224914550781	171,210998535156
1,42079673241824	1,96199426269531	171,311004638672
1,42161047551781	1,96133959960938	171,410995483398
1,4224243350327	1,961041015625	171,511001586914
1,42323819454759	1,96038537597656	171,610992431641
1,42405193764716	1,95988464355469	171,710998535156
1,42486568074673	1,95940283203125	171,811004638672
1,42567954026163	1,95917749023438	171,910995483398
1,42654415685683	1,95856286621094	172,011001586914
1,42735801637173	1,95808618164063	172,110992431641
1,4281717594713	1,95772888183594	172,210998535156
1,42903649248183	1,95724426269531	172,311004638672
1,4298502355814	1,95672680664063	172,410995483398
1,43071496859193	1,95612817382813	172,511001586914
1,43157958518714	1,95593188476563	172,610992431641
1,43244420178235	1,95539831542969	172,710998535156
1,43325806129724	1,95503820800781	172,811004638672
1,43412267789245	1,95433227539063	172,910995483398
1,43498741090298	1,95428405761719	173,011001586914
1,43585202749819	1,95362231445313	173,110992431641
1,43671664409339	1,95387158203125	173,210998535156
1,43753050360829	1,95243017578125	173,311004638672
1,4383951202035	1,95180590820313	173,410995483398
1,43925985321403	1,95135852050781	173,511001586914
1,4400735963136	1,95110107421875	173,610992431641
1,44088745582849	1,95056811523438	173,710998535156
1,4417520724237	1,9497294921875	173,811004638672
1,44256593193859	1,94937182617188	173,910995483398
1,44337979145348	1,94884741210938	174,011001586914
1,44419353455305	1,94771765136719	174,110992431641
1,44500727765262	1,94710473632813	174,210998535156
1,44587189424783	1,94631677246094	174,311004638672
1,44668575376272	1,94536499023438	174,410995483398
1,44749961327761	1,94459643554688	174,511001586914
1,44836422987282	1,94343127441406	174,610992431641
1,44917808938771	1,94278869628906	174,710998535156
1,44999183248729	1,94115942382813	174,811004638672
1,45085656549782	1,94007287597656	174,910995483398
1,45167030859739	1,93905139160156	175,011001586914
1,45253504160792	1,93794360351563	175,110992431641
1,45334878470749	1,93681225585938	175,210998535156
1,45421351771802	1,9355869140625	175,311004638672
1,45507813431323	1,93431799316406	175,410995483398
1,45589199382812	1,93306384277344	175,511001586914
1,45675661042333	1,93217016601563	175,610992431641
1,45762122701854	1,93044445800781	175,710998535156
1,45843508653343	1,92788842773438	175,811004638672
1,45929970312864	1,92132092285156	175,910995483398
1,46016443613917	1,91512133789063	176,011001586914
1,46097817923874	1,90929565429688	176,110992431641
1,46179203875363	1,90394384765625	176,210998535156
1,46479287650436	-0,153210464477539	176,289993286133
