File Path: D:\Ensayos Víctor\Fase II\PLA virgen\Test Run 3 16-05-2019 10 55 14\DAQ- Crosshead; … - (Timed).txt   
Test: ENSAYOS TRACCION PLA 2
Test Run: Test Run 3
Date: 16/05/2019 10:50:41


Crosshead 	Load 	Time 
mm	kN	sec
0,000254313135883422	0,0610568351745605	0,112000003457069
0,000661214187402948	0,0612219848632813	0,211999997496605
0,00111897793431126	0,061296516418457	0,312000006437302
0,00162760409239127	0,0616795387268066	0,412000000476837
0,002085367896143	0,0616621589660645	0,512000024318695
0,00264485674961179	0,0615356941223145	0,611999988555908
0,00325520818478253	0,0618034019470215	0,712000012397766
0,00386555984732695	0,0620097694396973	0,811999976634979
0,00462849948235089	0,0620883331298828	0,912000000476837
0,00549316428077873	0,0621245002746582	1,01199996471405
0,00630696649750462	0,0621354598999023	1,11199998855591
0,00712076825948316	0,0624129066467285	1,21200001239777
0,0079345700214617	0,0625843772888184	1,31200003623962
0,00879923572938424	0,0628181266784668	1,41199994087219
0,00961303703661542	0,0629734764099121	1,51199996471405
0,0104268392533413	0,0630790634155273	1,61199998855591
0,0112406414700672	0,0631749229431152	1,71200001239777
0,0121053053590003	0,0634287796020508	1,81200003623962
0,0129191084852209	0,0635795936584473	1,91199994087219
0,0137329097924521	0,0637754554748535	2,01200008392334
0,014546712009178	0,0638454895019531	2,11199998855591
0,0154113768076058	0,063869571685791	2,21199989318848
0,0162251799338264	0,064117057800293	2,31200003623962
0,0170898438227596	0,0642944030761719	2,41199994087219
0,0179036469489802	0,0646021575927734	2,51200008392334
0,018717446437222	0,0650022583007813	2,61199998855591
0,0195821139641339	0,0655933990478516	2,71199989318848
0,0203959134523757	0,0655307769775391	2,81200003623962
0,0212605791602982	0,0657229537963867	2,91199994087219
0,0220743804675294	0,0662329330444336	3,01200008392334
0,0229390461754519	0,0663442153930664	3,11199998855591
0,0237528474826831	0,0670163116455078	3,21199989318848
0,0246175131906057	0,0674862899780273	3,31200003623962
0,0254313144978369	0,0679010238647461	3,41199994087219
0,0262451176240575	0,0683394088745117	3,51200008392334
0,0271097815129906	0,0686164398193359	3,61199998855591
0,0279235846392112	0,0690572280883789	3,71199989318848
0,0287882485281443	0,0696523666381836	3,81200003623962
0,0296020516543649	0,0698576202392578	3,91199994087219
0,0304158529615961	0,0702072219848633	4,01200008392334
0,0312296542688273	0,0707710266113281	4,11199998855591
0,0320434555760585	0,0709039916992188	4,21199989318848
0,0328572568832897	0,0715907974243164	4,31199979782104
0,0336710618284997	0,071760383605957	4,41200017929077
0,0344848631357308	0,0719815216064453	4,51200008392334
0,035298664442962	0,0723515853881836	4,61199998855591
0,036112469388172	0,0726105422973633	4,71199989318848
0,0369262706954032	0,0728729476928711	4,81199979782104
0,0377400720026344	0,0732138366699219	4,91200017929077
0,0386047358915675	0,0736643371582031	5,01200008392334
0,0394185371987987	0,0739626235961914	5,11199998855591
0,0402323421440087	0,0742762908935547	5,21199989318848
0,0410970023949631	0,0747039184570313	5,31199979782104
0,0419108073401731	0,0748582000732422	5,41200017929077
0,0427754712291062	0,0751204986572266	5,51200008392334
0,0435892761743162	0,0754475708007813	5,61199998855591
0,0444539364252705	0,0759892654418945	5,71199989318848
0,0452677413704805	0,0762026290893555	5,81199979782104
0,0461324052594136	0,076464225769043	5,91200017929077
0,0469462102046236	0,0770496139526367	6,01200008392334
0,047810870455578	0,0776010360717773	6,11199998855591
0,0486755379824899	0,07844970703125	6,21199989318848
0,0494893392897211	0,0790675582885742	6,31199979782104
0,0503540031786542	0,0796631240844727	6,41200017929077
0,0511678044858854	0,0804338531494141	6,51200008392334
0,0520324720127974	0,0814025115966797	6,61199998855591
0,0528462733200286	0,082519905090332	6,71199989318848
0,0536600746272597	0,0838678131103516	6,81199979782104
0,0545247385161929	0,0850477981567383	6,91200017929077
0,0553385434614029	0,0863014907836914	7,01200008392334
0,0561523447686341	0,0874511260986328	7,11199998855591
0,0569661460758653	0,0887798919677734	7,21199989318848
0,0577799473830964	0,0901734237670898	7,31199979782104
0,0586446112720296	0,0913570175170898	7,41200017929077
0,0594584162172396	0,0925787200927734	7,51200008392334
0,0602722175244708	0,0939909515380859	7,61199998855591
0,0610860151937231	0,0953911972045898	7,71199989318848
0,0619506827206351	0,0966562042236328	7,81199979782104
0,0627644913038239	0,0978726654052734	7,91200017929077
0,0635782853350975	0,0993254165649414	8,01200008392334
0,0643920866423287	0,100599426269531	8,11200046539307
0,0652567541692406	0,101901641845703	8,21199989318848
0,0660705554764718	0,103037948608398	8,3120002746582
0,0668843640596606	0,104403480529785	8,41199970245361
0,0677490243106149	0,10579354095459	8,51200008392334
0,0685628256178461	0,106987045288086	8,61200046539307
0,069427493144758	0,108160285949707	8,71199989318848
0,0702412944519892	0,109609840393066	8,8120002746582
0,0711059547029436	0,110808280944824	8,91199970245361
0,0719197632861324	0,112210273742676	9,01200008392334
0,0727844235370867	0,113249084472656	9,11200046539307
0,0735982248443179	0,114610992431641	9,21199989318848
0,0744120261515491	0,115801979064941	9,3120002746582
0,075276693678461	0,116813209533691	9,41199970245361
0,0760904949856922	0,11786434173584	9,51200008392334
0,0769042962929234	0,119055381774902	9,61200046539307
0,0777181048761122	0,119821495056152	9,71199989318848
0,0785318989073858	0,120505065917969	9,8120002746582
0,079345700214617	0,121316703796387	9,91199970245361
0,0801595087978058	0,122195442199707	10,0120000839233
0,0809733028290793	0,123058883666992	10,1120004653931
0,0817871114122681	0,123768409729004	10,2119998931885
0,0826009127194993	0,124710418701172	10,3120002746582
0,0834147140267305	0,125572120666504	10,4119997024536
0,0842793815536425	0,126479545593262	10,5120000839233
0,085093175584916	0,127469917297363	10,6120004653931
0,0859578503877856	0,128391052246094	10,7119998931885
0,0867716444190592	0,129338485717773	10,8120002746582
0,0876363119459711	0,130107437133789	10,9119997024536
0,0884501132532023	0,131263977050781	11,0120000839233
0,0892639145604335	0,132268478393555	11,1120004653931
0,0901285748113878	0,133246932983398	11,2119998931885
0,0909423833945766	0,134431121826172	11,3120002746582
0,0918070436455309	0,135477676391602	11,4119997024536
0,0926208522287197	0,13659309387207	11,5120000839233
0,0934855124796741	0,137940902709961	11,6120004653931
0,0942993137869053	0,139014556884766	11,7119998931885
0,0951639813138172	0,14020832824707	11,8120002746582
0,0959777826210484	0,141310791015625	11,9119997024536
0,0968424428720027	0,142563339233398	12,0120000839233
0,0976562514551915	0,143682983398438	12,1120004653931
0,0985209117061459	0,144870223999023	12,2119998931885
0,0993347202893347	0,145828491210938	12,3120002746582
0,100199380540289	0,147076217651367	12,4119997024536
0,10101318184752	0,147965301513672	12,5120000839233
0,101826990430709	0,149088958740234	12,6120004653931
0,102640784461983	0,150020309448242	12,7119998931885
0,103454593045171	0,151165176391602	12,8120002746582
0,104268394352403	0,152266937255859	12,9119997024536
0,105133054603357	0,153442276000977	13,0120000839233
0,105946863186546	0,154791854858398	13,1120004653931
0,106760657217819	0,156138168334961	13,2119998931885
0,107574465801008	0,157565872192383	13,3120002746582
0,108439126051962	0,159270538330078	13,4119997024536
0,109252927359194	0,160752151489258	13,5120000839233
0,110066735942382	0,162321655273438	13,6120004653931
0,110880529973656	0,163859039306641	13,7119998931885
0,111745197500568	0,165571701049805	13,8120002746582
0,112558998807799	0,166878829956055	13,9119997024536
0,11337280011503	0,168235321044922	14,0120000839233
0,114237467641942	0,169774154663086	14,1120004653931
0,115051268949173	0,171532852172852	14,2119998931885
0,115915929200128	0,172951675415039	14,3120002746582
0,116729737783317	0,17440397644043	14,4119997024536
0,117594398034271	0,175906097412109	14,5120000839233
0,11840820661746	0,177379776000977	14,6120004653931
0,119272866868414	0,179017059326172	14,7119998931885
0,120086668175645	0,180589248657227	14,8120002746582
0,120900476758834	0,182136001586914	14,9119997024536
0,121765137009788	0,183783126831055	15,0120000839233
0,122578945592977	0,185019836425781	15,1120004653931
0,123392732348293	0,186667358398438	15,2119998931885
0,124206548207439	0,188102081298828	15,3120002746582
0,125020334962755	0,189788375854492	15,4119997024536
0,125834150821902	0,191184921264648	15,5120000839233
0,126647952129133	0,192493515014648	15,6120004653931
0,127461753436364	0,194239151000977	15,7119998931885
0,128275554743595	0,195802993774414	15,8120002746582
0,129089356050827	0,197195983886719	15,9119997024536
0,129954030853696	0,198539962768555	16,011999130249
0,130767817609012	0,200451950073242	16,1119995117188
0,131581618916243	0,202043716430664	16,2119998931885
0,13239543477539	0,203424026489258	16,3120002746582
0,133209221530706	0,204996597290039	16,4120006561279
0,134073896333575	0,206725128173828	16,511999130249
0,134887697640806	0,20822673034668	16,6119995117188
0,135752357891761	0,209761032104492	16,7119998931885
0,136566159198992	0,21139404296875	16,8120002746582
0,137379960506223	0,212879196166992	16,9120006561279
0,138244635309093	0,214562774658203	17,011999130249
0,139058422064409	0,216154769897461	17,1119995117188
0,139923096867278	0,217639389038086	17,2119998931885
0,140787771670148	0,219358291625977	17,3120002746582
0,141601558425464	0,220857055664063	17,4120006561279
0,142466233228333	0,222640975952148	17,511999130249
0,143280034535564	0,224244262695313	17,6119995117188
0,144144694786519	0,226044036865234	17,7119998931885
0,14495849609375	0,227040863037109	17,8120002746582
0,14582317089662	0,229031616210938	17,9120006561279
0,146636957651936	0,230696960449219	18,011999130249
0,147450758959167	0,23220133972168	18,1119995117188
0,148264574818313	0,233583267211914	18,2119998931885
0,149129220517352	0,235119674682617	18,3120002746582
0,149943036376499	0,236709884643555	18,4120006561279
0,15075683768373	0,238526611328125	18,511999130249
0,151570638990961	0,239788772583008	18,6119995117188
0,152384440298192	0,241497848510742	18,7119998931885
0,153249100549147	0,242922058105469	18,8120002746582
0,154062916408293	0,244723556518555	18,9120006561279
0,154876703163609	0,246141342163086	19,011999130249
0,15569050447084	0,247541961669922	19,1119995117188
0,15655517927371	0,249798370361328	19,2119998931885
0,157368966029026	0,250813293457031	19,3120002746582
0,158233640831895	0,252689147949219	19,4120006561279
0,159047442139126	0,254368270874023	19,511999130249
0,159861257998273	0,255829040527344	19,6119995117188
0,160725903697312	0,257438781738281	19,7119998931885
0,161590578500181	0,259071655273438	19,8120002746582
0,162404379807413	0,260734069824219	19,9120006561279
0,163269040058367	0,262359313964844	20,011999130249
0,164082841365598	0,263988616943359	20,1119995117188
0,164947516168468	0,265667144775391	20,2119998931885
0,165761302923784	0,267373901367188	20,3120002746582
0,166625977726653	0,268910369873047	20,4120006561279
0,167439779033884	0,270645446777344	20,511999130249
0,168253580341116	0,272182037353516	20,6119995117188
0,169067381648347	0,273766784667969	20,7119998931885
0,169881182955578	0,275391235351563	20,8120002746582
0,170745843206532	0,277056671142578	20,9120006561279
0,171559644513763	0,278457855224609	21,011999130249
0,17237346037291	0,280173858642578	21,1119995117188
0,173136402736418	0,281744445800781	21,2119998931885
0,173950189491734	0,28330029296875	21,3120002746582
0,174814864294603	0,285016906738281	21,4120006561279
0,175628665601835	0,286571166992188	21,511999130249
0,176442452357151	0,288248718261719	21,6119995117188
0,177256268216297	0,289708801269531	21,7119998931885
0,178070069523528	0,291474792480469	21,8120002746582
0,178883870830759	0,292786682128906	21,9120006561279
0,179748531081714	0,294534301757813	22,011999130249
0,180562332388945	0,296435760498047	22,1119995117188
0,181376148248091	0,298116668701172	22,2119998931885
0,18224079394713	0,299894317626953	22,3120002746582
0,183054609806277	0,301458343505859	22,4120006561279
0,183868411113508	0,302865875244141	22,511999130249
0,184733071364462	0,304487426757813	22,6119995117188
0,185546872671694	0,306389465332031	22,7119998931885
0,186411547474563	0,307644439697266	22,8120002746582
0,187225348781794	0,309454467773438	22,9120006561279
0,188090009032749	0,311040618896484	23,011999130249
0,188954669283703	0,312827301025391	23,1119995117188
0,189768485142849	0,314537384033203	23,2119998931885
0,190633130841888	0,316206604003906	23,3120002746582
0,191446946701035	0,317840789794922	23,4120006561279
0,192311606951989	0,319530426025391	23,511999130249
0,19312540825922	0,321131683349609	23,6119995117188
0,193990068510175	0,322839141845703	23,7119998931885
0,194803884369321	0,324549743652344	23,8120002746582
0,195617671124637	0,326161224365234	23,9120006561279
0,196431472431868	0,327846801757813	24,011999130249
0,197245288291015	0,329500091552734	24,1119995117188
0,198109933990054	0,331161651611328	24,2119998931885
0,1989237498492	0,332966735839844	24,3120002746582
0,199737551156431	0,334546264648438	24,4120006561279
0,200602211407386	0,336278656005859	24,511999130249
0,201416012714617	0,337884216308594	24,6119995117188
0,202229814021848	0,33941064453125	24,7119998931885
0,203094488824718	0,341078704833984	24,8120002746582
0,203908275580034	0,342761657714844	24,9120006561279
0,204772950382903	0,3445615234375	25,011999130249
0,205586751690134	0,346098663330078	25,1119995117188
0,206400552997366	0,347831268310547	25,2119998931885
0,20726521324832	0,349391662597656	25,3120002746582
0,208079029107466	0,351016906738281	25,4120006561279
0,208943674806505	0,352643005371094	25,511999130249
0,209757490665652	0,354321838378906	25,6119995117188
0,210622150916606	0,355942901611328	25,7119998931885
0,211435952223837	0,357821655273438	25,8120002746582
0,212249753531069	0,359351409912109	25,9120006561279
0,213114428333938	0,361277313232422	26,011999130249
0,213928229641169	0,362849517822266	26,1119995117188
0,214792889892124	0,364544097900391	26,2119998931885
0,215606691199355	0,366099945068359	26,3120002746582
0,216420492506586	0,367903167724609	26,4120006561279
0,217234293813817	0,369490539550781	26,511999130249
0,218048095121048	0,371108215332031	26,6119995117188
0,21886189642828	0,3727041015625	26,7119998931885
0,219675697735511	0,374428192138672	26,8120002746582
0,220489499042742	0,376210266113281	26,9120006561279
0,221303300349973	0,377695922851563	27,011999130249
0,222167975152843	0,379222290039063	27,1119995117188
0,222981761908159	0,380858306884766	27,2119998931885
0,223795577767305	0,382546234130859	27,3120002746582
0,224609379074536	0,384210906982422	27,4120006561279
0,225474039325491	0,385914031982422	27,511999130249
0,226287840632722	0,387443023681641	27,6119995117188
0,227101641939953	0,389264404296875	27,7119998931885
0,227966302190907	0,390735290527344	27,8120002746582
0,228780103498138	0,392479125976563	27,9120006561279
0,229593919357285	0,393953277587891	28,011999130249
0,230458579608239	0,395761108398438	28,1119995117188
0,23127238091547	0,397325775146484	28,2119998931885
0,232137041166425	0,398952484130859	28,3120002746582
0,232950857025571	0,400781036376953	28,4120006561279
0,23381550272461	0,402492279052734	28,511999130249
0,234629318583757	0,404156158447266	28,6119995117188
0,235493978834711	0,405795257568359	28,7119998931885
0,236358639085665	0,407555877685547	28,8120002746582
0,237172440392897	0,409212585449219	28,9120006561279
0,238037115195766	0,410954772949219	29,011999130249
0,238850901951082	0,412457244873047	29,1119995117188
0,239715576753952	0,414180450439453	29,2119998931885
0,240529378061183	0,415840454101563	29,3120002746582
0,241394038312137	0,41759228515625	29,4120006561279
0,242207839619368	0,419293823242188	29,511999130249
0,243021655478515	0,420874847412109	29,6119995117188
0,243835442233831	0,422534118652344	29,7119998931885
0,244649243541062	0,42401806640625	29,8120002746582
0,245513918343931	0,425760009765625	29,9120006561279
0,246327719651163	0,427463104248047	30,011999130249
0,247141520958394	0,429148406982422	30,1119995117188
0,247955322265625	0,430673095703125	30,2119998931885
0,248819997068495	0,432261138916016	30,3120002746582
0,249633798375726	0,433864227294922	30,4120006561279
0,250447599682957	0,435632049560547	30,511999130249
0,251312245381996	0,437278472900391	30,6119995117188
0,252126075793058	0,439163452148438	30,7119998931885
0,252939847996458	0,440613067626953	30,8120002746582
0,253804522799328	0,442343048095703	30,9120006561279
0,254618324106559	0,444066528320313	31,011999130249
0,255482998909429	0,445634857177734	31,1119995117188
0,256296771112829	0,447405578613281	31,2119998931885
0,257110601523891	0,448971893310547	31,3120002746582
0,25797524722293	0,450714813232422	31,4120006561279
0,258789048530161	0,452333740234375	31,511999130249
0,259653723333031	0,454040679931641	31,6119995117188
0,260467524640262	0,455687042236328	31,7119998931885
0,261281355051324	0,457416229248047	31,8120002746582
0,262146000750363	0,459050048828125	31,9120006561279
0,262959802057594	0,460665100097656	32,0120010375977
0,263773603364825	0,4622861328125	32,1119995117188
0,264587404672056	0,464028228759766	32,2120018005371
0,265401205979288	0,465633148193359	32,3120002746582
0,266215007286519	0,467283599853516	32,4119987487793
0,26702880859375	0,468766723632813	32,5120010375977
0,267842609900981	0,470448944091797	32,6119995117188
0,268656411208212	0,472084411621094	32,7120018005371
0,269470212515444	0,4735869140625	32,8120002746582
0,270284013822675	0,475229095458984	32,9119987487793
0,271097815129906	0,476976867675781	33,0120010375977
0,271911616437137	0,478503540039063	33,1119995117188
0,272776262136176	0,480033813476563	33,2120018005371
0,273590092547238	0,481852722167969	33,3120002746582
0,274403893854469	0,483432189941406	33,4119987487793
0,275268568657339	0,485112731933594	33,5120010375977
0,27608236996457	0,486653930664063	33,6119995117188
0,276896142167971	0,488234924316406	33,7120018005371
0,277760846074671	0,489955505371094	33,8120002746582
0,27862549177371	0,491761901855469	33,9119987487793
0,279439293080941	0,493376922607422	34,0120010375977
0,28030396788381	0,495026519775391	34,1119995117188
0,28116861358285	0,4966689453125	34,2120018005371
0,282033288385719	0,498648223876953	34,3120002746582
0,28284708969295	0,500316955566406	34,4119987487793
0,28371176449582	0,502012603759766	34,5120010375977
0,284576410194859	0,503674041748047	34,6119995117188
0,285390240605921	0,505343536376953	34,7120018005371
0,286204012809321	0,50685009765625	34,8120002746582
0,287068687612191	0,508477020263672	34,9119987487793
0,287882488919422	0,510219543457031	35,0120010375977
0,288696290226653	0,511796661376953	35,1119995117188
0,289510091533884	0,513334899902344	35,2120018005371
0,290323892841116	0,515125366210938	35,3120002746582
0,291137694148347	0,516663696289063	35,4119987487793
0,291951495455578	0,518306213378906	35,5120010375977
0,292816170258448	0,519915588378906	35,6119995117188
0,293629971565679	0,521615295410156	35,7120018005371
0,294443743769079	0,523418273925781	35,8120002746582
0,295257574180141	0,524973999023438	35,9119987487793
0,29612221987918	0,52653564453125	36,0120010375977
0,296936021186411	0,5281474609375	36,1119995117188
0,297749851597473	0,529835144042969	36,2120018005371
0,298614497296512	0,531619201660156	36,3120002746582
0,299428327707574	0,533149291992188	36,4119987487793
0,300292973406613	0,534752502441406	36,5120010375977
0,301106774713844	0,53663671875	36,6119995117188
0,301971449516714	0,538145324707031	36,7120018005371
0,302785250823945	0,539854431152344	36,8120002746582
0,303649896522984	0,54166162109375	36,9119987487793
0,304463726934046	0,543312561035156	37,0120010375977
0,305328372633085	0,544987426757813	37,1119995117188
0,306193018332124	0,546752136230469	37,2120018005371
0,307006848743185	0,548178344726563	37,3120002746582
0,307820650050417	0,550013793945313	37,4119987487793
0,308634422253817	0,551442321777344	37,5120010375977
0,309499126160517	0,553191101074219	37,6119995117188
0,310312898363918	0,554804809570313	37,7120018005371
0,311126699671149	0,556224060058594	37,8120002746582
0,311940530082211	0,557889892578125	37,9119987487793
0,312754302285612	0,559480407714844	38,0120010375977
0,313568103592843	0,561113464355469	38,1119995117188
0,314381934003904	0,562814331054688	38,2120018005371
0,315195706207305	0,564254516601563	38,3120002746582
0,316009507514536	0,565962036132813	38,4119987487793
0,316823337925598	0,567744567871094	38,5120010375977
0,317637110128999	0,569316040039063	38,6119995117188
0,318501814035699	0,57103857421875	38,7120018005371
0,3193155862391	0,572465454101563	38,8120002746582
0,320129387546331	0,573926513671875	38,9119987487793
0,3209940623492	0,5756259765625	39,0120010375977
0,321807863656431	0,5772861328125	39,1119995117188
0,322672509355471	0,579072448730469	39,2120018005371
0,323486339766532	0,580783264160156	39,3120002746582
0,324350985465571	0,582426818847656	39,4119987487793
0,325215660268441	0,584083679199219	39,5120010375977
0,32608033507131	0,585886962890625	39,6119995117188
0,326894136378542	0,587369445800781	39,7120018005371
0,327758782077581	0,589343994140625	39,8120002746582
0,32862345688045	0,590711669921875	39,9119987487793
0,329437258187681	0,592485473632813	40,0120010375977
0,330301903886721	0,594064697265625	40,1119995117188
0,331115734297782	0,595864501953125	40,2120018005371
0,331929535605013	0,597367797851563	40,3120002746582
0,332794181304052	0,599080261230469	40,4119987487793
0,333608011715114	0,600677368164063	40,5120010375977
0,334421783918515	0,602252014160156	40,6119995117188
0,335235585225746	0,603670837402344	40,7120018005371
0,336049415636808	0,6052861328125	40,8120002746582
0,336863187840208	0,606994323730469	40,9119987487793
0,33767698914744	0,608691528320313	41,0120010375977
0,338541663950309	0,610193908691406	41,1119995117188
0,33935546525754	0,612008361816406	41,2120018005371
0,340169266564772	0,613455322265625	41,3120002746582
0,340983067872003	0,615066345214844	41,4119987487793
0,341847742674872	0,616889343261719	41,5120010375977
0,342661543982103	0,61847314453125	41,6119995117188
0,343475345289335	0,6201044921875	41,7120018005371
0,344339990988374	0,621731018066406	41,8120002746582
0,345153821399435	0,623520263671875	41,9119987487793
0,345967622706667	0,625039733886719	42,0120010375977
0,346832268405706	0,626672546386719	42,1119995117188
0,347696943208575	0,628289245605469	42,2120018005371
0,348510744515806	0,630174743652344	42,3120002746582
0,349324545823038	0,631546630859375	42,4119987487793
0,350189220625907	0,633350341796875	42,5120010375977
0,351053866324946	0,635083862304688	42,6119995117188
0,351867667632177	0,63667431640625	42,7120018005371
0,352732342435047	0,6382373046875	42,8120002746582
0,353546143742278	0,640146850585938	42,9119987487793
0,354359945049509	0,641273498535156	43,0120010375977
0,355173746356741	0,643014404296875	43,1119995117188
0,355987547663972	0,644549560546875	43,2120018005371
0,356801348971203	0,646317321777344	43,3120002746582
0,357615150278434	0,647749938964844	43,4119987487793
0,358428951585665	0,649497192382813	43,5120010375977
0,359242752892897	0,650982543945313	43,6119995117188
0,360056554200128	0,652387939453125	43,7120018005371
0,360921229002997	0,654144897460938	43,8120002746582
0,361735030310228	0,655718627929688	43,9119987487793
0,36254883161746	0,657439880371094	44,0120010375977
0,363362632924691	0,658915832519531	44,1119995117188
0,36422730772756	0,6604638671875	44,2120018005371
0,365041109034792	0,662127319335938	44,3120002746582
0,365854881238192	0,663674926757813	44,4119987487793
0,366719585144892	0,6654052734375	44,5120010375977
0,367533357348293	0,667002624511719	44,6119995117188
0,368398032151163	0,66872705078125	44,7120018005371
0,369211833458394	0,670368041992188	44,8120002746582
0,370076508261263	0,671992614746094	44,9119987487793
0,370890280464664	0,673447204589844	45,0120010375977
0,371754984371364	0,675299133300781	45,1119995117188
0,372619630070403	0,676804809570313	45,2120018005371
0,373433431377634	0,678413940429688	45,3120002746582
0,374298106180504	0,679990661621094	45,4119987487793
0,375162751879543	0,681796142578125	45,5120010375977
0,375976553186774	0,683386474609375	45,6119995117188
0,376841227989644	0,685203125	45,7120018005371
0,377655029296875	0,686650451660156	45,8120002746582
0,378519674995914	0,688395446777344	45,9119987487793
0,379333505406976	0,689950805664063	46,0120010375977
0,380147306714207	0,691657348632813	46,1119995117188
0,380961078917608	0,693276428222656	46,2120018005371
0,381825782824308	0,694797912597656	46,3120002746582
0,382639555027708	0,696510070800781	46,4119987487793
0,38345335633494	0,69794580078125	46,5120010375977
0,384267186746001	0,699602355957031	46,6119995117188
0,38513183244504	0,701050537109375	46,7120018005371
0,385945633752272	0,7028515625	46,8120002746582
0,386759435059503	0,7043193359375	46,9119987487793
0,387573236366734	0,705918029785156	47,0120010375977
0,388437911169603	0,707550842285156	47,1119995117188
0,389251712476835	0,709167541503906	47,2120018005371
0,390065513784066	0,710823547363281	47,3120002746582
0,390930188586935	0,712405822753906	47,4119987487793
0,391743989894167	0,713943603515625	47,5120010375977
0,392608635593206	0,715571899414063	47,6119995117188
0,393422466004267	0,717196838378906	47,7120018005371
0,394287111703306	0,718920043945313	47,8120002746582
0,395100913010538	0,720604370117188	47,9119987487793
0,395965587813407	0,722153076171875	48,0120010375977
0,396779389120638	0,723738220214844	48,1119995117188
0,397644034819677	0,725216796875	48,2120018005371
0,398508709622547	0,727154174804688	48,3120002746582
0,399322510929778	0,728649780273438	48,4119987487793
0,400136312237009	0,7302255859375	48,5120010375977
0,400950113544241	0,73179248046875	48,6119995117188
0,401763914851472	0,733354125976563	48,7120018005371
0,402577716158703	0,734802307128906	48,8120002746582
0,403391517465934	0,736437377929688	48,9119987487793
0,404205318773165	0,7380419921875	49,0120010375977
0,405019120080397	0,739466552734375	49,1119995117188
0,405832921387628	0,741087524414063	49,2120018005371
0,406646722694859	0,742581420898438	49,3120002746582
0,407460553105921	0,744272277832031	49,4119987487793
0,408274325309321	0,745657104492188	49,5120010375977
0,409139000112191	0,747458374023438	49,6119995117188
0,409952801419422	0,749075622558594	49,7120018005371
0,410766602726653	0,750602966308594	49,8120002746582
0,411580404033884	0,752283142089844	49,9119987487793
0,412445078836754	0,754000549316406	50,0120010375977
0,413258880143985	0,755418762207031	50,1119995117188
0,414072652347386	0,7570546875	50,2120018005371
0,414937356254086	0,758700500488281	50,3120002746582
0,415751128457487	0,760173400878906	50,4119987487793
0,416615803260356	0,761864074707031	50,5120010375977
0,417429604567587	0,763538513183594	50,6119995117188
0,418294279370457	0,765092895507813	50,7120018005371
0,419158925069496	0,766559997558594	50,8120002746582
0,419972755480558	0,76815576171875	50,9119987487793
0,420837401179597	0,769874572753906	51,0120010375977
0,421651202486828	0,771441101074219	51,1119995117188
0,422515877289698	0,773097473144531	51,2120018005371
0,423380522988737	0,774480529785156	51,3120002746582
0,424194324295968	0,776307739257813	51,4119987487793
0,425008154707029	0,777940185546875	51,5120010375977
0,425872800406069	0,779410461425781	51,6119995117188
0,4266866017133	0,781183471679688	51,7120018005371
0,427500403020531	0,782737731933594	51,8120002746582
0,428314204327762	0,784203369140625	51,9119987487793
0,429178850026801	0,785746765136719	52,0120010375977
0,429992680437863	0,787181579589844	52,1119995117188
0,430806481745094	0,788918090820313	52,2120018005371
0,431620283052325	0,79042578125	52,3120002746582
0,432484957855195	0,79228662109375	52,4119987487793
0,433298730058596	0,793571655273438	52,5120010375977
0,434112560469657	0,795389099121094	52,6119995117188
0,434977206168696	0,796845336914063	52,7120018005371
0,435791007475927	0,79851123046875	52,8120002746582
0,436655682278797	0,800119140625	52,9119987487793
0,437469483586028	0,8016630859375	53,0120010375977
0,438334129285067	0,803286804199219	53,1119995117188
0,439147959696129	0,804942504882813	53,2120018005371
0,440012605395168	0,806386779785156	53,3120002746582
0,440826406702399	0,8081396484375	53,4119987487793
0,441691081505269	0,809801635742188	53,5120010375977
0,4425048828125	0,811193420410156	53,6119995117188
0,443369528511539	0,81302001953125	53,7120018005371
0,444183358922601	0,814555419921875	53,8120002746582
0,44504800462164	0,816193359375	53,9119987487793
0,445861805928871	0,817791259765625	54,0120010375977
0,446675636339933	0,819452331542969	54,1119995117188
0,447489408543333	0,820914855957031	54,2120018005371
0,448354083346203	0,822428100585938	54,3120002746582
0,449167884653434	0,824079650878906	54,4119987487793
0,449981685960665	0,825525329589844	54,5120010375977
0,450795487267897	0,82709326171875	54,6119995117188
0,451609288575128	0,828585327148438	54,7120018005371
0,452423089882359	0,83014404296875	54,8120002746582
0,453236920293421	0,831612243652344	54,9119987487793
0,454050692496821	0,833027404785156	55,0120010375977
0,454864493804052	0,834729553222656	55,1119995117188
0,455678324215114	0,836167053222656	55,2120018005371
0,456492096418515	0,837945129394531	55,3120002746582
0,457356771221384	0,839329528808594	55,4119987487793
0,458170572528616	0,840785705566406	55,5120010375977
0,458984373835847	0,842463256835938	55,6119995117188
0,459798175143078	0,844041381835938	55,7120018005371
0,460662849945948	0,845493957519531	55,8120002746582
0,461476651253179	0,847238098144531	55,9119987487793
0,462341296952218	0,848782043457031	56,0120010375977
0,463155127363279	0,850493347167969	56,1119995117188
0,464019773062319	0,851981201171875	56,2120018005371
0,46483357436955	0,853468200683594	56,3120002746582
0,465698249172419	0,855150207519531	56,4119987487793
0,466562894871458	0,856773193359375	56,5120010375977
0,46737669617869	0,858427856445313	56,6119995117188
0,468241370981559	0,859937622070313	56,7120018005371
0,469106045784429	0,861610656738281	56,8120002746582
0,469919817987829	0,863049011230469	56,9119987487793
0,470784521894529	0,864746337890625	57,0120010375977
0,47159829409793	0,866245544433594	57,1119995117188
0,4724629689008	0,867881042480469	57,2120018005371
0,473276770208031	0,869279418945313	57,3120002746582
0,474090571515262	0,870747436523438	57,4119987487793
0,474904401926324	0,872444885253906	57,5120010375977
0,475718174129725	0,873892883300781	57,6119995117188
0,476582848932594	0,875568176269531	57,7120018005371
0,477396650239825	0,877094055175781	57,8120002746582
0,478210451547056	0,878589660644531	57,9119987487793
0,479075097246096	0,880188537597656	58,0120010375977
0,479888927657157	0,881739624023438	58,1119995117188
0,480702728964388	0,883336242675781	58,2120018005371
0,481516501167789	0,884776672363281	58,3120002746582
0,482381205074489	0,886486877441406	58,4119987487793
0,48319497727789	0,887930969238281	58,5120010375977
0,484059652080759	0,889438842773438	58,6119995117188
0,484873453387991	0,891100769042969	58,7120018005371
0,48573812819086	0,892768798828125	58,8120002746582
0,486551900394261	0,894342468261719	58,9119987487793
0,487416604300961	0,895941955566406	59,0120010375977
0,488230376504362	0,897404174804688	59,1119995117188
0,489095051307231	0,899061279296875	59,2120018005371
0,489908852614462	0,90072509765625	59,3120002746582
0,490773527417332	0,902053649902344	59,4119987487793
0,491587328724563	0,9037109375	59,5120010375977
0,492401130031794	0,905284912109375	59,6119995117188
0,493214931339026	0,906902160644531	59,7120018005371
0,494079606141895	0,908297607421875	59,8120002746582
0,494893407449126	0,910121948242188	59,9119987487793
0,495707208756357	0,911466613769531	60,0120010375977
0,496521010063589	0,912885864257813	60,1119995117188
0,49733481137082	0,914403503417969	60,2120018005371
0,498148612678051	0,916066284179688	60,3120002746582
0,498962413985282	0,917434814453125	60,4119987487793
0,499776215292513	0,919050964355469	60,5120010375977
0,500590016599745	0,920661865234375	60,6119995117188
0,501403817906976	0,921916198730469	60,7120018005371
0,502217619214207	0,923640258789063	60,8120002746582
0,503031420521438	0,925181640625	60,9119987487793
0,503845221828669	0,926638610839844	61,0120010375977
0,504709896631539	0,928166015625	61,1119995117188
0,50552369793877	0,929635314941406	61,2120018005371
0,50638837274164	0,931314208984375	61,3120002746582
0,507202174048871	0,932681640625	61,4119987487793
0,50806684885174	0,934482849121094	61,5120010375977
0,508880591951311	0,935912902832031	61,6119995117188
0,509694393258542	0,937554321289063	61,7120018005371
0,510559068061411	0,939175720214844	61,8120002746582
0,511423742864281	0,940646484375	61,9119987487793
0,512288417667151	0,94229638671875	62,0120010375977
0,51315309247002	0,943876892089844	62,1119995117188
0,51401776727289	0,945565612792969	62,2120018005371
0,514882383868098	0,947096984863281	62,3120002746582
0,51569624338299	0,948649536132813	62,4119987487793
0,516560859978199	0,950270385742188	62,5120010375977
0,517374719493091	0,951826782226563	62,6119995117188
0,5182393360883	0,953228637695313	62,7120018005371
0,519053137395531	0,955007751464844	62,8120002746582
0,519866938702762	0,956578125	62,9119987487793
0,520731613505632	0,958104064941406	63,0120010375977
0,521545414812863	0,959395629882813	63,1119995117188
0,522359216120094	0,960900329589844	63,2120018005371
0,523173017427325	0,962467895507813	63,3120002746582
0,523986818734556	0,964280151367188	63,4119987487793
0,524851493537426	0,965822875976563	63,5120010375977
0,525665294844657	0,967135559082031	63,6119995117188
0,526479037944227	0,968516540527344	63,7120018005371
0,52729289745912	0,970124389648438	63,8120002746582
0,528157514054328	0,971533386230469	63,9119987487793
0,52897137356922	0,973200134277344	64,0120010375977
0,529835990164429	0,974642028808594	64,1119995117188
0,530649849679321	0,976105773925781	64,2119979858398
0,531463650986552	0,97778125	64,3119964599609
0,532328325789422	0,979149169921875	64,4120025634766
0,533142068888992	0,980870422363281	64,5120010375977
0,534006801899523	0,982388366699219	64,6119995117188
0,534820544999093	0,983913940429688	64,7119979858398
0,535685219801962	0,985399291992188	64,8119964599609
0,536499021109194	0,987095275878906	64,9120025634766
0,537363695912063	0,988584350585938	65,0120010375977
0,538177497219294	0,990011413574219	65,1119995117188
0,538991298526526	0,991568725585938	65,2119979858398
0,539855973329395	0,993193054199219	65,3119964599609
0,540669716428965	0,994653991699219	65,4120025634766
0,541483575943857	0,996116638183594	65,5120010375977
0,542297377251089	0,997613891601563	65,6119995117188
0,543111120350659	0,999369567871094	65,7119979858398
0,543924979865551	1,00065441894531	65,8119964599609
0,544738781172782	1,00211480712891	65,9120025634766
0,545552524272352	1,00375415039063	66,0120010375977
0,546366383787245	1,00517852783203	66,1119995117188
0,547180185094476	1,00661608886719	66,2119979858398
0,547993986401707	1,00808325195313	66,3119964599609
0,548858661204576	1,00966174316406	66,4120025634766
0,549672404304147	1,01126519775391	66,5120010375977
0,550486263819039	1,01259704589844	66,6119995117188
0,551350880414248	1,01415679931641	66,7119979858398
0,55216473992914	1,01555688476563	66,8119964599609
0,552978541236371	1,0171787109375	66,9120025634766
0,55384321603924	1,01874285888672	67,0120010375977
0,554656959138811	1,02030731201172	67,1119995117188
0,555521692149341	1,02190673828125	67,2119979858398
0,556335435248911	1,02344342041016	67,3119964599609
0,557200110051781	1,02501220703125	67,4120025634766
0,558064784854651	1,02648352050781	67,5120010375977
0,55892945965752	1,02791625976563	67,6119995117188
0,55974320275709	1,02972631835938	67,7119979858398
0,560607935767621	1,03108459472656	67,8119964599609
0,561421678867191	1,03261706542969	67,9120025634766
0,562286353670061	1,03422509765625	68,0120010375977
0,563100154977292	1,03568493652344	68,1119995117188
0,563964829780161	1,03718676757813	68,2119979858398
0,564778631087393	1,03870422363281	68,3119964599609
0,565592490602285	1,04005603027344	68,4120025634766
0,566457107197493	1,04163232421875	68,5120010375977
0,567270908504725	1,04301062011719	68,6119995117188
0,568084709811956	1,04465380859375	68,7119979858398
0,568898511119187	1,04609765625	68,8119964599609
0,569712312426418	1,04771008300781	68,9120025634766
0,570576987229288	1,04917236328125	69,0120010375977
0,571390788536519	1,05059301757813	69,1119995117188
0,57220458984375	1,05218615722656	69,2119979858398
0,573018391150981	1,05365112304688	69,3119964599609
0,573883065953851	1,05525	69,4120025634766
0,574696867261082	1,05669140625	69,5120010375977
0,575510668568313	1,05825915527344	69,6119995117188
0,576375285163522	1,05962951660156	69,7119979858398
0,577189144678414	1,06126501464844	69,8119964599609
0,578053761273623	1,0626416015625	69,9120025634766
0,578867620788515	1,06422241210938	70,0120010375977
0,579732237383723	1,06575537109375	70,1119995117188
0,580596912186593	1,06728259277344	70,2119979858398
0,581410713493824	1,06882092285156	70,3119964599609
0,582275388296694	1,07020300292969	70,4120025634766
0,583140063099563	1,0717177734375	70,5120010375977
0,583953864406794	1,0732353515625	70,6119995117188
0,584767665714026	1,07474731445313	70,7119979858398
0,585632340516895	1,07622082519531	70,8119964599609
0,586446083616465	1,07775610351563	70,9120025634766
0,587259943131357	1,07905541992188	71,0120010375977
0,588073744438589	1,08069213867188	71,1119995117188
0,588887487538159	1,08198840332031	71,2119979858398
0,589701347053051	1,08350952148438	71,3119964599609
0,590515148360282	1,08498937988281	71,4120025634766
0,591328891459852	1,08642272949219	71,5120010375977
0,592142750974745	1,08791723632813	71,6119995117188
0,592956552281976	1,08939453125	71,7119979858398
0,593770353589207	1,09086560058594	71,8119964599609
0,594584154896438	1,09232885742188	71,9120025634766
0,595448771491647	1,09384094238281	72,0120010375977
0,596262631006539	1,09533227539063	72,1119995117188
0,59707643231377	1,09671374511719	72,2119979858398
0,59789017541334	1,098279296875	72,3119964599609
0,598754908423871	1,09978784179688	72,4120025634766
0,599568651523441	1,10122766113281	72,5120010375977
0,600433326326311	1,10278942871094	72,6119995117188
0,601247127633542	1,10424938964844	72,7119979858398
0,602060987148434	1,10565344238281	72,8119964599609
0,602925603743643	1,10728503417969	72,9120025634766
0,603790278546512	1,10877685546875	73,0120010375977
0,604604079853743	1,110255859375	73,1119995117188
0,605468754656613	1,11171984863281	73,2119979858398
0,606333429459482	1,1132275390625	73,3119964599609
0,607147230766714	1,11487377929688	73,4120025634766
0,608011905569583	1,11639245605469	73,5120010375977
0,608825706876814	1,11786804199219	73,6119995117188
0,609690381679684	1,11936596679688	73,7119979858398
0,610504124779254	1,12077038574219	73,8119964599609
0,611317926086485	1,12228564453125	73,9120025634766
0,612131785601377	1,12368481445313	74,0120010375977
0,612945528700948	1,12509741210938	74,1119995117188
0,613810261711478	1,12657336425781	74,2119979858398
0,614624004811049	1,12806652832031	74,3119964599609
0,61543780611828	1,12964318847656	74,4120025634766
0,616251665633172	1,13105969238281	74,5120010375977
0,61711628222838	1,13237719726563	74,6119995117188
0,617930141743273	1,1339267578125	74,7119979858398
0,618743884842843	1,13534204101563	74,8119964599609
0,619557686150074	1,13694091796875	74,9120025634766
0,620422360952944	1,13831018066406	75,0120010375977
0,621236162260175	1,13971130371094	75,1119995117188
0,622049963567406	1,14128698730469	75,2119979858398
0,622914638370276	1,14283435058594	75,3119964599609
0,623779313173145	1,14422692871094	75,4120025634766
0,624593056272715	1,14565490722656	75,5120010375977
0,625457789283246	1,14723315429688	75,6119995117188
0,626271532382816	1,14856469726563	75,7119979858398
0,627136207185686	1,15012951660156	75,8119964599609
0,628000940196216	1,15176220703125	75,9120025634766
0,628814683295786	1,15303686523438	76,0120010375977
0,629679358098656	1,15453930664063	76,1119995117188
0,630493159405887	1,15606164550781	76,2119979858398
0,631357834208757	1,15749072265625	76,3119964599609
0,632171635515988	1,15889135742188	76,4120025634766
0,632985436823219	1,16044836425781	76,5120010375977
0,633850111626089	1,1619248046875	76,6119995117188
0,634663854725659	1,16324438476563	76,7119979858398
0,635477714240551	1,16465881347656	76,8119964599609
0,636291515547782	1,16603234863281	76,9120025634766
0,637105258647352	1,16751892089844	77,0120010375977
0,637919118162245	1,16883020019531	77,1119995117188
0,638732919469476	1,17022424316406	77,2119979858398
0,639546720776707	1,17188317871094	77,3119964599609
0,640360522083938	1,17328430175781	77,4120025634766
0,641174323391169	1,17468139648438	77,5120010375977
0,641988124698401	1,17608850097656	77,6119995117188
0,642801926005632	1,17757751464844	77,7119979858398
0,64366654260084	1,17903747558594	77,8119964599609
0,644480402115732	1,18034301757813	77,9120025634766
0,645294203422964	1,18195971679688	78,0120010375977
0,646158878225833	1,18326904296875	78,1119995117188
0,646972679533064	1,1847841796875	78,2119979858398
0,647837354335934	1,18633447265625	78,3119964599609
0,648701970931143	1,18785363769531	78,4120025634766
0,649515830446035	1,18931872558594	78,5120010375977
0,650380447041243	1,19066015625	78,6119995117188
0,651194248348475	1,19220397949219	78,7119979858398
0,652058923151344	1,19381188964844	78,8119964599609
0,652923597954214	1,19523669433594	78,9120025634766
0,653788272757083	1,19663562011719	79,0120010375977
0,654602074064314	1,19814489746094	79,1119995117188
0,655466748867184	1,19955981445313	79,2119979858398
0,656280491966754	1,20097717285156	79,3119964599609
0,657145224977285	1,20247473144531	79,4120025634766
0,657958968076855	1,20397399902344	79,5120010375977
0,658772769384086	1,205287109375	79,6119995117188
0,659586628898978	1,20674572753906	79,7119979858398
0,660451245494187	1,20819396972656	79,8119964599609
0,661265046801418	1,20958654785156	79,9120025634766
0,662078848108649	1,21084399414063	80,0120010375977
0,66289264941588	1,21245922851563	80,1119995117188
0,66375732421875	1,21395727539063	80,2119979858398
0,664571125525981	1,21536865234375	80,3119964599609
0,665384926833212	1,21671325683594	80,4120025634766
0,666249601636082	1,21809252929688	80,5120010375977
0,667063402943313	1,21960583496094	80,6119995117188
0,667877204250544	1,22105419921875	80,7119979858398
0,668741879053414	1,22244299316406	80,8119964599609
0,669555680360645	1,22384240722656	80,9120025634766
0,670420355163515	1,22529907226563	81,0120010375977
0,671234156470746	1,22678637695313	81,1119995117188
0,672047899570316	1,22809265136719	81,2119979858398
0,672912574373186	1,22973278808594	81,3119964599609
0,673726375680417	1,23116284179688	81,4120025634766
0,674591050483286	1,23259338378906	81,5120010375977
0,675404851790518	1,23385339355469	81,6119995117188
0,67621871130541	1,23536938476563	81,7119979858398
0,677083327900618	1,23672106933594	81,8119964599609
0,67789712920785	1,23825415039063	81,9120025634766
0,678710930515081	1,23949133300781	82,0120010375977
0,679524731822312	1,24095678710938	82,1119995117188
0,680338533129543	1,24219311523438	82,2119979858398
0,681203207932413	1,24394519042969	82,3119964599609
0,682017009239644	1,24513598632813	82,4120025634766
0,682830810546875	1,24654895019531	82,5120010375977
0,683644611854106	1,24801196289063	82,6119995117188
0,684458413161337	1,24938354492188	82,7119979858398
0,685272214468569	1,25067297363281	82,8119964599609
0,6860860157758	1,25202502441406	82,9120025634766
0,686899817083031	1,25348828125	83,0120010375977
0,687713618390262	1,25483020019531	83,1119995117188
0,688527419697493	1,256240234375	83,2119979858398
0,689341221004725	1,25772912597656	83,3119964599609
0,690155022311956	1,2591123046875	83,4120025634766
0,691019697114825	1,26041003417969	83,5120010375977
0,691833498422056	1,26191479492188	83,6119995117188
0,692647299729288	1,2631240234375	83,7119979858398
0,693511974532157	1,26457141113281	83,8119964599609
0,694325717631727	1,26617211914063	83,9120025634766
0,695190450642258	1,26746411132813	84,0120010375977
0,696055125445127	1,26889611816406	84,1119995117188
0,696868868544698	1,27029467773438	84,2119979858398
0,697733601555228	1,27178979492188	84,3119964599609
0,698598218150437	1,27317651367188	84,4120025634766
0,699462892953306	1,27472802734375	84,5120010375977
0,700327567756176	1,27614624023438	84,6119995117188
0,701141369063407	1,27767602539063	84,7119979858398
0,702006043866277	1,27908984375	84,8119964599609
0,702819845173508	1,28054235839844	84,9120025634766
0,703684519976377	1,28193078613281	85,0120010375977
0,704498263075948	1,28320239257813	85,1119995117188
0,705312064383179	1,28465441894531	85,2119979858398
0,706125923898071	1,2860673828125	85,3119964599609
0,70699054049328	1,28750280761719	85,4120025634766
0,707804400008172	1,28877038574219	85,5120010375977
0,708618143107742	1,29024438476563	85,6119995117188
0,709482876118273	1,2915419921875	85,7119979858398
0,710296619217843	1,29276208496094	85,8119964599609
0,711110420525074	1,29437377929688	85,9120025634766
0,711924280039966	1,29573852539063	86,0120010375977
0,712738023139536	1,29703161621094	86,1119995117188
0,713602697942406	1,298427734375	86,2119979858398
0,714416499249637	1,29992297363281	86,3119964599609
0,715281174052507	1,30138903808594	86,4120025634766
0,716094975359738	1,30239306640625	86,5120010375977
0,716908776666969	1,30387731933594	86,6119995117188
0,717773451469839	1,30533349609375	86,7119979858398
0,718587194569409	1,30674658203125	86,8119964599609
0,719401054084301	1,30817797851563	86,9120025634766
0,72026567067951	1,30954248046875	87,0120010375977
0,721130345482379	1,31075610351563	87,1119995117188
0,72194414678961	1,31244299316406	87,2119979858398
0,72280882159248	1,31387365722656	87,3119964599609
0,723622622899711	1,31508679199219	87,4120025634766
0,724436482414603	1,31661999511719	87,5120010375977
0,725301099009812	1,31788879394531	87,6119995117188
0,726114900317043	1,31944567871094	87,7119979858398
0,726928701624274	1,32058386230469	87,8119964599609
0,727742502931505	1,32215087890625	87,9120025634766
0,728556362446398	1,32335266113281	88,0120010375977
0,729370105545968	1,32466638183594	88,1119995117188
0,730183906853199	1,32602563476563	88,2119979858398
0,730997766368091	1,32734167480469	88,3119964599609
0,731811509467661	1,32864123535156	88,4120025634766
0,732625310774893	1,33043872070313	88,5120010375977
0,733439170289785	1,33134460449219	88,6119995117188
0,734252913389355	1,33290637207031	88,7119979858398
0,735117588192225	1,3339462890625	88,8119964599609
0,735931389499456	1,33567932128906	88,9120025634766
0,736745190806687	1,33698901367188	89,0120010375977
0,737558992113918	1,33836743164063	89,1119995117188
0,738423666916788	1,33958190917969	89,2119979858398
0,739237468224019	1,34107067871094	89,3119964599609
0,740102084819227	1,34233044433594	89,4120025634766
0,74091594433412	1,343734375	89,5120010375977
0,741780560929328	1,3452275390625	89,6119995117188
0,742645235732198	1,34652661132813	89,7119979858398
0,743509968742728	1,34805444335938	89,8119964599609
0,744374585337937	1,34957348632813	89,9120025634766
0,745239260140806	1,35085546875	90,0120010375977
0,746103934943676	1,35217834472656	90,1119995117188
0,746917736250907	1,35390124511719	90,2119979858398
0,747782411053777	1,35501635742188	90,3119964599609
0,748596212361008	1,35631555175781	90,4120025634766
0,749460887163877	1,35787963867188	90,5120010375977
0,750274630263448	1,35908679199219	90,6119995117188
0,751088431570679	1,36064758300781	90,7119979858398
0,751953106373549	1,36182788085938	90,8119964599609
0,75276690768078	1,36322875976563	90,9120025634766
0,753580767195672	1,36437036132813	91,0120010375977
0,754394510295242	1,36572607421875	91,1119995117188
0,755208311602473	1,367111328125	91,2119979858398
0,756022171117365	1,36842614746094	91,3119964599609
0,756835914216936	1,3698173828125	91,4120025634766
0,757700647227466	1,3710966796875	91,5120010375977
0,758514390327036	1,37243310546875	91,6119995117188
0,759328191634268	1,37377209472656	91,7119979858398
0,76014205114916	1,37527331542969	91,8119964599609
0,761006667744368	1,37674438476563	91,9120025634766
0,7618204690516	1,37811340332031	92,0120010375977
0,762685143854469	1,37945336914063	92,1119995117188
0,7634989451617	1,38079956054688	92,2119979858398
0,764312746468931	1,38188977050781	92,3119964599609
0,765177421271801	1,38327526855469	92,4120025634766
0,765991222579032	1,38493212890625	92,5120010375977
0,766855897381902	1,38597766113281	92,6119995117188
0,76772051397711	1,387544921875	92,7119979858398
0,768534373492002	1,38887622070313	92,8119964599609
0,769398990087211	1,39020349121094	92,9120025634766
0,770212849602103	1,39137463378906	93,0120010375977
0,771026592701674	1,39274816894531	93,1119995117188
0,771891267504543	1,39402734375	93,2119979858398
0,772705068811774	1,39519702148438	93,3119964599609
0,773518870119005	1,39668347167969	93,4120025634766
0,774332729633898	1,39803149414063	93,5120010375977
0,775146472733468	1,39939196777344	93,6119995117188
0,775960274040699	1,40057238769531	93,7119979858398
0,776774133555591	1,40190551757813	93,8119964599609
0,777587876655161	1,40311169433594	93,9120025634766
0,778401677962393	1,4043974609375	94,0120010375977
0,779215537477285	1,40590197753906	94,1119995117188
0,780080154072493	1,40711279296875	94,2119979858398
0,780893955379725	1,40849157714844	94,3119964599609
0,781707756686956	1,40967016601563	94,4120025634766
0,782572431489825	1,41107141113281	94,5120010375977
0,783386232797056	1,41225573730469	94,6119995117188
0,784200034104288	1,4137021484375	94,7119979858398
0,785064708907157	1,41496362304688	94,8119964599609
0,785878452006727	1,41625329589844	94,9120025634766
0,786743185017258	1,4176328125	95,0120010375977
0,787556928116828	1,41892614746094	95,1119995117188
0,788421602919698	1,42022106933594	95,2119979858398
0,789235404226929	1,421533203125	95,3119964599609
0,790100079029799	1,4230390625	95,4120025634766
0,790964753832668	1,42424291992188	95,5120010375977
0,791778555139899	1,42567956542969	95,6119995117188
0,792643229942769	1,42722534179688	95,7119979858398
0,793507846537977	1,42827758789063	95,8119964599609
0,79432170605287	1,42984643554688	95,9120025634766
0,795186322648078	1,43128381347656	96,0120010375977
0,79600018216297	1,43252294921875	96,1119995117188
0,796813983470201	1,43392004394531	96,2119979858398
0,797627726569772	1,43501013183594	96,3119964599609
0,798492459580302	1,43630529785156	96,4120025634766
0,799306202679873	1,43768115234375	96,5120010375977
0,800120062194765	1,43898706054688	96,6119995117188
0,800933863501996	1,44022338867188	96,7119979858398
0,801747606601566	1,44132885742188	96,8119964599609
0,802612281404436	1,44294177246094	96,9120025634766
0,803426082711667	1,44390515136719	97,0120010375977
0,804239942226559	1,44517858886719	97,1119995117188
0,805053685326129	1,44673791503906	97,2119979858398
0,80591841833666	1,4479296875	97,3119964599609
0,80673216143623	1,449091796875	97,4120025634766
0,807545962743461	1,45063830566406	97,5120010375977
0,808410637546331	1,45196667480469	97,6119995117188
0,809224438853562	1,45337145996094	97,7119979858398
0,810038240160793	1,45451037597656	97,8119964599609
0,810902914963663	1,4555888671875	97,9120025634766
0,811716716270894	1,45722607421875	98,0120010375977
0,812581332866102	1,45843542480469	98,1119995117188
0,813446065876633	1,45973254394531	98,2119979858398
0,814310740679502	1,46115258789063	98,3119964599609
0,815124483779073	1,46272155761719	98,4120025634766
0,815989216789603	1,46353283691406	98,5120010375977
0,816802959889174	1,46505529785156	98,6119995117188
0,817616761196405	1,46672680664063	98,7119979858398
0,818481435999274	1,46755065917969	98,8119964599609
0,819295237306505	1,46886743164063	98,9120025634766
0,820109096821398	1,46997509765625	99,0120010375977
0,820922839920968	1,47129431152344	99,1119995117188
0,821736641228199	1,47234118652344	99,2119979858398
0,822550500743091	1,473568359375	99,3119964599609
0,823364243842661	1,47498596191406	99,4120025634766
0,824178045149893	1,47663354492188	99,5120010375977
0,824991904664785	1,47758422851563	99,6119995117188
0,825805647764355	1,47882971191406	99,7119979858398
0,826619449071586	1,48016394042969	99,8119964599609
0,827433308586478	1,48128051757813	99,9120025634766
0,828247051686049	1,48280834960938	100,012001037598
0,829111726488918	1,48398303222656	100,111999511719
0,829925527796149	1,48543811035156	100,21199798584
0,83073932910338	1,486591796875	100,311996459961
0,83160400390625	1,48781359863281	100,412002563477
0,832417805213481	1,48921862792969	100,512001037598
0,833282480016351	1,49043505859375	100,611999511719
0,83414715481922	1,49165466308594	100,71199798584
0,834960956126451	1,49250207519531	100,811996459961
0,835825630929321	1,49422570800781	100,912002563477
0,83669024752453	1,49556567382813	101,012001037598
0,837554922327399	1,49669506835938	101,111999511719
0,83836872363463	1,49805285644531	101,21199798584
0,8392333984375	1,4993837890625	101,311996459961
0,840047199744731	1,50066625976563	101,412002563477
0,840911874547601	1,50182421875	101,512001037598
0,841725675854832	1,50312072753906	101,611999511719
0,842539477162063	1,5044306640625	101,71199798584
0,843404093757272	1,50582629394531	101,811996459961
0,844217953272164	1,50694555664063	101,912002563477
0,845031754579395	1,50823999023438	102,012001037598
0,845896429382265	1,509205078125	102,111999511719
0,846710230689496	1,51060852050781	102,21199798584
0,847523973789066	1,51190075683594	102,311996459961
0,848337833303958	1,51310180664063	102,412002563477
0,849151634611189	1,51436254882813	102,512001037598
0,850016309414059	1,515486328125	102,611999511719
0,850830052513629	1,51670947265625	102,71199798584
0,85164385382086	1,51789916992188	102,811996459961
0,85250852862373	1,51923583984375	102,912002563477
0,853322329930961	1,52044226074219	103,012001037598
0,854187004733831	1,52159167480469	103,111999511719
0,855000806041062	1,52298803710938	103,21199798584
0,855865480843931	1,52415356445313	103,311996459961
0,856679282151163	1,52532263183594	103,412002563477
0,857543956954032	1,52672229003906	103,512001037598
0,858357700053602	1,52795471191406	103,611999511719
0,859171559568495	1,52914978027344	103,71199798584
0,860036176163703	1,53024743652344	103,811996459961
0,860850035678595	1,53163732910156	103,912002563477
0,861714652273804	1,53302014160156	104,012001037598
0,862528511788696	1,53409680175781	104,111999511719
0,863342313095927	1,53529602050781	104,21199798584
0,864206987898797	1,53644079589844	104,311996459961
0,865020730998367	1,53767602539063	104,412002563477
0,865834532305598	1,53891320800781	104,512001037598
0,86664839182049	1,54001232910156	104,611999511719
0,867462134920061	1,54145080566406	104,71199798584
0,868275936227292	1,54256518554688	104,811996459961
0,869089795742184	1,54367370605469	104,912002563477
0,869903538841754	1,54505297851563	105,012001037598
0,870717340148985	1,54621948242188	105,111999511719
0,871531199663877	1,54746154785156	105,21199798584
0,872344942763448	1,54836987304688	105,311996459961
0,873158744070679	1,54964428710938	105,412002563477
0,874023418873549	1,55094445800781	105,512001037598
0,87483722018078	1,55205297851563	105,611999511719
0,875651079695672	1,55325073242188	105,71199798584
0,876464822795242	1,55444653320313	105,811996459961
0,877329555805773	1,55553955078125	105,912002563477
0,878143298905343	1,5567861328125	106,012001037598
0,879007973708212	1,55802673339844	106,111999511719
0,879821775015444	1,55928857421875	106,21199798584
0,880686449818313	1,56055554199219	106,311996459961
0,881500251125544	1,56160485839844	106,412002563477
0,882364925928414	1,562955078125	106,512001037598
0,883229542523623	1,56437377929688	106,611999511719
0,884094217326492	1,56543859863281	106,71199798584
0,884958950337023	1,56658239746094	106,811996459961
0,885823566932231	1,56791003417969	106,912002563477
0,886637368239462	1,56915466308594	107,012001037598
0,887502043042332	1,57055554199219	107,111999511719
0,888366717845201	1,5714443359375	107,21199798584
0,889180460944772	1,57260681152344	107,311996459961
0,889994320459664	1,57362707519531	107,412002563477
0,890808121766895	1,57468640136719	107,512001037598
0,891672796569765	1,57591369628906	107,611999511719
0,892486597876996	1,57707312011719	107,71199798584
0,893300340976566	1,57807458496094	107,811996459961
0,894114200491458	1,57951904296875	107,912002563477
0,894928001798689	1,58054675292969	108,012001037598
0,89574174489826	1,58155749511719	108,111999511719
0,896606419701129	1,58281140136719	108,21199798584
0,89742022100836	1,58391162109375	108,311996459961
0,898234080523252	1,5850703125	108,412002563477
0,899047823622823	1,58623413085938	108,512001037598
0,899912556633353	1,58728210449219	108,611999511719
0,900726299732924	1,58863305664063	108,71199798584
0,901540101040155	1,58980346679688	108,811996459961
0,902404775843024	1,59101184082031	108,912002563477
0,903218577150255	1,59215344238281	109,012001037598
0,904083251953125	1,59316918945313	109,111999511719
0,904897053260356	1,59449206542969	109,21199798584
0,905761728063226	1,5956201171875	109,311996459961
0,906575529370457	1,59672595214844	109,412002563477
0,907440204173326	1,59807556152344	109,512001037598
0,908253947272897	1,59937036132813	109,611999511719
0,909118680283427	1,60032556152344	109,71199798584
0,909932423382998	1,601458984375	109,811996459961
0,91074628289789	1,6028759765625	109,912002563477
0,911560084205121	1,60381384277344	110,012001037598
0,91242475900799	1,60500732421875	110,111999511719
0,913238502107561	1,60620764160156	110,21199798584
0,914052303414792	1,60730212402344	110,311996459961
0,914866162929684	1,60829919433594	110,412002563477
0,915679906029254	1,60951354980469	110,512001037598
0,916493707336485	1,61051867675781	110,611999511719
0,917307566851377	1,61162292480469	110,71199798584
0,918121309950948	1,61274084472656	110,811996459961
0,918935111258179	1,61400122070313	110,912002563477
0,919748970773071	1,61487646484375	111,012001037598
0,920562772080302	1,61617126464844	111,111999511719
0,921427446883172	1,61725610351563	111,21199798584
0,922241189982742	1,61831384277344	111,311996459961
0,923054991289973	1,61956262207031	111,412002563477
0,923919666092843	1,62062475585938	111,512001037598
0,924733467400074	1,62179772949219	111,611999511719
0,925598142202944	1,62297937011719	111,71199798584
0,926462817005813	1,62411193847656	111,811996459961
0,927276618313044	1,6252763671875	111,912002563477
0,928141293115914	1,62636376953125	112,012001037598
0,929005909711123	1,62758239746094	112,111999511719
0,929870584513992	1,62882763671875	112,21199798584
0,930735317524523	1,62996923828125	112,311996459961
0,931599934119731	1,63116064453125	112,412002563477
0,932464608922601	1,63226831054688	112,512001037598
0,933278410229832	1,6333623046875	112,611999511719
0,934143085032701	1,63461413574219	112,71199798584
0,934956828132272	1,63571728515625	112,811996459961
0,935821561142802	1,636673828125	112,912002563477
0,936635304242373	1,63781848144531	113,012001037598
0,937449163757265	1,63891796875	113,111999511719
0,938262965064496	1,63993334960938	113,21199798584
0,939127639867365	1,64104553222656	113,311996459961
0,939941382966936	1,64221557617188	113,412002563477
0,940755184274167	1,64327966308594	113,512001037598
0,941569043789059	1,64428796386719	113,611999511719
0,942433660384268	1,64527368164063	113,71199798584
0,94324751989916	1,64636157226563	113,811996459961
0,94406126299873	1,64761645507813	113,912002563477
0,944875064305961	1,64860864257813	114,012001037598
0,945739739108831	1,64962683105469	114,111999511719
0,946553540416062	1,65076708984375	114,21199798584
0,947367341723293	1,6518974609375	114,311996459961
0,948232016526163	1,65277282714844	114,412002563477
0,949045817833394	1,65413879394531	114,512001037598
0,949910434428602	1,65514074707031	114,611999511719
0,950724293943495	1,65619519042969	114,71199798584
0,951588910538703	1,65741638183594	114,811996459961
0,952402770053595	1,65838415527344	114,912002563477
0,953267386648804	1,65933642578125	115,012001037598
0,954081246163696	1,66035791015625	115,111999511719
0,954945862758905	1,66153210449219	115,21199798584
0,955759722273797	1,66275256347656	115,311996459961
0,956573465373367	1,66363940429688	115,412002563477
0,957387266680598	1,66467883300781	115,512001037598
0,95820112619549	1,66565148925781	115,611999511719
0,959014869295061	1,66673767089844	115,71199798584
0,959828670602292	1,6676494140625	115,811996459961
0,960642530117184	1,66866516113281	115,912002563477
0,961456273216754	1,66980847167969	116,012001037598
0,962270074523985	1,67071936035156	116,111999511719
0,963083934038877	1,67168432617188	116,21199798584
0,963897677138448	1,67286547851563	116,311996459961
0,964711478445679	1,67375537109375	116,412002563477
0,965576153248549	1,67479870605469	116,512001037598
0,96638995455578	1,67564465332031	116,611999511719
0,967203814070672	1,67684094238281	116,71199798584
0,968017557170242	1,67764245605469	116,811996459961
0,968882290180773	1,67894653320313	116,912002563477
0,969696033280343	1,6798154296875	117,012001037598
0,970560708083212	1,68105895996094	117,111999511719
0,971374509390444	1,68195642089844	117,21199798584
0,972239184193313	1,68312023925781	117,311996459961
0,973103800788522	1,68391748046875	117,412002563477
0,973968533799052	1,68504528808594	117,512001037598
0,974782276898623	1,68617492675781	117,611999511719
0,975646951701492	1,68709008789063	117,71199798584
0,976511684712023	1,68816186523438	117,811996459961
0,977325486019254	1,68901501464844	117,912002563477
0,978190102614462	1,69009399414063	118,012001037598
0,979054719209671	1,69101000976563	118,111999511719
0,979868578724563	1,69198461914063	118,21199798584
0,980733195319772	1,6930615234375	118,311996459961
0,981547054834664	1,69397082519531	118,412002563477
0,982360797934234	1,69506091308594	118,512001037598
0,983174657449126	1,69598132324219	118,611999511719
0,983988516964018	1,69691650390625	118,71199798584
0,984802260063589	1,69791333007813	118,811996459961
0,985666876658797	1,69882153320313	118,912002563477
0,986480736173689	1,69979309082031	119,012001037598
0,98729447927326	1,70075988769531	119,111999511719
0,988108338788152	1,70178955078125	119,21199798584
0,988922081887722	1,70276940917969	119,311996459961
0,989735941402614	1,7037412109375	119,412002563477
0,990600557997823	1,70461694335938	119,512001037598
0,991414417512715	1,70563220214844	119,611999511719
0,992228160612285	1,70654577636719	119,71199798584
0,993092777207494	1,70769409179688	119,811996459961
0,993906636722386	1,70834753417969	119,912002563477
0,994771253317595	1,70968237304688	120,012001037598
0,995585112832487	1,71049963378906	120,111999511719
0,996449729427695	1,71147314453125	120,21199798584
0,997263588942587	1,71252734375	120,311996459961
0,998128205537796	1,7134775390625	120,412002563477
0,998992938548326	1,71445837402344	120,512001037598
0,999806681647897	1,71549157714844	120,611999511719
1,00067141465843	1,71654516601563	120,71199798584
1,00153603125364	1,71745520019531	120,811996459961
1,00234989076853	1,71846252441406	120,912002563477
1,00316375028342	1,71932214355469	121,012001037598
1,00397737696767	1,72036315917969	121,111999511719
1,00479123648256	1,72100341796875	121,21199798584
1,00560509599745	1,72201281738281	121,311996459961
1,00641883909702	1,72292639160156	121,412002563477
1,00723269861192	1,72382897949219	121,512001037598
1,00809731520712	1,72473291015625	121,611999511719
1,00891117472202	1,72563525390625	121,71199798584
1,00972491782159	1,72639868164063	121,811996459961
1,01053866092116	1,72728918457031	121,912002563477
1,01135252043605	1,72828869628906	122,012001037598
1,01216637995094	1,72911376953125	122,111999511719
1,01298012305051	1,72995715332031	122,21199798584
1,0137939825654	1,73090258789063	122,311996459961
1,0146078420803	1,73179711914063	122,412002563477
1,0154724586755	1,73252941894531	122,512001037598
1,01628620177507	1,73368347167969	122,611999511719
1,01709994487464	1,73427600097656	122,71199798584
1,01796467788517	1,73529553222656	122,811996459961
1,01877842098475	1,73641552734375	122,912002563477
1,01964315399528	1,73722277832031	123,012001037598
1,02050777059048	1,73802648925781	123,111999511719
1,02137238718569	1,73901647949219	123,21199798584
1,02218624670058	1,73994555664063	123,311996459961
1,02305086329579	1,74097131347656	123,412002563477
1,02391559630632	1,74190551757813	123,512001037598
1,02478032931685	1,74279296875	123,611999511719
1,02559407241642	1,74368432617188	123,71199798584
1,02645868901163	1,74450500488281	123,811996459961
1,02727254852653	1,74542517089844	123,912002563477
1,0280862916261	1,74625708007813	124,012001037598
1,02895102463663	1,74715405273438	124,111999511719
1,0297647677362	1,74804016113281	124,21199798584
1,03057862725109	1,74894201660156	124,311996459961
1,03139248676598	1,74949462890625	124,412002563477
1,03225710336119	1,75066418457031	124,512001037598
1,03307096287608	1,75136499023438	124,611999511719
1,03388458956033	1,75198962402344	124,71199798584
1,03469844907522	1,75289184570313	124,811996459961
1,03556306567043	1,75366918945313	124,912002563477
1,03637692518532	1,75452587890625	125,012001037598
1,03719078470021	1,75543518066406	125,111999511719
1,03805540129542	1,75613842773438	125,21199798584
1,03886926081032	1,75705505371094	125,311996459961
1,03968300390989	1,75775903320313	125,412002563477
1,04054773692042	1,75863977050781	125,512001037598
1,04136148001999	1,75939965820313	125,611999511719
1,04222621303052	1,76035290527344	125,71199798584
1,04303995613009	1,76102563476563	125,811996459961
1,04390468914062	1,76183337402344	125,912002563477
1,04476930573583	1,76263415527344	126,012001037598
1,04558316525072	1,76335131835938	126,111999511719
1,04644778184593	1,76413989257813	126,21199798584
1,04726164136082	1,76505041503906	126,311996459961
1,04807526804507	1,76567639160156	126,412002563477
1,04894011747092	1,76644006347656	126,512001037598
1,04975374415517	1,76723132324219	126,611999511719
1,05056760367006	1,76812377929688	126,71199798584
1,05138146318495	1,76871545410156	126,811996459961
1,05219520628452	1,76943469238281	126,912002563477
1,05300906579942	1,77019396972656	127,012001037598
1,05382292531431	1,77104150390625	127,111999511719
1,05463655199856	1,771580078125	127,21199798584
1,05545041151345	1,77233471679688	127,311996459961
1,05626427102834	1,77323779296875	127,412002563477
1,05712888762355	1,77383642578125	127,512001037598
1,05794274713844	1,77460791015625	127,611999511719
1,05875649023801	1,77543054199219	127,71199798584
1,0595703497529	1,77600708007813	127,811996459961
1,06043496634811	1,77695739746094	127,912002563477
1,061248825863	1,77775537109375	128,011993408203
1,06206256896257	1,77855883789063	128,111999511719
1,0629273019731	1,77913244628906	128,212005615234
1,06374104507267	1,77981811523438	128,311996459961
1,06460566166788	1,78067810058594	128,412002563477
1,06541952118278	1,78166467285156	128,511993408203
1,06628413777798	1,78222399902344	128,611999511719
1,06709799729288	1,78301867675781	128,712005615234
1,06796261388808	1,78378051757813	128,811996459961
1,06882723048329	1,78442492675781	128,912002563477
1,06969196349382	1,78523840332031	129,011993408203
1,07055669650435	1,78593493652344	129,111999511719
1,07137043960392	1,78686169433594	129,212005615234
1,07223505619913	1,78752416992188	129,311996459961
1,07309978920966	1,78813427734375	129,412002563477
1,07391353230923	1,78891613769531	129,511993408203
1,07477814890444	1,78962438964844	129,611999511719
1,07559200841933	1,79033129882813	129,712005615234
1,07640586793423	1,79091430664063	129,811996459961
1,0772196110338	1,79194311523438	129,912002563477
1,07803347054869	1,79220166015625	130,011993408203
1,07884733006358	1,79291003417969	130,111999511719
1,07971194665879	1,79333203125	130,212005615234
1,08052580617368	1,79403637695313	130,311996459961
1,08133943285793	1,79476184082031	130,412002563477
1,08215329237282	1,79536340332031	130,511993408203
1,08301790896803	1,7959921875	130,611999511719
1,08383176848292	1,79681323242188	130,712005615234
1,08464562799782	1,79744873046875	130,811996459961
1,08551024459302	1,798025390625	130,912002563477
1,08632410410792	1,79870727539063	131,011993408203
1,08713784720749	1,79923999023438	131,111999511719
1,08800258021802	1,79990747070313	131,212005615234
1,08881632331759	1,80040283203125	131,311996459961
1,08968105632812	1,80102709960938	131,412002563477
1,09049479942769	1,80168200683594	131,511993408203
1,09135953243822	1,8029697265625	131,611999511719
1,09217327553779	1,80293237304688	131,712005615234
1,09303800854832	1,80336096191406	131,811996459961
1,09385163523257	1,80438708496094	131,912002563477
1,09471648465842	1,8048251953125	132,011993408203
1,09553011134267	1,80544714355469	132,111999511719
1,09634397085756	1,80629516601563	132,212005615234
1,09715783037245	1,80690563964844	132,311996459961
1,09797157347202	1,80694604492188	132,412002563477
1,09878543298692	1,80765551757813	132,511993408203
1,09959929250181	1,80833703613281	132,611999511719
1,10041291918606	1,80887475585938	132,712005615234
1,10122677870095	1,80954772949219	132,811996459961
1,10204063821584	1,81003784179688	132,912002563477
1,10285438131541	1,81055932617188	133,011993408203
1,1036682408303	1,81121411132813	133,111999511719
1,10448210034519	1,8117197265625	133,212005615234
1,1053467169404	1,81234106445313	133,311996459961
1,1061605764553	1,81284851074219	133,412002563477
1,10697420313954	1,81351049804688	133,511993408203
1,10783893615007	1,81402429199219	133,611999511719
1,10865267924964	1,814669921875	133,712005615234
1,10946653876454	1,81521484375	133,811996459961
1,11033115535975	1,8159091796875	133,912002563477
1,11119588837028	1,81624670410156	134,011993408203
1,11206050496548	1,81693798828125	134,111999511719
1,11287436448038	1,81760229492188	134,212005615234
1,11373898107558	1,81849267578125	134,311996459961
1,11460359767079	1,81847570800781	134,412002563477
1,11546833068132	1,81962756347656	134,511993408203
1,11633306369185	1,81982299804688	134,611999511719
1,11719768028706	1,82050964355469	134,712005615234
1,11806241329759	1,82107702636719	134,811996459961
1,11887615639716	1,82150402832031	134,912002563477
1,11974088940769	1,82222644042969	135,011993408203
1,12055451609194	1,82264343261719	135,111999511719
1,12136837560683	1,823033203125	135,212005615234
1,12223299220204	1,82367956542969	135,311996459961
1,12304685171694	1,823921875	135,412002563477
1,12386071123183	1,82446215820313	135,511993408203
1,1246744543314	1,82501513671875	135,611999511719
1,12553918734193	1,82556298828125	135,712005615234
1,1263529304415	1,82560290527344	135,811996459961
1,12716678995639	1,826111328125	135,912002563477
1,12798053305596	1,82664538574219	136,011993408203
1,12879427615553	1,82718701171875	136,111999511719
1,12965900916606	1,82772180175781	136,212005615234
1,13047275226563	1,8282197265625	136,311996459961
1,13128661178052	1,82872021484375	136,412002563477
1,13210047129542	1,82915576171875	136,511993408203
1,13296508789063	1,82943579101563	136,611999511719
1,13377894740552	1,83014855957031	136,712005615234
1,13464356400073	1,83039562988281	136,811996459961
1,13545742351562	1,83087634277344	136,912002563477
1,13632204011083	1,83137133789063	137,011993408203
1,13713589962572	1,83167602539063	137,111999511719
1,13794964272529	1,8323388671875	137,212005615234
1,13881437573582	1,83290380859375	137,311996459961
1,13967899233103	1,83353698730469	137,412002563477
1,14049285184592	1,83390454101563	137,511993408203
1,14130647853017	1,83420751953125	137,611999511719
1,14212033804506	1,83474951171875	137,712005615234
1,14298495464027	1,8352109375	137,811996459961
1,14379881415516	1,83553637695313	137,912002563477
1,14461267367005	1,83595373535156	138,011993408203
1,14542641676962	1,83624938964844	138,111999511719
1,14624027628452	1,83679797363281	138,212005615234
1,14705401938409	1,83714758300781	138,311996459961
1,14786776248366	1,83767614746094	138,412002563477
1,14868162199855	1,83798852539063	138,511993408203
1,14949548151344	1,83843029785156	138,611999511719
1,15030922461301	1,83867517089844	138,712005615234
1,1511230841279	1,83908666992188	138,811996459961
1,15198770072311	1,83955822753906	138,912002563477
1,152801560238	1,83993493652344	139,011993408203
1,15361530333757	1,84034997558594	139,111999511719
1,1544800363481	1,84068322753906	139,212005615234
1,15529377944767	1,84081213378906	139,311996459961
1,15615839604288	1,84141430664063	139,412002563477
1,15697225555778	1,84194445800781	139,511993408203
1,15783687215298	1,84222485351563	139,611999511719
1,15865073166788	1,84274145507813	139,712005615234
1,15951534826308	1,84319763183594	139,811996459961
1,16037996485829	1,84353210449219	139,912002563477
1,16124469786882	1,84386340332031	140,011993408203
1,16210943087935	1,84420568847656	140,111999511719
1,16292317397892	1,84482849121094	140,212005615234
1,16378779057413	1,84507409667969	140,311996459961
1,16465252358466	1,84566955566406	140,412002563477
1,16546626668423	1,84600439453125	140,511993408203
1,16633088327944	1,84632763671875	140,611999511719
1,16714474279433	1,84666394042969	140,712005615234
1,16795860230923	1,84695593261719	140,811996459961
1,16882321890444	1,847400390625	140,912002563477
1,16963707841933	1,84752319335938	141,011993408203
1,1704508215189	1,84776708984375	141,111999511719
1,17126468103379	1,848052734375	141,212005615234
1,172129297629	1,84852661132813	141,311996459961
1,17294315714389	1,84885278320313	141,412002563477
1,17375690024346	1,84932299804688	141,511993408203
1,17457064334303	1,84961071777344	141,611999511719
1,17543537635356	1,84962377929688	141,712005615234
1,17624911945313	1,85024829101563	141,811996459961
1,17706297896802	1,85044421386719	141,912002563477
1,17792759556323	1,8508095703125	142,011993408203
1,17874145507813	1,85096228027344	142,111999511719
1,17960607167333	1,85139611816406	142,212005615234
1,18041993118823	1,851732421875	142,311996459961
1,18128454778343	1,85196838378906	142,412002563477
1,18209840729833	1,85233618164063	142,511993408203
1,18296302389354	1,85263391113281	142,611999511719
1,18377688340843	1,85316467285156	142,712005615234
1,18464150000364	1,85331848144531	142,811996459961
1,18545535951853	1,85337744140625	142,912002563477
1,18631997611374	1,85370397949219	143,011993408203
1,18713383562863	1,85387072753906	143,111999511719
1,1879475787282	1,85440148925781	143,212005615234
1,18881231173873	1,85452880859375	143,311996459961
1,1896260548383	1,854783203125	143,412002563477
1,19043979793787	1,85499133300781	143,511993408203
1,19125365745276	1,85519848632813	143,611999511719
1,19206751696765	1,85547033691406	143,712005615234
1,19288126006722	1,85564135742188	143,811996459961
1,19369511958212	1,85594323730469	143,912002563477
1,19450886268169	1,8561123046875	144,011993408203
1,19532260578126	1,856498046875	144,111999511719
1,19613646529615	1,85657995605469	144,212005615234
1,19695032481104	1,85694409179688	144,311996459961
1,19781494140625	1,85699084472656	144,412002563477
1,19862880092114	1,85730163574219	144,511993408203
1,19944254402071	1,85755358886719	144,611999511719
1,2002564035356	1,85781652832031	144,712005615234
1,20112102013081	1,85809912109375	144,811996459961
1,20193476323038	1,85839221191406	144,912002563477
1,20279949624091	1,85847192382813	145,011993408203
1,20361323934048	1,85889172363281	145,111999511719
1,20447785593569	1,85904125976563	145,212005615234
1,20534270536155	1,85940466308594	145,311996459961
1,20620732195675	1,85965600585938	145,412002563477
1,20702106505632	1,86005529785156	145,511993408203
1,20788579806685	1,86032421875	145,611999511719
1,20875041466206	1,860662109375	145,712005615234
1,20961514767259	1,86086804199219	145,811996459961
1,2104797642678	1,86094848632813	145,912002563477
1,21129362378269	1,86130419921875	146,011993408203
1,2121582403779	1,86162890625	146,111999511719
1,21302285697311	1,86165576171875	146,212005615234
1,213836716488	1,86190454101563	146,311996459961
1,21465045958757	1,86206066894531	146,412002563477
1,21546420268714	1,86219299316406	146,511993408203
1,21632893569767	1,86254663085938	146,611999511719
1,21714267879725	1,86256909179688	146,712005615234
1,21800741180778	1,86286279296875	146,811996459961
1,21882115490735	1,86296618652344	146,912002563477
1,21963501442224	1,86324133300781	147,011993408203
1,22044887393713	1,86326171875	147,111999511719
1,22131349053234	1,863564453125	147,212005615234
1,22212735004723	1,86370678710938	147,311996459961
1,2229410931468	1,8640048828125	147,412002563477
1,22375483624637	1,8639482421875	147,511993408203
1,22461945284158	1,8643544921875	147,611999511719
1,22543331235647	1,86443078613281	147,712005615234
1,22629792895168	1,86447033691406	147,811996459961
1,22711178846657	1,86495422363281	147,912002563477
1,22792564798146	1,86510424804688	148,011993408203
1,22879026457667	1,86511364746094	148,111999511719
1,22965488117188	1,86528149414063	148,212005615234
1,23046874068677	1,86539929199219	148,311996459961
1,23133335728198	1,86537646484375	148,412002563477
1,23214721679688	1,86575927734375	148,511993408203
1,23301183339208	1,866015625	148,611999511719
1,23382569290698	1,86611450195313	148,712005615234
1,23463955242187	1,86631518554688	148,811996459961
1,23550416901708	1,86639697265625	148,912002563477
1,23631802853197	1,86634912109375	149,011993408203
1,23713177163154	1,86674926757813	149,111999511719
1,23794551473111	1,86677514648438	149,212005615234
1,238759374246	1,866892578125	149,311996459961
1,23957311734557	1,86702990722656	149,412002563477
1,24038697686046	1,86692639160156	149,511993408203
1,24120083637536	1,86689123535156	149,611999511719
1,24201457947493	1,86714611816406	149,712005615234
1,2428283225745	1,8671669921875	149,811996459961
1,24364218208939	1,86733142089844	149,912002563477
1,24445592518896	1,86745251464844	150,011993408203
1,24532065819949	1,86731262207031	150,111999511719
1,24613440129906	1,86775	150,212005615234
1,24694826081395	1,8678046875	150,311996459961
1,24781287740916	1,86790344238281	150,412002563477
1,24862673692405	1,86815991210938	150,511993408203
1,24949135351926	1,86820068359375	150,611999511719
1,25030521303415	1,86844458007813	150,712005615234
1,25116982962936	1,86860192871094	150,811996459961
1,25203456263989	1,86851525878906	150,912002563477
1,2528991792351	1,868587890625	151,011993408203
1,25371303874999	1,86861206054688	151,111999511719
1,25462852884084	1,86891088867188	151,212005615234
1,25544227194041	1,86909704589844	151,311996459961
1,25630700495094	1,8690595703125	151,412002563477
1,25712074805051	1,86924548339844	151,511993408203
1,25798548106104	1,86928002929688	151,611999511719
1,25879922416061	1,86939233398438	151,712005615234
1,25966395717114	1,86943920898438	151,811996459961
1,26047770027071	1,86969445800781	151,912002563477
1,2612915597856	1,86970153808594	152,011993408203
1,26215617638081	1,86971691894531	152,111999511719
1,26296991948038	1,86991821289063	152,212005615234
1,26378377899528	1,86996606445313	152,311996459961
1,26459752209485	1,86994738769531	152,412002563477
1,26546225510538	1,87002856445313	152,511993408203
1,26627599820495	1,87026977539063	152,611999511719
1,26708985771984	1,87026623535156	152,712005615234
1,26795447431505	1,87025048828125	152,811996459961
1,26876833382994	1,87017041015625	152,912002563477
1,26958219334483	1,8706083984375	153,011993408203
1,27044680994004	1,87069165039063	153,111999511719
1,27126066945493	1,87067407226563	153,212005615234
1,27207429613918	1,87067541503906	153,311996459961
1,27293902914971	1,87082971191406	153,412002563477
1,27375277224928	1,87063793945313	153,511993408203
1,27461750525981	1,87068872070313	153,611999511719
1,27543124835938	1,87102844238281	153,712005615234
1,27629598136991	1,87109301757813	153,811996459961
1,27716059796512	1,87107934570313	153,912002563477
1,27797445748001	1,87128076171875	154,011993408203
1,27878820057958	1,87129626464844	154,111999511719
1,27965293359011	1,87120300292969	154,212005615234
1,28046667668968	1,87123913574219	154,311996459961
1,28133140970021	1,8712099609375	154,412002563477
1,28214515279979	1,87162048339844	154,511993408203
1,28295901231468	1,87145495605469	154,611999511719
1,28377287182957	1,87123229980469	154,712005615234
1,28458649851382	1,87149987792969	154,811996459961
1,28540035802871	1,87131970214844	154,912002563477
1,2862142175436	1,8711064453125	155,011993408203
1,28702796064317	1,87125842285156	155,111999511719
1,28784182015806	1,87118823242188	155,212005615234
1,28865567967296	1,87126684570313	155,311996459961
1,2894693063572	1,87125939941406	155,412002563477
1,2902831658721	1,87100122070313	155,511993408203
1,29109702538699	1,87136364746094	155,611999511719
1,2919616419822	1,87115502929688	155,712005615234
1,29277550149709	1,87127697753906	155,811996459961
1,29358924459666	1,87135559082031	155,912002563477
1,29445397760719	1,87132507324219	156,011993408203
1,2953185942024	1,871470703125	156,111999511719
1,29613245371729	1,87142248535156	156,212005615234
1,2969970703125	1,87131628417969	156,311996459961
1,29786168690771	1,87145642089844	156,412002563477
1,2986755464226	1,87145751953125	156,511993408203
1,29954016301781	1,871544921875	156,611999511719
1,30040489602834	1,87163647460938	156,712005615234
1,30126951262355	1,87162353515625	156,811996459961
1,30213412921876	1,87177758789063	156,912002563477
1,30299886222929	1,87192797851563	157,011993408203
1,30381260532886	1,87173864746094	157,111999511719
1,30462646484375	1,87169677734375	157,212005615234
1,30549108143896	1,87176721191406	157,311996459961
1,30630494095385	1,87186157226563	157,412002563477
1,30711880046874	1,87167199707031	157,511993408203
1,30798341706395	1,87172326660156	157,611999511719
1,30879727657884	1,87168737792969	157,712005615234
1,30961101967841	1,87170654296875	157,811996459961
1,31042476277798	1,87163610839844	157,912002563477
1,31123862229288	1,87139953613281	158,011993408203
1,31210323888808	1,87147290039063	158,111999511719
1,31291709840298	1,87160375976563	158,212005615234
1,31373084150255	1,8715009765625	158,311996459961
1,31454470101744	1,87152844238281	158,412002563477
1,31540931761265	1,87152307128906	158,511993408203
1,31622317712754	1,87154748535156	158,611999511719
1,31708779372275	1,87137573242188	158,712005615234
1,31790165323764	1,87139111328125	158,811996459961
1,31876626983285	1,87138806152344	158,912002563477
1,31958012934774	1,87131665039063	159,011993408203
1,32044474594295	1,87125549316406	159,111999511719
1,32130947895348	1,8713896484375	159,212005615234
1,32212322205305	1,871396484375	159,311996459961
1,32298795506358	1,8713740234375	159,412002563477
1,32385257165879	1,87140417480469	159,511993408203
1,32466643117368	1,87111938476563	159,611999511719
1,32553104776889	1,87136950683594	159,712005615234
1,32634479086846	1,87123461914063	159,811996459961
1,32715853396803	1,87118420410156	159,912002563477
1,32802326697856	1,87083947753906	160,011993408203
1,32883701007813	1,87104870605469	160,111999511719
1,32965086959302	1,87093188476563	160,212005615234
1,33046472910792	1,87081066894531	160,311996459961
1,33127847220749	1,87076416015625	160,412002563477
1,33209233172238	1,87065295410156	160,511993408203
1,33290607482195	1,8703984375	160,611999511719
1,33371981792152	1,87054711914063	160,712005615234
1,33453367743641	1,8703544921875	160,811996459961
1,3353475369513	1,87038012695313	160,912002563477
1,33616128005087	1,87015759277344	161,011993408203
1,33697513956577	1,87016540527344	161,111999511719
1,33783975616097	1,87004650878906	161,212005615234
1,33865361567587	1,87003247070313	161,311996459961
1,33946735877544	1,86976403808594	161,412002563477
1,34033197537065	1,87003344726563	161,511993408203
1,34114583488554	1,86997863769531	161,611999511719
1,34201045148075	1,86981640625	161,712005615234
1,34287506807595	1,869734375	161,811996459961
1,34368892759085	1,86968200683594	161,912002563477
1,34455354418606	1,86979858398438	162,011993408203
1,34541827719659	1,86967663574219	162,111999511719
1,34628301020712	1,86968603515625	162,212005615234
1,34714762680233	1,86975939941406	162,311996459961
1,34801235981286	1,86962170410156	162,412002563477
1,34882610291243	1,86972216796875	162,511993408203
1,34969083592296	1,86959887695313	162,611999511719
1,35055545251817	1,86956188964844	162,712005615234
1,35136931203306	1,86953295898438	162,811996459961
1,35223392862827	1,86917272949219	162,912002563477
1,35304767172784	1,86912841796875	163,011993408203
1,35386141482741	1,86914013671875	163,111999511719
1,35472614783794	1,8689580078125	163,212005615234
1,35553989093751	1,86886157226563	163,311996459961
1,3563537504524	1,86844567871094	163,412002563477
1,35716760996729	1,86880126953125	163,511993408203
1,35798135306686	1,86832177734375	163,611999511719
1,35879521258175	1,86826342773438	163,712005615234
1,35965982917696	1,86820446777344	163,811996459961
1,36047368869185	1,86796997070313	163,912002563477
1,36128743179142	1,86792443847656	164,011993408203
1,362101174891	1,86777233886719	164,111999511719
1,36296590790153	1,86767541503906	164,212005615234
1,3637796510011	1,86755944824219	164,311996459961
1,36459351051599	1,86749609375	164,412002563477
1,3654581271112	1,86753479003906	164,511993408203
1,36627198662609	1,86728662109375	164,611999511719
1,3671366032213	1,8672509765625	164,712005615234
1,36795046273619	1,86707788085938	164,811996459961
1,3688150793314	1,86701379394531	164,912002563477
1,36967981234193	1,86697338867188	165,011993408203
1,3704935554415	1,86689025878906	165,111999511719
1,37135828845203	1,8667626953125	165,212005615234
1,3721720315516	1,86660437011719	165,311996459961
1,37298589106649	1,86647058105469	165,412002563477
1,37379963416606	1,86628991699219	165,511993408203
1,37461337726563	1,86619323730469	165,611999511719
1,37542723678052	1,8660634765625	165,712005615234
1,37624109629542	1,86601916503906	165,811996459961
1,37710571289063	1,86579040527344	165,912002563477
1,37791957240552	1,86570239257813	166,011993408203
1,37868244200945	1,86545336914063	166,111999511719
1,37949618510902	1,86528149414063	166,212005615234
1,38036091811955	1,86510046386719	166,311996459961
1,38117466121912	1,86482165527344	166,412002563477
1,38198852073401	1,864646484375	166,511993408203
1,3828023802489	1,86461462402344	166,611999511719
1,38361612334847	1,86447741699219	166,712005615234
1,38448085635901	1,86417395019531	166,811996459961
1,38529459945858	1,86402563476563	166,912002563477
1,38610834255815	1,86393603515625	167,011993408203
1,38692220207304	1,86366955566406	167,111999511719
1,38773594517261	1,86344152832031	167,212005615234
1,38860067818314	1,86338244628906	167,311996459961
1,38946529477835	1,86322521972656	167,412002563477
1,39027915429324	1,86320910644531	167,511993408203
1,39114377088845	1,86282495117188	167,611999511719
1,39200838748366	1,86278747558594	167,712005615234
1,39287312049419	1,86280712890625	167,811996459961
1,39378872700036	1,86271337890625	167,912002563477
1,39465334359556	1,86236169433594	168,011993408203
1,39546720311046	1,86222912597656	168,111999511719
1,39633181970567	1,86218395996094	168,212005615234
1,39714567922056	1,86195935058594	168,311996459961
1,39801029581577	1,86175964355469	168,412002563477
1,39882403891534	1,86165417480469	168,511993408203
1,39968877192587	1,86128625488281	168,611999511719
1,40050251502544	1,86113928222656	168,712005615234
1,40131625812501	1,86064367675781	168,811996459961
1,4021301176399	1,86050915527344	168,912002563477
1,40299473423511	1,86036486816406	169,011993408203
1,40380859375	1,85988244628906	169,111999511719
1,40462245326489	1,85977758789063	169,212005615234
1,40543619636446	1,85953784179688	169,311996459961
1,40630092937499	1,85910754394531	169,412002563477
1,40711467247456	1,85874255371094	169,511993408203
1,40792841557413	1,85852319335938	169,611999511719
1,40874227508903	1,85826220703125	169,712005615234
1,40960689168423	1,85808972167969	169,811996459961
1,41042075119913	1,8576357421875	169,912002563477
1,4112344942987	1,85741027832031	170,011993408203
1,41209922730923	1,85698864746094	170,111999511719
1,4129129704088	1,85661315917969	170,212005615234
1,41377770341933	1,85641906738281	170,311996459961
1,41464232001454	1,8560703125	170,412002563477
1,41545617952943	1,85564965820313	170,511993408203
1,41632079612464	1,85531384277344	170,611999511719
1,41713465563953	1,85495068359375	170,712005615234
1,41799927223474	1,85465100097656	170,811996459961
1,41881313174963	1,85386437988281	170,912002563477
1,4196268748492	1,85342895507813	171,011993408203
1,42049160785973	1,85278186035156	171,111999511719
1,4213053509593	1,85227758789063	171,212005615234
1,42211909405887	1,85167370605469	171,311996459961
1,42293295357376	1,85087719726563	171,412002563477
1,42374669667333	1,8502099609375	171,511993408203
1,42456055618823	1,84948913574219	171,611999511719
1,42537441570312	1,84854211425781	171,712005615234
1,42618815880269	1,84788024902344	171,811996459961
1,42700190190226	1,84681994628906	171,912002563477
1,42781576141715	1,84609313964844	172,011993408203
1,42862950451672	1,84497766113281	172,111999511719
1,42944336403161	1,84413427734375	172,212005615234
1,43025722354651	1,84313793945313	172,311996459961
1,43112184014171	1,84197448730469	172,412002563477
1,43193569965661	1,84072448730469	172,511993408203
1,43280031625181	1,83945690917969	172,611999511719
1,43361417576671	1,838119140625	172,712005615234
1,43447879236192	1,83629431152344	172,811996459961
1,43529265187681	1,83429479980469	172,912002563477
1,43615726847202	1,83181530761719	173,011993408203
1,43702188506722	1,82947229003906	173,111999511719
1,43788661807776	1,82683508300781	173,212005615234
1,43875123467296	1,82414343261719	173,311996459961
1,43961585126817	1,81789147949219	173,412002563477
1,4404805842787	1,79958142089844	173,511993408203
1,44307455047965	-0,143110656738281	173,542999267578
