File Path: D:\Ensayos Víctor\Fase III\Reciclado\vertical\Test Run 8 16-05-2019 13 42 04\DAQ- Crosshead; … - (Timed).txt   
Test: ENSAYOS TRACCION PLA 4
Test Run: Test Run 8
Date: 16/05/2019 13:39:00


Crosshead 	Load 	Time 
mm	kN	sec
0,000254313135883422	0,0545042610168457	0,111000001430511
0,000457763661643185	0,0544258842468262	0,210999995470047
0,000915527323286369	0,0545659599304199	0,310999989509583
0,00137329107019468	0,0546040000915527	0,41100001335144
0,00183105464657274	0,0547644500732422	0,510999977588654
0,00228881845032447	0,0547685661315918	0,611000001430511
0,00269571955868742	0,0546970596313477	0,711000025272369
0,00315348324875231	0,0548629493713379	0,810999989509583
0,00366210929314548	0,0550904235839844	0,91100001335144
0,00422159837398794	0,0554740180969238	1,0110000371933
0,00483194980915869	0,0555015907287598	1,11099994182587
0,00559488898943528	0,0555381278991699	1,21099996566772
0,00635782862445922	0,0555053596496582	1,31099998950958
0,00717163084118511	0,0556568145751953	1,41100001335144
0,00798543260316364	0,0557464561462402	1,5110000371933
0,00885009740159148	0,0556467552185059	1,61099994182587
0,00966389961831737	0,0558064422607422	1,71099996566772
0,0104777018350433	0,0559713859558105	1,81099998950958
0,0112915040517692	0,0560194129943848	1,91100001335144
0,012156168850197	0,0560725708007813	2,01099991798401
0,0129699710669229	0,0561790580749512	2,11100006103516
0,0137837723741541	0,0563316535949707	2,21099996566772
0,0146484371725819	0,0563658599853516	2,31100010871887
0,0154622393893078	0,056498420715332	2,41100001335144
0,0163269050972303	0,0565883140563965	2,51099991798401
0,0171407064044615	0,0567690773010254	2,61100006103516
0,0180053702933947	0,0568127288818359	2,71099996566772
0,0188191734196153	0,0568859252929688	2,81100010871887
0,0196838373085484	0,0570091857910156	2,91100001335144
0,020497640434769	0,0569680366516113	3,01099991798401
0,0213623043237021	0,0570937728881836	3,11100006103516
0,0222269682126353	0,0571012306213379	3,21099996566772
0,0230407713388558	0,0571356582641602	3,31100010871887
0,023905435227789	0,0572072715759277	3,41100001335144
0,0247701009357115	0,0573533744812012	3,51099991798401
0,0255839022429427	0,057479808807373	3,61100006103516
0,0264485679508653	0,0573793754577637	3,71099996566772
0,0272623692580964	0,0573871307373047	3,81100010871887
0,028127034966019	0,057369026184082	3,91100001335144
0,0289408362732502	0,057491153717041	4,01100015640259
0,0297546393994708	0,0574600639343262	4,11100006103516
0,0306193032884039	0,0576729125976563	4,21099996566772
0,0314331045956351	0,0580699577331543	4,31099987030029
0,0322469059028663	0,0581363410949707	4,41099977493286
0,0331115734297782	0,0584014320373535	4,51100015640259
0,0339253747370094	0,0587665214538574	4,61100006103516
0,0347900386259425	0,0590338973999023	4,71099996566772
0,0356038399331737	0,0593695983886719	4,81099987030029
0,0364176448783837	0,0595771217346191	4,91099977493286
0,0372823051293381	0,0598859176635742	5,01100015640259
0,0380961100745481	0,0600802612304688	5,11100006103516
0,0389099113817792	0,0601843376159668	5,21099996566772
0,0397745789086912	0,0602587738037109	5,31099987030029
0,0405883802159224	0,0604562301635742	5,41099977493286
0,0414530441048555	0,0606415214538574	5,51100015640259
0,0422668454120867	0,0607723922729492	5,61100006103516
0,0431315129389986	0,061145694732666	5,71099996566772
0,0439453142462298	0,0612198371887207	5,81099987030029
0,044809978135163	0,0611516189575195	5,91099977493286
0,0456237794423942	0,0612081565856934	6,01100015640259
0,0464884469693061	0,061524585723877	6,11100006103516
0,0473022446385585	0,0615695915222168	6,21099996566772
0,0481669121654704	0,0615917854309082	6,31099987030029
0,0489807134727016	0,0616955871582031	6,41099977493286
0,0497945147799328	0,0617949371337891	6,51100015640259
0,0506083197251428	0,0619185600280762	6,61100006103516
0,0514729799760971	0,0620761642456055	6,71099996566772
0,0522867849213071	0,0619749908447266	6,81099987030029
0,0531005862285383	0,0622809448242188	6,91099977493286
0,0539143875357695	0,0624763870239258	7,01100015640259
0,0547281924809795	0,0623956680297852	7,11100006103516
0,0555419937882107	0,062380313873291	7,21099996566772
0,0563557914574631	0,0625095024108887	7,31099987030029
0,0571695964026731	0,0625744857788086	7,41099977493286
0,0580342602916062	0,0628373413085938	7,51100015640259
0,0588480652368162	0,0629049797058105	7,61100006103516
0,0596618665440474	0,062970142364502	7,71099996566772
0,0605265304329805	0,062924861907959	7,81099987030029
0,0613403317402117	0,0632600212097168	7,91099977493286
0,0622049992671236	0,0633273887634277	8,01099967956543
0,0630188005743548	0,0633253898620605	8,11100006103516
0,0638834608253092	0,063641170501709	8,21100044250488
0,0647481283522211	0,0639319915771484	8,31099987030029
0,065612795879133	0,0640442123413086	8,41100025177002
0,0664265971863642	0,0642572021484375	8,51099967956543
0,0673421236569993	0,0647656402587891	8,61100006103516
0,0681559249642305	0,0647957992553711	8,71100044250488
0,0690205924911425	0,0650238571166992	8,81099987030029
0,0698852527420968	0,0652776718139648	8,91100025177002
0,0707499129930511	0,0654940948486328	9,01099967956543
0,0716145877959207	0,0657780609130859	9,11100006103516
0,0724283818271942	0,0660343017578125	9,21100044250488
0,0732930493541062	0,0661292343139648	9,31099987030029
0,0741068506613374	0,0664073257446289	9,41100025177002
0,0749206519685686	0,0665868377685547	9,51099967956543
0,0757853194954805	0,0670764770507813	9,61100006103516
0,0765991208027117	0,0672296524047852	9,71100044250488
0,0774129221099429	0,0671759796142578	9,81099987030029
0,0782267234171741	0,067563720703125	9,91100025177002
0,079091390944086	0,0678672180175781	10,0109996795654
0,0799051922513172	0,0682179718017578	10,1110000610352
0,0807189935585484	0,0683862686157227	10,2110004425049
0,0815328021417372	0,0687601165771484	10,3109998703003
0,0823465961730108	0,0691093673706055	10,41100025177
0,0832112636999227	0,0693865737915039	10,5109996795654
0,0840250650071539	0,0698962097167969	10,6110000610352
0,0848897325340658	0,0701497039794922	10,7110004425049
0,0857035265653394	0,0704830017089844	10,8109998703003
0,0865173351485282	0,0707939224243164	10,91100025177
0,0873819953994825	0,0712260971069336	11,0109996795654
0,0881958039826714	0,0718273544311523	11,1110000610352
0,0890604642336257	0,0719845886230469	11,2110004425049
0,0898742655408569	0,0726039276123047	11,3109998703003
0,0907389330677688	0,073105598449707	11,41100025177
0,091552734375	0,073732795715332	11,5109996795654
0,0924173946259543	0,0745255432128906	11,6110000610352
0,0932312032091431	0,0752221145629883	11,7110004425049
0,0940958634600975	0,075994987487793	11,8109998703003
0,0949096647673287	0,076536247253418	11,91100025177
0,0957234733505175	0,0772100219726563	12,0109996795654
0,0965881336014718	0,0778827438354492	12,1110000610352
0,0974019421846606	0,0788480453491211	12,2110004425049
0,0982157362159342	0,0801510391235352	12,3109998703003
0,0990295375231653	0,0813428421020508	12,41100025177
0,0998433461063541	0,0824188461303711	12,5109996795654
0,100657140137628	0,0836239395141602	12,6110000610352
0,101470948720817	0,0849342041015625	12,7110004425049
0,102284750028048	0,0861286315917969	12,8109998703003
0,103098551335279	0,0874974975585938	12,91100025177
0,10391235264251	0,0886036376953125	13,0109996795654
0,104777012893464	0,0898875961303711	13,1110000610352
0,105590821476653	0,0910939407348633	13,2110004425049
0,106404622783884	0,0922720260620117	13,3109998703003
0,107269290310796	0,0935782470703125	13,41100025177
0,108083091618028	0,0947536544799805	13,5109996795654
0,108947751868982	0,0958893432617188	13,6110000610352
0,109761560452171	0,0970342788696289	13,7110004425049
0,110626220703125	0,0981810073852539	13,8109998703003
0,111440022010356	0,0993634262084961	13,91100025177
0,112304689537268	0,100507751464844	14,0109996795654
0,113118490844499	0,101725776672363	14,1110000610352
0,113983151095454	0,102817039489746	14,2110004425049
0,114847818622366	0,104001884460449	14,3109998703003
0,115661619929597	0,105156761169434	14,41100025177
0,116526280180551	0,106169380187988	14,5109996795654
0,117390954983421	0,107283172607422	14,6110000610352
0,118204749014694	0,10833211517334	14,7110004425049
0,119069416541606	0,109337020874023	14,8109998703003
0,119883217848837	0,110225509643555	14,91100025177
0,120747885375749	0,111259841918945	15,0109996795654
0,121561686682981	0,112258651733398	15,1110000610352
0,122375495266169	0,113158668518066	15,2110004425049
0,123189296573401	0,114151954650879	15,3109998703003
0,124053956824355	0,114911697387695	15,41100025177
0,124867758131586	0,115784629821777	15,5109996795654
0,125681559438817	0,116220664978027	15,6110000610352
0,126495360746048	0,116992744445801	15,7110004425049
0,12730916205328	0,117650947570801	15,8109998703003
0,128173822304234	0,118211006164551	15,91100025177
0,128987623611465	0,118950355529785	16,0109996795654
0,129852298414335	0,119473655700684	16,1110000610352
0,130666085169651	0,120037384033203	16,2110004425049
0,13153075997252	0,120798027038574	16,3110008239746
0,132344561279751	0,121512496948242	16,4109992980957
0,133209221530706	0,122135444641113	16,5109996795654
0,134023022837937	0,123004745483398	16,6110000610352
0,134887697640806	0,123711845397949	16,7110004425049
0,135701498948038	0,124506767272949	16,8110008239746
0,136566159198992	0,125419281005859	16,9109992980957
0,137379960506223	0,126008171081543	17,0109996795654
0,138244635309093	0,126878311157227	17,1110000610352
0,139058422064409	0,127513870239258	17,2110004425049
0,139923096867278	0,128504440307617	17,3110008239746
0,140736898174509	0,129315200805664	17,4109992980957
0,141550699481741	0,130247360229492	17,5109996795654
0,142364500788972	0,130843078613281	17,6110000610352
0,143229175591841	0,131565048217773	17,7110004425049
0,144042962347157	0,132554580688477	17,8110008239746
0,144856763654388	0,13313542175293	17,9109992980957
0,145670579513535	0,134141250610352	18,0109996795654
0,146484380820766	0,134953170776367	18,1110000610352
0,147298167576082	0,135859786987305	18,2110004425049
0,148111983435228	0,136710510253906	18,3110008239746
0,14892578474246	0,137730377197266	18,4109992980957
0,149790444993414	0,13874089050293	18,5109996795654
0,150604246300645	0,139694320678711	18,6110000610352
0,151418047607876	0,14056413269043	18,7110004425049
0,152282707858831	0,141577621459961	18,8110008239746
0,153096509166062	0,142676467895508	18,9109992980957
0,153910325025208	0,143818496704102	19,0109996795654
0,154774985276163	0,145000732421875	19,1110000610352
0,155588786583394	0,146142471313477	19,2110004425049
0,156453446834348	0,147381713867188	19,3110008239746
0,157318121637218	0,148616821289063	19,4109992980957
0,158131908392534	0,150013854980469	19,5109996795654
0,158996583195403	0,151204208374023	19,6110000610352
0,159810384502634	0,152775604248047	19,7110004425049
0,160675044753589	0,154178451538086	19,8110008239746
0,161539719556458	0,155412017822266	19,9109992980957
0,162404379807413	0,15684684753418	20,0109996795654
0,163218181114644	0,158137298583984	20,1110000610352
0,164082841365598	0,159627059936523	20,2110004425049
0,164896657224745	0,160947204589844	20,3110008239746
0,165761302923784	0,162206985473633	20,4109992980957
0,16657511878293	0,163649978637695	20,5109996795654
0,167388920090161	0,165089050292969	20,6110000610352
0,168202706845477	0,166267578125	20,7110004425049
0,169067381648347	0,167851348876953	20,8110008239746
0,169881182955578	0,169137802124023	20,9109992980957
0,170694998814724	0,17041584777832	21,0109996795654
0,17150878557004	0,171828353881836	21,1110000610352
0,172322586877272	0,173269134521484	21,2110004425049
0,173187261680141	0,174724594116211	21,3110008239746
0,174001048435457	0,176368469238281	21,4109992980957
0,174814864294603	0,177533279418945	21,5109996795654
0,175679524545558	0,179157836914063	21,6110000610352
0,176493325852789	0,180545303344727	21,7110004425049
0,17730712716002	0,181975433349609	21,8110008239746
0,17817180196289	0,183433715820313	21,9109992980957
0,178985588718206	0,184900817871094	22,0109996795654
0,179850263521075	0,186413299560547	22,1110000610352
0,180664064828306	0,18792268371582	22,2110004425049
0,181528725079261	0,189465621948242	22,3110008239746
0,182342526386492	0,190969528198242	22,4109992980957
0,183207201189362	0,192258544921875	22,5109996795654
0,184021002496593	0,193955657958984	22,6110000610352
0,184885662747547	0,195672149658203	22,7110004425049
0,185699464054778	0,196958236694336	22,8110008239746
0,186564138857648	0,198422393798828	22,9109992980957
0,187377925612964	0,199969146728516	23,0109996795654
0,188242600415833	0,201623580932617	23,1110000610352
0,189056401723064	0,202845703125	23,2110004425049
0,18987018847838	0,204405853271484	23,3110008239746
0,190684004337527	0,205819366455078	23,4109992980957
0,191497805644758	0,207353088378906	23,5109996795654
0,192311606951989	0,208780426025391	23,6110000610352
0,19312540825922	0,210265060424805	23,7110004425049
0,193939209566452	0,211762420654297	23,8110008239746
0,194753010873683	0,21332600402832	23,9109992980957
0,195566812180914	0,214782806396484	24,0109996795654
0,196380613488145	0,21626091003418	24,1110000610352
0,197194414795376	0,217693359375	24,2110004425049
0,198059075046331	0,219307464599609	24,3110008239746
0,198872876353562	0,220953231811523	24,4109992980957
0,199686692212708	0,222264724731445	24,5109996795654
0,200551352463663	0,223960968017578	24,6110000610352
0,201365153770894	0,225293319702148	24,7110004425049
0,202229814021848	0,226851181030273	24,8110008239746
0,203043629880995	0,228460144042969	24,9109992980957
0,203908275580034	0,229971878051758	25,0109996795654
0,20472209143918	0,231374664306641	25,1110000610352
0,205586751690134	0,233165679931641	25,2110004425049
0,206451411941089	0,234464614868164	25,3110008239746
0,207316086743958	0,236139129638672	25,4109992980957
0,208180746994913	0,237587219238281	25,5109996795654
0,208994548302144	0,239135360717773	25,6110000610352
0,209859208553098	0,240731964111328	25,7110004425049
0,210673024412245	0,242402725219727	25,8110008239746
0,211537670111284	0,24391081237793	25,9109992980957
0,21235148597043	0,2452265625	26,0109996795654
0,213165287277661	0,246753890991211	26,1110000610352
0,214029947528616	0,248406021118164	26,2110004425049
0,214843748835847	0,249838928222656	26,3110008239746
0,215657550143078	0,251329025268555	26,4109992980957
0,216471366002224	0,25289289855957	26,5109996795654
0,21728515275754	0,254320220947266	26,6110000610352
0,21814982756041	0,255866760253906	26,7110004425049
0,218963628867641	0,257301025390625	26,8110008239746
0,219777415622957	0,258674682617188	26,9109992980957
0,220591231482103	0,260344818115234	27,0109996795654
0,221455891733058	0,261876281738281	27,1110000610352
0,222269693040289	0,263443206787109	27,2110004425049
0,22308349434752	0,264717102050781	27,3110008239746
0,22394816915039	0,266553314208984	27,4109992980957
0,224761955905706	0,268048065185547	27,5109996795654
0,225626630708575	0,269622589111328	27,6110000610352
0,226440432015806	0,271203338623047	27,7110004425049
0,227254233323038	0,272551116943359	27,8110008239746
0,228118893573992	0,274254974365234	27,9109992980957
0,228932694881223	0,275726745605469	28,0109996795654
0,229797369684093	0,277650543212891	28,1110000610352
0,230611156439409	0,278963989257813	28,2110004425049
0,231475831242278	0,280695861816406	28,3110008239746
0,232289632549509	0,282184936523438	28,4109992980957
0,233154292800464	0,283947875976563	28,5109996795654
0,233968094107695	0,285369537353516	28,6110000610352
0,234781909966841	0,286764129638672	28,7110004425049
0,235595696722157	0,288428253173828	28,8110008239746
0,236409498029388	0,289911193847656	28,9109992980957
0,237223313888535	0,291312042236328	29,0109996795654
0,238037115195766	0,292655578613281	29,1110000610352
0,238850901951082	0,294369995117188	29,2110004425049
0,239664717810228	0,296079620361328	29,3110008239746
0,24047851911746	0,297656219482422	29,4109992980957
0,241292305872776	0,299045928955078	29,5109996795654
0,242106121731922	0,300642517089844	29,6110000610352
0,242919923039153	0,302180938720703	29,7110004425049
0,243784597842023	0,303842498779297	29,8110008239746
0,244598399149254	0,305510681152344	29,9109992980957
0,245412171352655	0,306827331542969	30,0109996795654
0,246276846155524	0,30833544921875	30,1110000610352
0,247090647462755	0,309996948242188	30,2110004425049
0,247955322265625	0,311436096191406	30,3110008239746
0,248769123572856	0,313285736083984	30,4109992980957
0,249633798375726	0,314679321289063	30,5109996795654
0,250498444074765	0,316545562744141	30,6110000610352
0,251312245381996	0,317973419189453	30,7110004425049
0,252176920184866	0,319651000976563	30,8110008239746
0,252990721492097	0,321266174316406	30,9109992980957
0,253855367191136	0,323024505615234	31,0109996795654
0,254720071097836	0,324441314697266	31,1110000610352
0,255533843301237	0,326235015869141	31,2110004425049
0,256398518104106	0,327603973388672	31,3110008239746
0,257263192906976	0,329215240478516	31,4109992980957
0,258076994214207	0,330789001464844	31,5109996795654
0,258890766417608	0,332490936279297	31,6110000610352
0,259755470324308	0,333973693847656	31,7110004425049
0,260569242527708	0,335504730224609	31,8110008239746
0,26138304383494	0,337072692871094	31,9109992980957
0,262196874246001	0,338730560302734	32,0110015869141
0,263010646449402	0,340182312011719	32,1110000610352
0,263824476860464	0,341894073486328	32,2109985351563
0,264689122559503	0,343404846191406	32,3110008239746
0,265502923866734	0,344892364501953	32,4109992980957
0,266316754277796	0,346374267578125	32,5110015869141
0,267181399976835	0,348065734863281	32,6110000610352
0,267995201284066	0,349585357666016	32,7109985351563
0,268809002591297	0,351078308105469	32,8110008239746
0,269673677394167	0,352814910888672	32,9109992980957
0,270487449597567	0,354302093505859	33,0110015869141
0,271301280008629	0,355873138427734	33,1110000610352
0,272165925707668	0,357641204833984	33,2109985351563
0,272979727014899	0,359197387695313	33,3110008239746
0,273844401817769	0,360741851806641	33,4109992980957
0,274658203125	0,362363800048828	33,5110015869141
0,275522848824039	0,364009521484375	33,6110000610352
0,276336679235101	0,365566619873047	33,7109985351563
0,27720132493414	0,367240997314453	33,8110008239746
0,278015126241371	0,368650054931641	33,9109992980957
0,278879801044241	0,370276641845703	34,0110015869141
0,279693602351472	0,371813354492188	34,1110000610352
0,280507403658703	0,373438354492188	34,2109985351563
0,281372078461573	0,374998504638672	34,3110008239746
0,282185879768804	0,376653076171875	34,4109992980957
0,282999651972204	0,378002990722656	34,5110015869141
0,283813482383266	0,379707641601563	34,6110000610352
0,284627283690497	0,381160766601563	34,7109985351563
0,285441084997728	0,382768707275391	34,8110008239746
0,28625488630496	0,383721008300781	34,9109992980957
0,287068687612191	0,385631744384766	35,0110015869141
0,287882488919422	0,387311157226563	35,1110000610352
0,288696290226653	0,388860321044922	35,2109985351563
0,289510091533884	0,3903203125	35,3110008239746
0,290374766336754	0,392000854492188	35,4109992980957
0,291188567643985	0,393536254882813	35,5110015869141
0,292002339847386	0,395061614990234	35,6110000610352
0,292867043754086	0,396589721679688	35,7109985351563
0,293680815957487	0,398379150390625	35,8110008239746
0,294494617264718	0,399931793212891	35,9109992980957
0,295359292067587	0,401563018798828	36,0110015869141
0,296173093374819	0,402988891601563	36,1110000610352
0,297037739073858	0,404584869384766	36,2109985351563
0,297851569484919	0,406261138916016	36,3110008239746
0,298716215183958	0,407776519775391	36,4109992980957
0,299580889986828	0,409378875732422	36,5110015869141
0,300394691294059	0,410963958740234	36,6110000610352
0,301259366096929	0,412858459472656	36,7109985351563
0,302073138300329	0,414345153808594	36,8110008239746
0,302937842207029	0,415916198730469	36,9109992980957
0,30375161441043	0,417561859130859	37,0110015869141
0,3046162892133	0,418965057373047	37,1110000610352
0,305430090520531	0,420730773925781	37,2109985351563
0,306294765323401	0,422235748291016	37,3110008239746
0,307108537526801	0,423718994140625	37,4109992980957
0,307922367937863	0,425188140869141	37,5110015869141
0,308736169245094	0,426816497802734	37,6110000610352
0,309549970552325	0,428271759033203	37,7109985351563
0,310363771859556	0,429960601806641	37,8110008239746
0,311177573166788	0,431268981933594	37,9109992980957
0,312042247969657	0,4331015625	38,0110015869141
0,312856049276888	0,434634796142578	38,1110000610352
0,313669821480289	0,436149841308594	38,2109985351563
0,314483651891351	0,437616821289063	38,3110008239746
0,31534829759039	0,439421417236328	38,4109992980957
0,316162098897621	0,440837890625	38,5110015869141
0,317026773700491	0,442436706542969	38,6110000610352
0,317840575007722	0,443992401123047	38,7109985351563
0,318705220706761	0,445703643798828	38,8110008239746
0,319519051117823	0,447231201171875	38,9109992980957
0,320383696816862	0,448701812744141	39,0110015869141
0,321248371619731	0,450474060058594	39,1110000610352
0,322062172926962	0,451953460693359	39,2109985351563
0,322926847729832	0,453628295898438	39,3110008239746
0,323740619933233	0,45518603515625	39,4109992980957
0,324605323839933	0,456783264160156	39,5110015869141
0,325419096043333	0,458408782958984	39,6110000610352
0,326232897350565	0,459813934326172	39,7109985351563
0,327097572153434	0,461486236572266	39,8110008239746
0,327911373460665	0,463074432373047	39,9109992980957
0,328725174767897	0,46456787109375	40,0110015869141
0,329538976075128	0,466184448242188	40,1110000610352
0,330352777382359	0,467494201660156	40,2109985351563
0,331166607793421	0,469161590576172	40,3110008239746
0,331980379996821	0,470527709960938	40,4109992980957
0,332794181304052	0,472191284179688	40,5110015869141
0,333608011715114	0,473679351806641	40,6110000610352
0,334421783918515	0,475209350585938	40,7109985351563
0,335235585225746	0,476752807617188	40,8110008239746
0,336049415636808	0,478236511230469	40,9109992980957
0,336914061335847	0,479895538330078	41,0110015869141
0,337727862643078	0,481213165283203	41,1110000610352
0,338541663950309	0,482805847167969	41,2109985351563
0,339406338753179	0,484350769042969	41,3110008239746
0,340220110956579	0,486071228027344	41,4109992980957
0,341033941367641	0,487603088378906	41,5110015869141
0,34189858706668	0,489173126220703	41,6110000610352
0,342712388373911	0,490746063232422	41,7109985351563
0,343577063176781	0,492402893066406	41,8110008239746
0,344390864484012	0,493817199707031	41,9109992980957
0,345255510183051	0,495373413085938	42,0110015869141
0,346120214089751	0,49711669921875	42,1110000610352
0,34698485978879	0,498612457275391	42,2109985351563
0,347798661096022	0,500177215576172	42,3110008239746
0,348663335898891	0,501860015869141	42,4109992980957
0,34952798159793	0,503487915039063	42,5110015869141
0,350341782905161	0,505019836425781	42,6110000610352
0,351155613316223	0,506485809326172	42,7109985351563
0,352020259015262	0,507919586181641	42,8110008239746
0,352834089426324	0,509612274169922	42,9109992980957
0,353647861629725	0,511097991943359	43,0110015869141
0,354461662936956	0,51261181640625	43,1110000610352
0,355275493348017	0,514182678222656	43,2109985351563
0,356089265551418	0,515599304199219	43,3110008239746
0,356903066858649	0,517217041015625	43,4109992980957
0,357716897269711	0,518618530273438	43,5110015869141
0,35858154296875	0,520289733886719	43,6110000610352
0,359395344275981	0,521828674316406	43,7109985351563
0,360209145583212	0,523553588867188	43,8110008239746
0,361073820386082	0,525061767578125	43,9109992980957
0,361887592589483	0,52655029296875	44,0110015869141
0,362752296496183	0,528068481445313	44,1110000610352
0,363566068699583	0,529715881347656	44,2109985351563
0,364379870006815	0,531094421386719	44,3110008239746
0,365244544809684	0,532688293457031	44,4109992980957
0,366058346116915	0,534213684082031	44,5110015869141
0,366922991815954	0,535919372558594	44,6110000610352
0,367736822227016	0,537322814941406	44,7109985351563
0,368601467926055	0,539040893554688	44,8110008239746
0,369415269233286	0,540705871582031	44,9109992980957
0,370279944036156	0,542272094726563	45,0110015869141
0,371093745343387	0,543516418457031	45,1110000610352
0,371907575754449	0,545172973632813	45,2109985351563
0,372772221453488	0,5467587890625	45,3110008239746
0,373586022760719	0,548174438476563	45,4109992980957
0,37439982406795	0,549776184082031	45,5110015869141
0,375213625375181	0,551277770996094	45,6110000610352
0,376027426682413	0,552635681152344	45,7109985351563
0,376841227989644	0,554147827148438	45,8110008239746
0,377655029296875	0,555683410644531	45,9109992980957
0,378468830604106	0,557266906738281	46,0110015869141
0,379282631911337	0,558790893554688	46,1110000610352
0,380147306714207	0,560248596191406	46,2109985351563
0,380961078917608	0,5616689453125	46,3110008239746
0,381774909328669	0,563245544433594	46,4109992980957
0,382588710635901	0,564789855957031	46,5110015869141
0,383402482839301	0,566422668457031	46,6110000610352
0,384216313250363	0,567838012695313	46,7109985351563
0,385080958949402	0,569552490234375	46,8110008239746
0,385894789360464	0,571051025390625	46,9109992980957
0,386708590667695	0,572548156738281	47,0110015869141
0,387573236366734	0,574038818359375	47,1110000610352
0,388387066777796	0,575546264648438	47,2109985351563
0,389251712476835	0,577056579589844	47,3110008239746
0,390065513784066	0,57877880859375	47,4109992980957
0,390930188586935	0,580186096191406	47,5110015869141
0,391743989894167	0,58175390625	47,6110000610352
0,392608635593206	0,583351745605469	47,7109985351563
0,393473310396075	0,5849140625	47,8110008239746
0,394337985198945	0,58659765625	47,9109992980957
0,395151757402346	0,58794775390625	48,0110015869141
0,396016461309046	0,589730102539063	48,1110000610352
0,396830233512446	0,591199768066406	48,2109985351563
0,397694908315316	0,592680114746094	48,3110008239746
0,398508709622547	0,594317749023438	48,4109992980957
0,399373384425417	0,595958557128906	48,5110015869141
0,400187156628817	0,597309997558594	48,6110000610352
0,401000987039879	0,599005676269531	48,7109985351563
0,40181478834711	0,600378967285156	48,8110008239746
0,402679434046149	0,601863098144531	48,9109992980957
0,403493264457211	0,6033232421875	49,0110015869141
0,404307036660612	0,604794128417969	49,1110000610352
0,405120837967843	0,606376403808594	49,2109985351563
0,405985512770712	0,607782531738281	49,3110008239746
0,406799314077944	0,609532348632813	49,4109992980957
0,407613115385175	0,610880432128906	49,5110015869141
0,408477790188044	0,61247314453125	49,6110000610352
0,409291591495276	0,613996887207031	49,7109985351563
0,410105363698676	0,615519714355469	49,8110008239746
0,410970067605376	0,6169931640625	49,9109992980957
0,411783839808777	0,618353637695313	50,0110015869141
0,412648514611647	0,619861633300781	50,1110000610352
0,413462315918878	0,621515747070313	50,2109985351563
0,414326990721747	0,622977172851563	50,3110008239746
0,415140792028978	0,624584350585938	50,4109992980957
0,416005466831848	0,626065612792969	50,5110015869141
0,416819239035249	0,627672729492188	50,6110000610352
0,41763306944631	0,629162902832031	50,7109985351563
0,41849771514535	0,630578979492188	50,8110008239746
0,419311516452581	0,631969299316406	50,9109992980957
0,42017619125545	0,633606506347656	51,0110015869141
0,420989992562681	0,6350546875	51,1110000610352
0,421803793869913	0,636761657714844	51,2109985351563
0,422617595177144	0,63799755859375	51,3110008239746
0,423431396484375	0,639547668457031	51,4109992980957
0,424245197791606	0,641144653320313	51,5110015869141
0,425058999098837	0,642429870605469	51,6110000610352
0,425872800406069	0,643937194824219	51,7109985351563
0,4266866017133	0,645471740722656	51,8110008239746
0,427500403020531	0,64701171875	51,9109992980957
0,428314204327762	0,648521362304688	52,0110015869141
0,429128034738824	0,65002490234375	52,1110000610352
0,429941806942225	0,651391662597656	52,2109985351563
0,430806481745094	0,652920288085938	52,3110008239746
0,431620283052325	0,6542841796875	52,4109992980957
0,432434084359556	0,655957092285156	52,5110015869141
0,433298730058596	0,657473571777344	52,6110000610352
0,434112560469657	0,65911083984375	52,7109985351563
0,434977206168696	0,66060986328125	52,8110008239746
0,435791007475927	0,662262878417969	52,9109992980957
0,436655682278797	0,663661071777344	53,0110015869141
0,437520357081667	0,665257080078125	53,1110000610352
0,438385002780706	0,666786560058594	53,2109985351563
0,439249677583575	0,668221435546875	53,3110008239746
0,440063478890806	0,669728271484375	53,4109992980957
0,440928124589846	0,671226623535156	53,5110015869141
0,441792828496546	0,672987670898438	53,6110000610352
0,442606600699946	0,674472900390625	53,7109985351563
0,443471275502816	0,676030151367188	53,8110008239746
0,444285076810047	0,677427856445313	53,9109992980957
0,445098878117278	0,678848083496094	54,0110015869141
0,445963523816317	0,680339477539063	54,1110000610352
0,446777354227379	0,681979858398438	54,2109985351563
0,44759115553461	0,68333154296875	54,3110008239746
0,448404927738011	0,684686950683594	54,4109992980957
0,449218758149073	0,686104370117188	54,5110015869141
0,450032559456304	0,687694091796875	54,6110000610352
0,450897205155343	0,689090942382813	54,7109985351563
0,451711035566404	0,690588745117188	54,8110008239746
0,452524807769805	0,692062805175781	54,9109992980957
0,453338609077036	0,693592224121094	55,0110015869141
0,454203283879906	0,694997497558594	55,1110000610352
0,455017085187137	0,696500793457031	55,2109985351563
0,455830915598199	0,697949829101563	55,3110008239746
0,456695561297238	0,699604919433594	55,4109992980957
0,457509362604469	0,700992736816406	55,5110015869141
0,4583231639117	0,702394104003906	55,6110000610352
0,459136965218931	0,703821716308594	55,7109985351563
0,460001610917971	0,70542236328125	55,8110008239746
0,460815441329032	0,706628540039063	55,9109992980957
0,461680087028071	0,708266418457031	56,0110015869141
0,462493888335302	0,709793395996094	56,1110000610352
0,463358563138172	0,711321594238281	56,2109985351563
0,464223237941042	0,712967712402344	56,3110008239746
0,465037010144442	0,714325012207031	56,4109992980957
0,465850840555504	0,715908813476563	56,5110015869141
0,466715486254543	0,717419677734375	56,6110000610352
0,467529287561774	0,718783203125	56,7109985351563
0,468343117972836	0,720087646484375	56,8110008239746
0,469156890176237	0,721686340332031	56,9109992980957
0,469970691483468	0,723134887695313	57,0110015869141
0,470784521894529	0,724436157226563	57,1110000610352
0,47159829409793	0,725899780273438	57,2109985351563
0,4724629689008	0,727425842285156	57,3110008239746
0,473276770208031	0,729060729980469	57,4109992980957
0,474090571515262	0,7302548828125	57,5110015869141
0,474904401926324	0,731916198730469	57,6110000610352
0,475769047625363	0,7332958984375	57,7109985351563
0,476582848932594	0,734878356933594	57,8110008239746
0,477396650239825	0,736217895507813	57,9109992980957
0,478261325042695	0,737934753417969	58,0110015869141
0,479075097246096	0,739194580078125	58,1110000610352
0,479939801152796	0,740795043945313	58,2109985351563
0,480753573356196	0,741950622558594	58,3110008239746
0,481567374663427	0,743521057128906	58,4109992980957
0,482432049466297	0,744872009277344	58,5110015869141
0,483245850773528	0,746474426269531	58,6110000610352
0,484110496472567	0,747987670898438	58,7109985351563
0,484975200379267	0,7495693359375	58,8110008239746
0,485788972582668	0,751017944335938	58,9109992980957
0,486653647385538	0,752267944335938	59,0110015869141
0,487518322188407	0,754002075195313	59,1110000610352
0,488332123495638	0,755489440917969	59,2109985351563
0,489196798298508	0,756907531738281	59,3110008239746
0,490010599605739	0,758385131835938	59,4109992980957
0,490875216200948	0,759964721679688	59,5110015869141
0,49168907571584	0,761314147949219	59,6110000610352
0,49250281881541	0,762857666015625	59,7109985351563
0,493367551825941	0,764233825683594	59,8110008239746
0,494181294925511	0,765585754394531	59,9109992980957
0,494995096232742	0,767054443359375	60,0110015869141
0,495808955747634	0,768629943847656	60,1110000610352
0,496622698847204	0,770141540527344	60,2109985351563
0,497487373650074	0,771437927246094	60,3110008239746
0,498301174957305	0,772874633789063	60,4109992980957
0,499114976264536	0,774474548339844	60,5110015869141
0,499979651067406	0,776040588378906	60,6110000610352
0,500793452374637	0,777347045898438	60,7109985351563
0,501607253681868	0,778795471191406	60,8110008239746
0,5024210549891	0,78030419921875	60,9109992980957
0,503285729791969	0,781670227050781	61,0110015869141
0,5040995310992	0,783154479980469	61,1110000610352
0,504964147694409	0,784577819824219	61,2109985351563
0,505778007209301	0,786220153808594	61,3110008239746
0,50664262380451	0,787441589355469	61,4109992980957
0,507456483319402	0,788964599609375	61,5110015869141
0,50832109991461	0,7904736328125	61,6110000610352
0,509134959429502	0,791793212890625	61,7109985351563
0,509999576024711	0,793293579101563	61,8110008239746
0,510813435539603	0,794758056640625	61,9109992980957
0,511627178639174	0,79627490234375	62,0110015869141
0,512491853442043	0,797627746582031	62,1110000610352
0,513305654749274	0,798952941894531	62,2109985351563
0,514119456056505	0,800471252441406	62,3110008239746
0,514933315571398	0,801813232421875	62,4109992980957
0,515747058670968	0,803205200195313	62,5110015869141
0,516560859978199	0,804846801757813	62,6110000610352
0,517374719493091	0,80603173828125	62,7109985351563
0,518188462592661	0,807435363769531	62,8110008239746
0,519002263899893	0,808898193359375	62,9109992980957
0,519816123414785	0,810244018554688	63,0110015869141
0,520629866514355	0,811693176269531	63,1110000610352
0,521443667821586	0,813226379394531	63,2109985351563
0,522257527336478	0,814398681640625	63,3110008239746
0,523122143931687	0,815881286621094	63,4109992980957
0,523935945238918	0,817320739746094	63,5110015869141
0,524749746546149	0,818939392089844	63,6110000610352
0,525614421349019	0,820348266601563	63,7109985351563
0,52642822265625	0,821631042480469	63,8110008239746
0,527242023963481	0,822922058105469	63,9109992980957
0,528106698766351	0,824525756835938	64,0110015869141
0,52897137356922	0,826002685546875	64,1110000610352
0,529785174876451	0,827440063476563	64,2109985351563
0,530649849679321	0,828958190917969	64,3109970092773
0,53151446627453	0,830320007324219	64,411003112793
0,532328325789422	0,831771911621094	64,5110015869141
0,53319294238463	0,833325378417969	64,6110000610352
0,5340576171875	0,834548034667969	64,7109985351563
0,534871418494731	0,836014404296875	64,8109970092773
0,535736093297601	0,837593078613281	64,911003112793
0,536549894604832	0,838934265136719	65,0110015869141
0,537363695912063	0,840324462890625	65,1110000610352
0,538228312507272	0,841600830078125	65,2109985351563
0,539042172022164	0,84328759765625	65,3109970092773
0,539855973329395	0,844787353515625	65,411003112793
0,540669716428965	0,846024108886719	65,5110015869141
0,541483575943857	0,847455871582031	65,6110000610352
0,542297377251089	0,848864929199219	65,7109985351563
0,543162052053958	0,850107971191406	65,8109970092773
0,543975853361189	0,851497924804688	65,911003112793
0,54478959646076	0,853004272460938	66,0110015869141
0,545603455975652	0,854446655273438	66,1110000610352
0,54646807257086	0,85588916015625	66,2109985351563
0,547281932085752	0,857150268554688	66,3109970092773
0,548095675185323	0,858642578125	66,411003112793
0,548960408195853	0,86000146484375	66,5110015869141
0,549774151295424	0,86130322265625	66,6110000610352
0,550638826098293	0,862883911132813	66,7109985351563
0,551452627405524	0,864276977539063	66,8109970092773
0,552317302208394	0,865704895019531	66,911003112793
0,553181918803602	0,867203002929688	67,0110015869141
0,553995778318495	0,868677795410156	67,1110000610352
0,554860394913703	0,870011047363281	67,2109985351563
0,555674254428595	0,871607543945313	67,3109970092773
0,556538871023804	0,872896667480469	67,411003112793
0,557352730538696	0,874376892089844	67,5110015869141
0,558166531845927	0,875550170898438	67,6110000610352
0,559031206648797	0,877193359375	67,7109985351563
0,559844949748367	0,878642578125	67,8109970092773
0,560658751055598	0,879911193847656	67,911003112793
0,56147261057049	0,881174621582031	68,0110015869141
0,562286353670061	0,882703308105469	68,1110000610352
0,563100154977292	0,883919006347656	68,2109985351563
0,563914014492184	0,885345703125	68,3109970092773
0,564727757591754	0,886563720703125	68,411003112793
0,565541558898985	0,887939575195313	68,5110015869141
0,566355418413877	0,8893564453125	68,6110000610352
0,567169161513448	0,890721374511719	68,7109985351563
0,568033894523978	0,892063354492188	68,8109970092773
0,568847637623549	0,893488952636719	68,911003112793
0,56966143893078	0,894859436035156	69,0110015869141
0,570475298445672	0,896212341308594	69,1110000610352
0,571289041545242	0,897619873046875	69,2109985351563
0,572153774555773	0,898959411621094	69,3109970092773
0,572967517655343	0,900206176757813	69,411003112793
0,573832192458212	0,901603881835938	69,5110015869141
0,574645993765444	0,903098876953125	69,6110000610352
0,575510668568313	0,904565734863281	69,7109985351563
0,576324469875544	0,905972534179688	69,8109970092773
0,577189144678414	0,907286987304688	69,911003112793
0,578053761273623	0,908711364746094	70,0110015869141
0,578867620788515	0,910131530761719	70,1110000610352
0,579732237383723	0,911507568359375	70,2109985351563
0,580596912186593	0,912975646972656	70,3109970092773
0,581410713493824	0,914227966308594	70,411003112793
0,582275388296694	0,915747192382813	70,5110015869141
0,583089189603925	0,91716796875	70,6110000610352
0,583953864406794	0,918571044921875	70,7109985351563
0,584767665714026	0,919970397949219	70,8109970092773
0,585581467021257	0,921244201660156	70,911003112793
0,586446083616465	0,922663513183594	71,0110015869141
0,587259943131357	0,92411083984375	71,1110000610352
0,588073744438589	0,925430603027344	71,2109985351563
0,588887487538159	0,92685888671875	71,3109970092773
0,589752220548689	0,928080383300781	71,411003112793
0,59056596364826	0,929450500488281	71,5110015869141
0,591379823163152	0,930856384277344	71,6110000610352
0,592193624470383	0,932024353027344	71,7109985351563
0,593007367569953	0,933530456542969	71,8109970092773
0,593872042372823	0,934739013671875	71,911003112793
0,594685843680054	0,936049255371094	72,0110015869141
0,595499703194946	0,937520446777344	72,1110000610352
0,596364319790155	0,938901794433594	72,2109985351563
0,597178179305047	0,94022216796875	72,3109970092773
0,598042795900255	0,941460083007813	72,411003112793
0,598856655415148	0,942900146484375	72,5110015869141
0,599721272010356	0,944216918945313	72,6110000610352
0,600535073317587	0,945679321289063	72,7109985351563
0,601399748120457	0,947061157226563	72,8109970092773
0,602213549427688	0,948344421386719	72,911003112793
0,603078166022897	0,949667663574219	73,0110015869141
0,603892025537789	0,951017700195313	73,1110000610352
0,60470582684502	0,952459411621094	73,2109985351563
0,60557050164789	0,953667785644531	73,3109970092773
0,606384302955121	0,955087280273438	73,411003112793
0,607198046054691	0,956525634765625	73,5110015869141
0,608011905569583	0,957877197265625	73,6110000610352
0,608876522164792	0,959279541015625	73,7109985351563
0,609690381679684	0,960391662597656	73,8109970092773
0,610504124779254	0,96180908203125	73,911003112793
0,611317926086485	0,963036193847656	74,0110015869141
0,612131785601377	0,964454345703125	74,1110000610352
0,612945528700948	0,965532531738281	74,2109985351563
0,613759330008179	0,966778564453125	74,3109970092773
0,614573189523071	0,96813623046875	74,411003112793
0,615386990830302	0,969544311523438	74,5110015869141
0,616200733929873	0,970801452636719	74,6110000610352
0,617065408732742	0,972146179199219	74,7109985351563
0,617879210039973	0,973754089355469	74,8109970092773
0,618743884842843	0,975003601074219	74,911003112793
0,619557686150074	0,976246765136719	75,0110015869141
0,620371545664966	0,977647644042969	75,1110000610352
0,621236162260175	0,978846740722656	75,2109985351563
0,622049963567406	0,98029248046875	75,3109970092773
0,622914638370276	0,981661315917969	75,411003112793
0,623728439677507	0,982910705566406	75,5110015869141
0,624593056272715	0,984438415527344	75,6110000610352
0,625457789283246	0,985644958496094	75,7109985351563
0,626271532382816	0,987102233886719	75,8109970092773
0,627136207185686	0,988510559082031	75,911003112793
0,628000940196216	0,989942199707031	76,0110015869141
0,628865556791425	0,991105895996094	76,1110000610352
0,629679358098656	0,992403625488281	76,2109985351563
0,630493159405887	0,993700988769531	76,3109970092773
0,631306960713118	0,99509375	76,411003112793
0,632171635515988	0,996434204101563	76,5110015869141
0,632985436823219	0,997785522460938	76,6110000610352
0,63379923813045	0,998947265625	76,7109985351563
0,634613039437681	1,00035601806641	76,8109970092773
0,635477714240551	1,00169079589844	76,911003112793
0,636291515547782	1,00299243164063	77,0110015869141
0,637105258647352	1,00430151367188	77,1110000610352
0,637919118162245	1,00561785888672	77,2109985351563
0,638783734757453	1,00695678710938	77,3109970092773
0,639597594272345	1,00820672607422	77,411003112793
0,640411395579576	1,00952435302734	77,5110015869141
0,641276070382446	1,01070153808594	77,6110000610352
0,642089871689677	1,01216467285156	77,7109985351563
0,642954546492547	1,01348175048828	77,8109970092773
0,643768289592117	1,01480236816406	77,911003112793
0,644633022602648	1,01610595703125	78,0110015869141
0,645446765702218	1,01727545166016	78,1110000610352
0,646311440505087	1,01882824707031	78,2109985351563
0,647125241812319	1,02019128417969	78,3109970092773
0,64793904311955	1,02134783935547	78,411003112793
0,648803717922419	1,02271759033203	78,5110015869141
0,649617519229651	1,02398138427734	78,6110000610352
0,65048219403252	1,02532580566406	78,7109985351563
0,65129593713209	1,02659130859375	78,8109970092773
0,652109796646982	1,027974609375	78,911003112793
0,652923597954214	1,02913220214844	79,0110015869141
0,653737341053784	1,03048620605469	79,1110000610352
0,654551200568676	1,03181262207031	79,2109985351563
0,655365001875907	1,03298059082031	79,3109970092773
0,656178744975477	1,03416882324219	79,411003112793
0,65699260449037	1,03529357910156	79,5110015869141
0,657806405797601	1,036548828125	79,6110000610352
0,658620207104832	1,037634765625	79,7109985351563
0,659434008412063	1,03910632324219	79,8109970092773
0,660247809719294	1,04047253417969	79,911003112793
0,661061611026526	1,04154077148438	80,0110015869141
0,661875412333757	1,04282043457031	80,1110000610352
0,662689213640988	1,04415588378906	80,2109985351563
0,663553888443857	1,04542236328125	80,3109970092773
0,664367689751089	1,0466796875	80,411003112793
0,665181432850659	1,04807250976563	80,5110015869141
0,666046165861189	1,04930529785156	80,6110000610352
0,66685990896076	1,05068151855469	80,7109985351563
0,667724583763629	1,05197778320313	80,8109970092773
0,66858931677416	1,05323388671875	80,911003112793
0,66940305987373	1,05448327636719	81,0110015869141
0,6702677346766	1,05585375976563	81,1110000610352
0,671132409479469	1,05733374023438	81,2109985351563
0,671997084282339	1,05849499511719	81,3109970092773
0,672861759085208	1,05987512207031	81,411003112793
0,673675560392439	1,06114697265625	81,5110015869141
0,674540235195309	1,062498046875	81,6110000610352
0,675353978294879	1,06369555664063	81,7109985351563
0,67621871130541	1,06502429199219	81,8109970092773
0,67703245440498	1,06615185546875	81,911003112793
0,677846255712211	1,06753759765625	82,0110015869141
0,678660115227103	1,06876147460938	82,1110000610352
0,679524731822312	1,06995751953125	82,2109985351563
0,680338533129543	1,07126989746094	82,3109970092773
0,681152334436774	1,07249914550781	82,411003112793
0,682017009239644	1,07380712890625	82,5110015869141
0,682830810546875	1,074849609375	82,6110000610352
0,683644611854106	1,07628857421875	82,7109985351563
0,684458413161337	1,07739184570313	82,8109970092773
0,685323087964207	1,07857983398438	82,911003112793
0,686136889271438	1,07994079589844	83,0110015869141
0,686950690578669	1,0812060546875	83,1110000610352
0,687815365381539	1,08238464355469	83,2109985351563
0,68862916668877	1,08378198242188	83,3109970092773
0,68949384149164	1,08497912597656	83,411003112793
0,690307642798871	1,08625256347656	83,5110015869141
0,69117231760174	1,08756079101563	83,6110000610352
0,691986060701311	1,08874572753906	83,7109985351563
0,692799862008542	1,09012072753906	83,8109970092773
0,693664536811411	1,09135668945313	83,911003112793
0,694529211614281	1,09254931640625	84,0110015869141
0,695343012921512	1,09378576660156	84,1110000610352
0,696156814228743	1,09491040039063	84,2109985351563
0,697021489031613	1,09615502929688	84,3109970092773
0,697835290338844	1,09742993164063	84,411003112793
0,698649091646075	1,09865380859375	84,5110015869141
0,699513708241284	1,09986474609375	84,6110000610352
0,700327567756176	1,10100842285156	84,7109985351563
0,701141369063407	1,10227966308594	84,8109970092773
0,701955112162977	1,10322717285156	84,911003112793
0,702718098182231	1,10448315429688	85,0110015869141
0,703531899489462	1,1056240234375	85,1110000610352
0,704396574292332	1,10686853027344	85,2109985351563
0,705210375599563	1,10816040039063	85,3109970092773
0,706024176906794	1,10935412597656	85,411003112793
0,706837978214026	1,11068444824219	85,5110015869141
0,707651779521257	1,11189208984375	85,6110000610352
0,708465580828488	1,11300524902344	85,7109985351563
0,709330255631357	1,11410278320313	85,8109970092773
0,710144056938589	1,11554345703125	85,911003112793
0,710957800038159	1,11672998046875	86,0110015869141
0,711822533048689	1,11800207519531	86,1110000610352
0,712687207851559	1,11908361816406	86,2109985351563
0,713500950951129	1,12058117675781	86,3109970092773
0,71436568396166	1,12176257324219	86,411003112793
0,71517942706123	1,1228984375	86,5110015869141
0,7160441018641	1,12421154785156	86,6110000610352
0,716908776666969	1,12543395996094	86,7109985351563
0,717773451469839	1,12660180664063	86,8109970092773
0,718638126272708	1,1278408203125	86,911003112793
0,719451927579939	1,12892919921875	87,0110015869141
0,720316602382809	1,13031921386719	87,1110000610352
0,721130345482379	1,13152624511719	87,2109985351563
0,72199507849291	1,13268225097656	87,3109970092773
0,72280882159248	1,13385559082031	87,411003112793
0,723622622899711	1,13513745117188	87,5110015869141
0,724436482414603	1,13620288085938	87,6110000610352
0,725301099009812	1,13736877441406	87,7109985351563
0,726114900317043	1,13855871582031	87,8109970092773
0,726928701624274	1,13977905273438	87,911003112793
0,727742502931505	1,14069177246094	88,0110015869141
0,728556362446398	1,14189965820313	88,1110000610352
0,729370105545968	1,14309582519531	88,2109985351563
0,730183906853199	1,14445288085938	88,3109970092773
0,730997766368091	1,14540795898438	88,411003112793
0,7318623829633	1,14656140136719	88,5110015869141
0,732676184270531	1,14788513183594	88,6110000610352
0,733489985577762	1,14883447265625	88,7109985351563
0,734303786884993	1,15011376953125	88,8109970092773
0,735117588192225	1,15122338867188	88,911003112793
0,735982262995094	1,1525458984375	89,0110015869141
0,736796064302325	1,15357055664063	89,1110000610352
0,737609865609556	1,15467785644531	89,2109985351563
0,738474540412426	1,15616845703125	89,3109970092773
0,739339157007635	1,15732641601563	89,411003112793
0,740153016522527	1,15855322265625	89,5110015869141
0,741017633117735	1,15954040527344	89,6110000610352
0,741882307920605	1,16085363769531	89,7109985351563
0,742696109227836	1,16219567871094	89,8109970092773
0,743509968742728	1,16294116210938	89,911003112793
0,744323711842299	1,16417175292969	90,0110015869141
0,745188386645168	1,16539587402344	90,1110000610352
0,746002187952399	1,16659826660156	90,2109985351563
0,74681598925963	1,16753930664063	90,3109970092773
0,747629848774523	1,16859741210938	90,411003112793
0,748443591874093	1,169845703125	90,5110015869141
0,749257393181324	1,17102233886719	90,6110000610352
0,750071252696216	1,17209130859375	90,7109985351563
0,750935869291425	1,17317639160156	90,8109970092773
0,751749670598656	1,17429943847656	90,911003112793
0,752563471905887	1,17557824707031	91,0110015869141
0,753377273213118	1,1766396484375	91,1110000610352
0,75419107452035	1,17763342285156	91,2109985351563
0,755004875827581	1,17885778808594	91,3109970092773
0,75586955063045	1,17976879882813	91,411003112793
0,756683351937681	1,18091357421875	91,5110015869141
0,757497153244913	1,18223999023438	91,6110000610352
0,758361828047782	1,18332507324219	91,7109985351563
0,759175571147352	1,18448498535156	91,8109970092773
0,760040304157883	1,18561242675781	91,911003112793
0,760904978960752	1,18677075195313	92,0110015869141
0,761718722060323	1,18790222167969	92,1110000610352
0,762583455070853	1,1891884765625	92,2109985351563
0,763448071666062	1,19034350585938	92,3109970092773
0,764312746468931	1,19139953613281	92,411003112793
0,765126547776163	1,19260302734375	92,5110015869141
0,765991222579032	1,19355810546875	92,6110000610352
0,766804965678602	1,1949560546875	92,7109985351563
0,767669698689133	1,19617956542969	92,8109970092773
0,768483441788703	1,1971533203125	92,911003112793
0,769348116591573	1,19822961425781	93,0110015869141
0,770161917898804	1,19935107421875	93,1110000610352
0,770975777413696	1,20050622558594	93,2109985351563
0,771840394008905	1,201427734375	93,3109970092773
0,772654253523797	1,20259655761719	93,411003112793
0,773467996623367	1,203810546875	93,5110015869141
0,774281797930598	1,20459558105469	93,6110000610352
0,77509565744549	1,2058251953125	93,7109985351563
0,775909400545061	1,20706079101563	93,8109970092773
0,776774133555591	1,20798583984375	93,911003112793
0,777587876655161	1,20925012207031	94,0110015869141
0,778401677962393	1,21031176757813	94,1110000610352
0,779215537477285	1,21138366699219	94,2109985351563
0,780080154072493	1,21229504394531	94,3109970092773
0,780893955379725	1,21347192382813	94,411003112793
0,781707756686956	1,21467724609375	94,5110015869141
0,782572431489825	1,21571826171875	94,6110000610352
0,783437048085034	1,21674096679688	94,7109985351563
0,784250907599926	1,21778869628906	94,8109970092773
0,785115524195135	1,21919909667969	94,911003112793
0,785929383710027	1,22023107910156	95,0110015869141
0,786794000305235	1,22110974121094	95,1110000610352
0,787658675108105	1,22232238769531	95,2109985351563
0,788472476415336	1,22362219238281	95,3109970092773
0,789286335930228	1,22453759765625	95,411003112793
0,790150952525437	1,22561853027344	95,5110015869141
0,790964753832668	1,22664733886719	95,6110000610352
0,791778555139899	1,22758569335938	95,7109985351563
0,79259235644713	1,22875903320313	95,8109970092773
0,793406215962023	1,22976342773438	95,911003112793
0,794219959061593	1,23071472167969	96,0110015869141
0,795033760368824	1,23167993164063	96,1110000610352
0,795847619883716	1,232583984375	96,2109985351563
0,796661362983286	1,23365795898438	96,3109970092773
0,797475164290518	1,23456103515625	96,411003112793
0,79828902380541	1,23561779785156	96,5110015869141
0,79910276690498	1,23684191894531	96,6110000610352
0,799916568212211	1,23757434082031	96,7109985351563
0,800781243015081	1,23858361816406	96,8109970092773
0,801595044322312	1,23976867675781	96,911003112793
0,802408845629543	1,24074951171875	97,0110015869141
0,803273520432413	1,24179638671875	97,1110000610352
0,804087321739644	1,24273620605469	97,2109985351563
0,804951938334852	1,24399609375	97,3109970092773
0,805765797849745	1,24496520996094	97,411003112793
0,806630414444953	1,24623522949219	97,5110015869141
0,807444273959845	1,24717419433594	97,6110000610352
0,808308890555054	1,24833056640625	97,7109985351563
0,809122750069946	1,24931396484375	97,8109970092773
0,809987366665155	1,25040002441406	97,911003112793
0,810852041468024	1,25132165527344	98,0110015869141
0,811716716270894	1,2524931640625	98,1110000610352
0,812530517578125	1,25351892089844	98,2109985351563
0,813395192380995	1,25440380859375	98,3109970092773
0,814259808976203	1,255515625	98,411003112793
0,815073668491095	1,25648107910156	98,5110015869141
0,815887469798326	1,25752661132813	98,6110000610352
0,816752144601196	1,25856188964844	98,7109985351563
0,817565945908427	1,2595810546875	98,8109970092773
0,818430620711297	1,26062890625	98,911003112793
0,819244363810867	1,26148327636719	99,0110015869141
0,820058165118098	1,26254467773438	99,1110000610352
0,82087202463299	1,26355676269531	99,2109985351563
0,821736641228199	1,26448767089844	99,3109970092773
0,822550500743091	1,26547717285156	99,411003112793
0,823364243842661	1,26635559082031	99,5110015869141
0,824178045149893	1,26736486816406	99,6110000610352
0,825042719952762	1,26825402832031	99,7109985351563
0,825856521259993	1,26935778808594	99,8109970092773
0,826670322567225	1,27049780273438	99,911003112793
0,827534997370094	1,27125622558594	100,011001586914
0,828348798677325	1,27230651855469	100,111000061035
0,829213415272534	1,2732392578125	100,210998535156
0,830027274787426	1,27425329589844	100,310997009277
0,830841076094657	1,27519921875	100,411003112793
0,831705750897527	1,27629125976563	100,511001586914
0,832519552204758	1,27712463378906	100,611000061035
0,833384227007627	1,27820727539063	100,710998535156
0,834197970107198	1,27916528320313	100,810997009277
0,835062703117728	1,2801611328125	100,911003112793
0,835876446217299	1,28097485351563	101,011001586914
0,83669024752453	1,28192687988281	101,111000061035
0,837554922327399	1,28279565429688	101,210998535156
0,83836872363463	1,28377551269531	101,310997009277
0,839182583149523	1,28474926757813	101,411003112793
0,839996326249093	1,28544946289063	101,511001586914
0,840810127556324	1,28646276855469	101,611000061035
0,841623987071216	1,28730053710938	101,710998535156
0,842437730170786	1,28818469238281	101,810997009277
0,843251531478018	1,28916796875	101,911003112793
0,84406539099291	1,29018420410156	102,011001586914
0,84487913409248	1,29101586914063	102,111000061035
0,845692935399711	1,2920341796875	102,210998535156
0,846506794914603	1,29264538574219	102,310997009277
0,847320538014174	1,29363732910156	102,411003112793
0,848185212817043	1,294322265625	102,511001586914
0,848999014124274	1,29529919433594	102,611000061035
0,849812815431505	1,29624487304688	102,710998535156
0,850677490234375	1,29713244628906	102,810997009277
0,851491291541606	1,29795104980469	102,911003112793
0,852305092848837	1,29887438964844	103,011001586914
0,853169767651707	1,29995654296875	103,111000061035
0,854034442454576	1,30090100097656	103,210998535156
0,854848185554147	1,3018408203125	103,310997009277
0,855712918564677	1,30276647949219	103,411003112793
0,856577593367547	1,30369348144531	103,511001586914
0,857442209962755	1,30452783203125	103,611000061035
0,858306884765625	1,30551440429688	103,710998535156
0,859171559568495	1,30644702148438	103,810997009277
0,859985360875726	1,30726489257813	103,911003112793
0,860850035678595	1,30816333007813	104,011001586914
0,861663836985826	1,30918078613281	104,111000061035
0,862528511788696	1,30990979003906	104,210998535156
0,863342313095927	1,31081042480469	104,310997009277
0,864156056195498	1,311671875	104,411003112793
0,86496991571039	1,31248937988281	104,511001586914
0,865783717017621	1,31315405273438	104,611000061035
0,86664839182049	1,31409240722656	104,710998535156
0,867462134920061	1,31471960449219	104,810997009277
0,868275936227292	1,31561706542969	104,911003112793
0,869089795742184	1,31645593261719	105,011001586914
0,869903538841754	1,31716809082031	105,111000061035
0,870768271852285	1,31796240234375	105,210998535156
0,871582014951855	1,31868298339844	105,310997009277
0,872395816259086	1,31961218261719	105,411003112793
0,873209675773978	1,32022778320313	105,511001586914
0,874074292369187	1,32105847167969	105,611000061035
0,874888093676418	1,32178210449219	105,710998535156
0,875752768479288	1,32253308105469	105,810997009277
0,876617443282157	1,32364868164063	105,911003112793
0,877431186381727	1,32430993652344	106,011001586914
0,878295919392258	1,32501538085938	106,111000061035
0,879109662491828	1,32566528320313	106,210998535156
0,879974337294698	1,32657275390625	106,310997009277
0,880788138601929	1,32703479003906	106,411003112793
0,881652813404799	1,32798083496094	106,511001586914
0,88246661471203	1,32857006835938	106,611000061035
0,883280474226922	1,32903894042969	106,710998535156
0,884094217326492	1,32978955078125	106,810997009277
0,884908018633723	1,33032373046875	106,911003112793
0,885721878148615	1,33095520019531	107,011001586914
0,886535621248186	1,33143200683594	107,111000061035
0,887400354258716	1,33174877929688	107,210998535156
0,888214097358286	1,33227416992188	107,310997009277
0,889027898665518	1,33266564941406	107,411003112793
0,88984175818041	1,33257690429688	107,511001586914
0,89065550127998	1,33204638671875	107,611000061035
0,892842595931143	-0,0725044708251953	107,697998046875
