File Path: D:\Ensayos Víctor\Fase III\Virgen\Canto\Test Run 2 16-05-2019 13 17 51\DAQ- Crosshead; … - (Timed).txt   
Test: ENSAYOS TRACCION PLA 4
Test Run: Test Run 2
Date: 16/05/2019 13:14:52


Crosshead 	Load 	Time 
mm	kN	sec
0,000203450511548908	0,0654687194824219	0,112000003457069
0,000661214187402948	0,0655177841186523	0,211999997496605
0,00101725254353369	0,0655335845947266	0,312000006437302
0,00167846678778005	0,0656985168457031	0,412000000476837
0,00213623047784495	0,0656952209472656	0,512000024318695
0,00254313158620789	0,0657990493774414	0,611999988555908
0,00295003246719716	0,0660538635253906	0,712000012397766
0,00340779615726206	0,066247314453125	0,811999976634979
0,00396728501073085	0,0668586730957031	0,912000000476837
0,00462849948235089	0,0671869277954102	1,01199996471405
0,00534057608092553	0,0678590545654297	1,11199998855591
0,00610351571594947	0,0682590942382813	1,21200001239777
0,00691731793267536	0,0688154373168945	1,31200003623962
0,0077311196946539	0,0689741973876953	1,41199994087219
0,00854492191137979	0,0692592010498047	1,51199996471405
0,00940958670980763	0,0694979782104492	1,61199998855591
0,0102742505987408	0,0696351318359375	1,71200001239777
0,0110880537249614	0,0697448425292969	1,81200003623962
0,0119527176138945	0,0700979919433594	1,91199994087219
0,0128173824123223	0,0703060684204102	2,01200008392334
0,0136311846290482	0,070533805847168	2,11199998855591
0,0144958494274761	0,0708979187011719	2,21199989318848
0,0153605142259039	0,0713653564453125	2,31200003623962
0,0162251799338264	0,0714588775634766	2,41199994087219
0,0170389812410576	0,0717973403930664	2,51200008392334
0,0179036469489802	0,0722496566772461	2,61199998855591
0,0187683108379133	0,0723225555419922	2,71199989318848
0,0195821139641339	0,0726049575805664	2,81200003623962
0,0203959134523757	0,0728049240112305	2,91199994087219
0,0212605791602982	0,0730246734619141	3,01200008392334
0,0220743804675294	0,0732784805297852	3,11199998855591
0,02288818359375	0,0737571411132813	3,21199989318848
0,0237019867199706	0,0745343475341797	3,31200003623962
0,0245666506089037	0,0746823883056641	3,41199994087219
0,0253804537351243	0,0753573379516602	3,51200008392334
0,0261942532233661	0,0757547607421875	3,61199998855591
0,0270080563495867	0,076274299621582	3,71199989318848
0,0278218594758073	0,076789192199707	3,81200003623962
0,0286865233647404	0,0776917266845703	3,91199994087219
0,029500326490961	0,0783647613525391	4,01200008392334
0,0303141277981922	0,0787720565795898	4,11199998855591
0,0311279291054234	0,0796578750610352	4,21199989318848
0,0319925966323353	0,080212646484375	4,31199979782104
0,0328572568832897	0,0811368560791016	4,41200017929077
0,0336710618284997	0,0817586059570313	4,51200008392334
0,0345357257174328	0,0822545318603516	4,61199998855591
0,0353495306626428	0,0832860412597656	4,71199989318848
0,0362141909135971	0,0839300308227539	4,81199979782104
0,0370788584405091	0,0847989120483398	4,91200017929077
0,0379435223294422	0,0855354461669922	5,01200008392334
0,0387573236366734	0,0861667404174805	5,11199998855591
0,0396219911635853	0,0867227325439453	5,21199989318848
0,0404357924708165	0,0876982574462891	5,31199979782104
0,0413004563597497	0,0884633941650391	5,41200017929077
0,0421142576669808	0,0895720520019531	5,51200008392334
0,042928058974212	0,090619010925293	5,61199998855591
0,043741863919422	0,0920708694458008	5,71199989318848
0,0445556652266532	0,0934163208007813	5,81199979782104
0,0453694665338844	0,0946708221435547	5,91200017929077
0,0461832678411156	0,0959687652587891	6,01200008392334
0,0469970691483468	0,0973229751586914	6,11199998855591
0,047810870455578	0,0986238250732422	6,21199989318848
0,0486755379824899	0,0999245147705078	6,31199979782104
0,0494893392897211	0,101073883056641	6,41200017929077
0,0503031442349311	0,102408058166504	6,51200008392334
0,0511169419041835	0,103470367431641	6,61199998855591
0,0519816094310954	0,104934135437012	6,71199989318848
0,0527954107383266	0,106029777526855	6,81199979782104
0,0536092120455578	0,107479293823242	6,91200017929077
0,0544738759344909	0,108745765686035	7,01200008392334
0,0552876772417221	0,110075134277344	7,11199998855591
0,0561523447686341	0,111290458679199	7,21199989318848
0,0569661460758653	0,112513488769531	7,31199979782104
0,0578308099647984	0,113808929443359	7,41200017929077
0,0586954774917103	0,115136581420898	7,51200008392334
0,0595092787989415	0,116268699645996	7,61199998855591
0,0603739426878747	0,117812042236328	7,71199989318848
0,0612386065768078	0,119091514587402	7,81199979782104
0,0621032741037197	0,120420654296875	7,91200017929077
0,0629170754109509	0,121634216308594	8,01200008392334
0,0637817356619053	0,12291242980957	8,11200046539307
0,0646464031888172	0,12411767578125	8,21199989318848
0,0654602044960484	0,125072807312012	8,3120002746582
0,0663248647470027	0,126094009399414	8,41199970245361
0,0671386733301915	0,127436264038086	8,51200008392334
0,0680033335811459	0,128255310058594	8,61200046539307
0,0688171421643347	0,12986653137207	8,71199989318848
0,069681802415289	0,130723419189453	8,8120002746582
0,0704956037225202	0,131830535888672	8,91199970245361
0,071309412305709	0,133006973266602	9,01200008392334
0,0721232063369825	0,134076354980469	9,11200046539307
0,0729370149201714	0,135226806640625	9,21199989318848
0,0738016751711257	0,136045425415039	9,3120002746582
0,0746154764783569	0,137455062866211	9,41199970245361
0,0754801440052688	0,138466400146484	9,51200008392334
0,0762939453125	0,139363861083984	9,61200046539307
0,0771077466197312	0,14032048034668	9,71199989318848
0,0779724141466431	0,141196594238281	9,8120002746582
0,0787862154538743	0,142315979003906	9,91199970245361
0,0796000167611055	0,14315788269043	10,0120000839233
0,0804646842880175	0,144181716918945	10,1120004653931
0,081278478319291	0,145241851806641	10,2119998931885
0,0821431531221606	0,146069473266602	10,3120002746582
0,0829569471534342	0,147185913085938	10,4119997024536
0,0838216146803461	0,1482421875	10,5120000839233
0,0846354159875773	0,149364288330078	10,6120004653931
0,0855000835144892	0,150490234375	10,7119998931885
0,0863138775457628	0,151568817138672	10,8120002746582
0,0871276861289516	0,15271907043457	10,9119997024536
0,0879414874361828	0,153625045776367	11,0120000839233
0,0888061549630947	0,154629409790039	11,1120004653931
0,0896199562703259	0,155668121337891	11,2119998931885
0,0904337575775571	0,156673370361328	11,3120002746582
0,0912475588847883	0,157591690063477	11,4119997024536
0,0920613601920195	0,158380325317383	11,5120000839233
0,0928751614992507	0,159658767700195	11,6120004653931
0,0936889628064819	0,160590881347656	11,7119998931885
0,0945027713896707	0,161881378173828	11,8120002746582
0,0953165654209442	0,162863082885742	11,9119997024536
0,096130374004133	0,16372575378418	12,0120000839233
0,0969441753113642	0,164726440429688	12,1120004653931
0,0977579693426378	0,165995147705078	12,2119998931885
0,0986226441455074	0,16719514465332	12,3120002746582
0,0994364381767809	0,168667221069336	12,4119997024536
0,10025024675997	0,170074722290039	12,5120000839233
0,101064048067201	0,171494598388672	12,6120004653931
0,101928708318155	0,172908569335938	12,7119998931885
0,102742516901344	0,174362350463867	12,8120002746582
0,103607177152298	0,175786911010742	12,9119997024536
0,104420985735487	0,177470520019531	13,0120000839233
0,105285645986442	0,178793853759766	13,1120004653931
0,106150306237396	0,180159744262695	13,2119998931885
0,106964114820585	0,181667373657227	13,3120002746582
0,107828775071539	0,18315966796875	13,4119997024536
0,108693442598451	0,184631408691406	13,5120000839233
0,109558102849405	0,186277954101563	13,6120004653931
0,110371911432594	0,187655319213867	13,7119998931885
0,111236571683548	0,189263168334961	13,8120002746582
0,112050380266737	0,190834014892578	13,9119997024536
0,112915040517692	0,192005233764648	14,0120000839233
0,113728841824923	0,19360319519043	14,1120004653931
0,114542643132154	0,195197952270508	14,2119998931885
0,115407310659066	0,196791152954102	14,3120002746582
0,116221104690339	0,19843994140625	14,4119997024536
0,117034913273528	0,199658599853516	14,5120000839233
0,117848714580759	0,201296844482422	14,6120004653931
0,118713382107671	0,20287841796875	14,7119998931885
0,119527183414903	0,20421061706543	14,8120002746582
0,120340977446176	0,205819351196289	14,9119997024536
0,121205652249046	0,207262542724609	15,0120000839233
0,122019446280319	0,208724868774414	15,1120004653931
0,122833254863508	0,210393463134766	15,2119998931885
0,123697915114462	0,211936599731445	15,3120002746582
0,124511716421694	0,213554412841797	15,4119997024536
0,125376391224563	0,214999786376953	15,5120000839233
0,126190192531794	0,216620590209961	15,6120004653931
0,127054852782749	0,218147735595703	15,7119998931885
0,12786865408998	0,219629135131836	15,8120002746582
0,128733328892849	0,221142288208008	15,9119997024536
0,129547115648165	0,222950546264648	16,011999130249
0,130411790451035	0,224498916625977	16,1119995117188
0,131225591758266	0,226082717895508	16,2119998931885
0,13209025200922	0,227755935668945	16,3120002746582
0,132904053316452	0,229229293823242	16,4120006561279
0,133768728119321	0,230889007568359	16,511999130249
0,134582514874637	0,232209991455078	16,6119995117188
0,135396316181868	0,233847076416016	16,7119998931885
0,136210132041015	0,235447662353516	16,8120002746582
0,137023918796331	0,23699626159668	16,9120006561279
0,137837720103562	0,238365249633789	17,011999130249
0,138651535962708	0,240150421142578	17,1119995117188
0,139465337269939	0,241508316040039	17,2119998931885
0,140279124025255	0,24315608215332	17,3120002746582
0,141092939884402	0,244686279296875	17,4120006561279
0,141957600135356	0,246326721191406	17,511999130249
0,142771401442587	0,247923034667969	17,6119995117188
0,143585202749819	0,249581176757813	17,7119998931885
0,14439900405705	0,251049011230469	17,8120002746582
0,145263678859919	0,252725219726563	17,9120006561279
0,146077465615235	0,25425715637207	18,011999130249
0,146942140418105	0,256055633544922	18,1119995117188
0,147755941725336	0,257464569091797	18,2119998931885
0,14862060197629	0,258986145019531	18,3120002746582
0,149434403283522	0,260740509033203	18,4120006561279
0,150299078086391	0,262482543945313	18,511999130249
0,151163738337345	0,264149322509766	18,6119995117188
0,151977539644577	0,265625732421875	18,7119998931885
0,152842214447446	0,267165924072266	18,8120002746582
0,153706860146485	0,2683818359375	18,9120006561279
0,154520676005632	0,268545715332031	19,011999130249
0,155385336256586	0,270774017333984	19,1119995117188
0,15624999650754	0,272828216552734	19,2119998931885
0,157063797814772	0,273961303710938	19,3120002746582
0,157928472617641	0,275320526123047	19,4120006561279
0,158742259372957	0,277156768798828	19,511999130249
0,159556075232103	0,279081634521484	19,6119995117188
0,160369876539335	0,280619415283203	19,7119998931885
0,161183663294651	0,281953430175781	19,8120002746582
0,16204833809752	0,284000518798828	19,9120006561279
0,162862139404751	0,285872528076172	20,011999130249
0,163675955263898	0,287106536865234	20,1119995117188
0,164489742019214	0,288819122314453	20,2119998931885
0,165303543326445	0,290397125244141	20,3120002746582
0,166117359185591	0,292405456542969	20,4120006561279
0,16698200488463	0,293761169433594	20,511999130249
0,167795820743777	0,295342834472656	20,6119995117188
0,168609622051008	0,297145080566406	20,7119998931885
0,169474282301962	0,298721984863281	20,8120002746582
0,170288083609194	0,300483917236328	20,9120006561279
0,171101884916425	0,302182373046875	21,011999130249
0,171966559719294	0,303787384033203	21,1119995117188
0,17278034647461	0,305578460693359	21,2119998931885
0,17364502127748	0,306861145019531	21,3120002746582
0,174509696080349	0,308756561279297	21,4120006561279
0,175323482835665	0,310274444580078	21,511999130249
0,176188157638535	0,312109588623047	21,6119995117188
0,177001958945766	0,313854919433594	21,7119998931885
0,17786661919672	0,315433868408203	21,8120002746582
0,178731279447675	0,317239440917969	21,9120006561279
0,179545095306821	0,318934265136719	22,011999130249
0,180358882062137	0,320324401855469	22,1119995117188
0,181223556865007	0,322027221679688	22,2119998931885
0,182037358172238	0,323609741210938	22,3120002746582
0,182851144927554	0,325365814208984	22,4120006561279
0,1836649607867	0,326861328125	22,511999130249
0,184478762093931	0,328497863769531	22,6119995117188
0,185292563401163	0,329961242675781	22,7119998931885
0,186106364708394	0,331589294433594	22,8120002746582
0,186920166015625	0,333394561767578	22,9120006561279
0,187733967322856	0,334874145507813	23,011999130249
0,188547768630087	0,336473480224609	23,1119995117188
0,189412428881042	0,338061828613281	23,2119998931885
0,190226244740188	0,339582336425781	23,3120002746582
0,191040046047419	0,341233184814453	23,4120006561279
0,191904706298374	0,342968658447266	23,511999130249
0,192718507605605	0,344599884033203	23,6119995117188
0,193532308912836	0,346190490722656	23,7119998931885
0,19439696916379	0,347794616699219	23,8120002746582
0,195210770471022	0,349585723876953	23,9120006561279
0,196024586330168	0,350979614257813	24,011999130249
0,196889232029207	0,352561889648438	24,1119995117188
0,197703047888353	0,354369934082031	24,2119998931885
0,198567708139308	0,355845916748047	24,3120002746582
0,199381509446539	0,357772186279297	24,4120006561279
0,200246169697493	0,359332733154297	24,511999130249
0,20105998555664	0,360951385498047	24,6119995117188
0,201924631255679	0,36267919921875	24,7119998931885
0,202789306058548	0,364382781982422	24,8120002746582
0,20360310736578	0,365917999267578	24,9120006561279
0,204416908673011	0,367641540527344	25,011999130249
0,205281568923965	0,369272369384766	25,1119995117188
0,206095384783112	0,370817993164063	25,2119998931885
0,206909186090343	0,372721374511719	25,3120002746582
0,207722972845659	0,374233764648438	25,4120006561279
0,208587647648528	0,375965637207031	25,511999130249
0,209401448955759	0,377579376220703	25,6119995117188
0,210215250262991	0,379149627685547	25,7119998931885
0,211029051570222	0,380784210205078	25,8120002746582
0,211893726373091	0,382372741699219	25,9120006561279
0,212707513128407	0,384086547851563	26,011999130249
0,213521314435638	0,385615661621094	26,1119995117188
0,214385989238508	0,387380432128906	26,2119998931885
0,215199790545739	0,388953948974609	26,3120002746582
0,216064450796694	0,390516448974609	26,4120006561279
0,216878252103925	0,392064422607422	26,511999130249
0,217692067963071	0,393928131103516	26,6119995117188
0,21855671366211	0,395483245849609	26,7119998931885
0,21942138846498	0,397230224609375	26,8120002746582
0,220235189772211	0,398655151367188	26,9120006561279
0,221099850023165	0,4003837890625	27,011999130249
0,221913651330397	0,401972686767578	27,1119995117188
0,222778326133266	0,403740203857422	27,2119998931885
0,223592112888582	0,405240203857422	27,3120002746582
0,224405928747728	0,406843414306641	27,4120006561279
0,225270588998683	0,408625793457031	27,511999130249
0,226084390305914	0,410002624511719	27,6119995117188
0,226898191613145	0,411741027832031	27,7119998931885
0,227711992920376	0,413299194335938	27,8120002746582
0,228525808779523	0,41503173828125	27,9120006561279
0,229339595534839	0,416596649169922	28,011999130249
0,23015339684207	0,418013519287109	28,1119995117188
0,231018071644939	0,419723907470703	28,2119998931885
0,231831858400255	0,421270324707031	28,3120002746582
0,232645674259402	0,422822723388672	28,4120006561279
0,233459475566633	0,424403686523438	28,511999130249
0,234273276873864	0,426037048339844	28,6119995117188
0,235087078181095	0,427745819091797	28,7119998931885
0,235900879488327	0,429394592285156	28,8120002746582
0,236714680795558	0,430823944091797	28,9120006561279
0,237579341046512	0,432516326904297	29,011999130249
0,238393142353743	0,43428076171875	29,1119995117188
0,23920695821289	0,435943603515625	29,2119998931885
0,240071603911929	0,437389831542969	29,3120002746582
0,240885419771075	0,439076324462891	29,4120006561279
0,24175008002203	0,440677581787109	29,511999130249
0,242563881329261	0,442427337646484	29,6119995117188
0,243377682636492	0,443994323730469	29,7119998931885
0,244242342887446	0,445696044921875	29,8120002746582
0,245107017690316	0,447466522216797	29,9120006561279
0,245920818997547	0,448984558105469	30,011999130249
0,246785464696586	0,450791534423828	30,1119995117188
0,247650139499456	0,45240966796875	30,2119998931885
0,248463940806687	0,454161804199219	30,3120002746582
0,249328615609556	0,455750091552734	30,4120006561279
0,250193261308596	0,457367126464844	30,511999130249
0,251007091719657	0,459028198242188	30,6119995117188
0,251871737418696	0,460707092285156	30,7119998931885
0,252685538725927	0,462384826660156	30,8120002746582
0,253499369136989	0,464099853515625	30,9120006561279
0,25431314134039	0,465626037597656	31,011999130249
0,255177816143259	0,467312408447266	31,1119995117188
0,255991617450491	0,468697082519531	31,2119998931885
0,256805418757722	0,470460266113281	31,3120002746582
0,257670064456761	0,4719140625	31,4120006561279
0,258483894867823	0,473775238037109	31,511999130249
0,259297696175054	0,475210662841797	31,6119995117188
0,260111468378454	0,476990447998047	31,7119998931885
0,260976172285154	0,478343963623047	31,8120002746582
0,261789944488555	0,480240631103516	31,9120006561279
0,262654619291425	0,481780609130859	32,0120010375977
0,263468420598656	0,483570770263672	32,1119995117188
0,264333095401526	0,485119689941406	32,2120018005371
0,265146867604926	0,486876129150391	32,3120002746582
0,265960698015988	0,488364898681641	32,4119987487793
0,266825343715027	0,490091705322266	32,5120010375977
0,267639174126089	0,491811126708984	32,6119995117188
0,268503819825128	0,493429962158203	32,7120018005371
0,269317621132359	0,495221282958984	32,8120002746582
0,270182295935228	0,496777069091797	32,9119987487793
0,27099609724246	0,498508911132813	33,0120010375977
0,271860742941499	0,500027221679688	33,1119995117188
0,27267457335256	0,501492889404297	33,2120018005371
0,273488374659792	0,503105010986328	33,3120002746582
0,274302146863192	0,504893920898438	33,4119987487793
0,275115977274254	0,506282684326172	33,5120010375977
0,275929778581485	0,507918823242188	33,6119995117188
0,276743550784886	0,5098486328125	33,7120018005371
0,277557381195948	0,511213806152344	33,8120002746582
0,278371182503179	0,512821350097656	33,9119987487793
0,279184954706579	0,514484497070313	34,0120010375977
0,279998785117641	0,515824462890625	34,1119995117188
0,280812586424872	0,517460021972656	34,2120018005371
0,281626387732103	0,519069396972656	34,3120002746582
0,282440189039335	0,520777282714844	34,4119987487793
0,283304834738374	0,522277709960938	34,5120010375977
0,284118665149435	0,523878295898438	34,6119995117188
0,284932466456667	0,525601257324219	34,7120018005371
0,285746238660067	0,527236755371094	34,8120002746582
0,286610942566767	0,528796142578125	34,9119987487793
0,287424714770168	0,530604064941406	35,0120010375977
0,288289389573038	0,532089294433594	35,1119995117188
0,289103190880269	0,533676513671875	35,2120018005371
0,289967865683138	0,535504150390625	35,3120002746582
0,290832511382177	0,537066467285156	35,4119987487793
0,291697186185047	0,538788391113281	35,5120010375977
0,292510987492278	0,540559326171875	35,6119995117188
0,293375633191317	0,542126037597656	35,7120018005371
0,294240337098017	0,543722106933594	35,8120002746582
0,295104982797056	0,545287536621094	35,9119987487793
0,295918784104288	0,547070434570313	36,0120010375977
0,296783458907157	0,548627136230469	36,1119995117188
0,297597260214388	0,550382568359375	36,2120018005371
0,298411032417789	0,551957458496094	36,3120002746582
0,299275736324489	0,553509582519531	36,4119987487793
0,30008950852789	0,555207458496094	36,5120010375977
0,300903309835121	0,55651171875	36,6119995117188
0,301717140246183	0,558106018066406	36,7120018005371
0,302530912449583	0,559825988769531	36,8120002746582
0,303344713756815	0,561315124511719	36,9119987487793
0,304158544167876	0,563100708007813	37,0120010375977
0,305023189866915	0,564476684570313	37,1119995117188
0,305836991174147	0,566267395019531	37,2120018005371
0,306650792481378	0,567938415527344	37,3120002746582
0,307464593788609	0,569503234863281	37,4119987487793
0,308329268591478	0,570826049804688	37,5120010375977
0,30914306989871	0,572385864257813	37,6119995117188
0,309956871205941	0,574039428710938	37,7120018005371
0,31082154600881	0,575638244628906	37,8120002746582
0,311635347316042	0,577064819335938	37,9119987487793
0,312499993015081	0,578721252441406	38,0120010375977
0,313313823426142	0,580599304199219	38,1119995117188
0,314127595629543	0,58214599609375	38,2120018005371
0,314992270432413	0,583811645507813	38,3120002746582
0,315806071739644	0,585467651367188	38,4119987487793
0,316670746542513	0,587102844238281	38,5120010375977
0,317484518745914	0,588315795898438	38,6119995117188
0,318349222652614	0,59044189453125	38,7120018005371
0,319162994856015	0,59199755859375	38,8120002746582
0,319976796163246	0,593304260253906	38,9119987487793
0,320790626574308	0,594849426269531	39,0120010375977
0,321604398777708	0,596450500488281	39,1119995117188
0,32241820008494	0,598065673828125	39,2120018005371
0,323232030496001	0,599639770507813	39,3120002746582
0,324045802699402	0,601268981933594	39,4119987487793
0,324859633110464	0,602685791015625	39,5120010375977
0,325673434417695	0,604171447753906	39,6119995117188
0,326487206621096	0,605835083007813	39,7120018005371
0,327301037032157	0,607419128417969	39,8120002746582
0,328165682731196	0,609111511230469	39,9119987487793
0,328979484038427	0,610675964355469	40,0120010375977
0,329793314449489	0,612162292480469	40,1119995117188
0,33060708665289	0,613909912109375	40,2120018005371
0,331471761455759	0,615394470214844	40,3120002746582
0,332285562762991	0,617092102050781	40,4119987487793
0,333099364070222	0,61853515625	40,5120010375977
0,333964009769261	0,620150146484375	40,6119995117188
0,334777840180323	0,621798156738281	40,7120018005371
0,335642485879362	0,623494934082031	40,8120002746582
0,336507160682231	0,624957092285156	40,9119987487793
0,337371835485101	0,626731811523438	41,0120010375977
0,338185636792332	0,628254333496094	41,1119995117188
0,339050282491371	0,62983544921875	41,2120018005371
0,339914957294241	0,631536682128906	41,3120002746582
0,340728758601472	0,633074768066406	41,4119987487793
0,341593404300511	0,634747680664063	41,5120010375977
0,342458108207211	0,636239868164063	41,6119995117188
0,343271880410612	0,637989196777344	41,7120018005371
0,344136555213481	0,639476989746094	41,8120002746582
0,344950356520712	0,641025451660156	41,9119987487793
0,345764157827944	0,642655700683594	42,0120010375977
0,346577959135175	0,644219970703125	42,1119995117188
0,347391760442406	0,645748718261719	42,2120018005371
0,348205561749637	0,647516540527344	42,3120002746582
0,349019392160699	0,648978088378906	42,4119987487793
0,3498331643641	0,650363159179688	42,5120010375977
0,350697839166969	0,652197814941406	42,6119995117188
0,3515116404742	0,653489440917969	42,7120018005371
0,352325441781431	0,655007629394531	42,8120002746582
0,353139243088663	0,656724670410156	42,9119987487793
0,353953044395894	0,658255126953125	43,0120010375977
0,354817719198763	0,659765747070313	43,1119995117188
0,355631491402164	0,661247192382813	43,2120018005371
0,356445321813226	0,662842102050781	43,3120002746582
0,357309967512265	0,664616882324219	43,4119987487793
0,358123768819496	0,666162231445313	43,5120010375977
0,358937599230558	0,667544311523438	43,6119995117188
0,359802244929597	0,66938623046875	43,7120018005371
0,360616046236828	0,670914733886719	43,8120002746582
0,361480721039698	0,672435119628906	43,9119987487793
0,362294522346929	0,674181823730469	44,0120010375977
0,363159168045968	0,675535827636719	44,1119995117188
0,363972998457029	0,677085266113281	44,2120018005371
0,36478677066043	0,678792541503906	44,3120002746582
0,3656514454633	0,68032666015625	44,4119987487793
0,366465246770531	0,681981384277344	44,5120010375977
0,367279048077762	0,683469543457031	44,6119995117188
0,368092878488824	0,685029479980469	44,7120018005371
0,368906650692225	0,68669677734375	44,8120002746582
0,369720451999456	0,688001037597656	44,9119987487793
0,370534282410517	0,689658813476563	45,0120010375977
0,371348054613918	0,691258117675781	45,1119995117188
0,372161855921149	0,692713928222656	45,2120018005371
0,372975686332211	0,694220764160156	45,3120002746582
0,373789458535612	0,695634948730469	45,4119987487793
0,374603259842843	0,697315612792969	45,5120010375977
0,375467934645712	0,698888977050781	45,6119995117188
0,376281735952944	0,700457458496094	45,7120018005371
0,377095537260175	0,701760925292969	45,8120002746582
0,377960212063044	0,703533935546875	45,9119987487793
0,378774013370276	0,704983459472656	46,0120010375977
0,379638659069315	0,706555480957031	46,1119995117188
0,380452489480376	0,708244506835938	46,2120018005371
0,381317135179415	0,709840393066406	46,3120002746582
0,382130936486647	0,711295349121094	46,4119987487793
0,382995611289516	0,712836120605469	46,5120010375977
0,383809412596747	0,714583679199219	46,6119995117188
0,384674058295786	0,715935852050781	46,7120018005371
0,385538733098656	0,717674560546875	46,8120002746582
0,386403407901526	0,719311157226563	46,9119987487793
0,387217180104926	0,720887451171875	47,0120010375977
0,388081884011626	0,722418762207031	47,1119995117188
0,388946529710665	0,723842468261719	47,2120018005371
0,389760331017897	0,72551953125	47,3120002746582
0,390625005820766	0,727174499511719	47,4119987487793
0,391438807127997	0,728766662597656	47,5120010375977
0,392252608435228	0,730223693847656	47,6119995117188
0,393117283238098	0,731950256347656	47,7120018005371
0,393931055441499	0,733553527832031	47,8120002746582
0,39474488585256	0,735001037597656	47,9119987487793
0,395558687159792	0,736510681152344	48,0120010375977
0,396372459363192	0,737823486328125	48,1119995117188
0,397186289774254	0,739494506835938	48,2120018005371
0,398050935473293	0,740851318359375	48,3120002746582
0,398864736780524	0,74247314453125	48,4119987487793
0,399678567191586	0,744032836914063	48,5120010375977
0,400543212890625	0,74556103515625	48,6119995117188
0,401357014197856	0,747341979980469	48,7120018005371
0,402170815505087	0,748750854492188	48,8120002746582
0,403035490307957	0,75031884765625	48,9119987487793
0,403849262511358	0,751935913085938	49,0120010375977
0,404713966418058	0,753506286621094	49,1119995117188
0,405527738621458	0,755043518066406	49,2120018005371
0,40634153992869	0,756545104980469	49,3120002746582
0,407206214731559	0,758031066894531	49,4119987487793
0,408070889534429	0,759683715820313	49,5120010375977
0,408884661737829	0,761138427734375	49,6119995117188
0,409749365644529	0,762580322265625	49,7120018005371
0,41056313784793	0,76416015625	49,8120002746582
0,4114278126508	0,765868103027344	49,9119987487793
0,412241613958031	0,767162475585938	50,0120010375977
0,413055415265262	0,768883605957031	50,1119995117188
0,413869245676324	0,77041064453125	50,2120018005371
0,414683017879725	0,771723327636719	50,3120002746582
0,415496819186956	0,773360473632813	50,4119987487793
0,416310649598017	0,774665832519531	50,5120010375977
0,417124421801418	0,776202758789063	50,6119995117188
0,417938223108649	0,777683715820313	50,7120018005371
0,418752053519711	0,779279907226563	50,8120002746582
0,419565825723112	0,780772521972656	50,9119987487793
0,420430500525981	0,782049377441406	51,0120010375977
0,421244301833212	0,783644714355469	51,1119995117188
0,422058103140444	0,785234619140625	51,2120018005371
0,422871904447675	0,786735046386719	51,3120002746582
0,423736579250544	0,788353515625	51,4119987487793
0,424550380557776	0,789724182128906	51,5120010375977
0,425364152761176	0,791534729003906	51,6119995117188
0,426228856667876	0,793054382324219	51,7120018005371
0,427042628871277	0,794502197265625	51,8120002746582
0,427907303674147	0,796036499023438	51,9119987487793
0,428721104981378	0,797566467285156	52,0120010375977
0,429585779784247	0,799156799316406	52,1119995117188
0,430399581091478	0,800535522460938	52,2120018005371
0,431264255894348	0,8020185546875	52,3120002746582
0,432128901593387	0,803769775390625	52,4119987487793
0,432942732004449	0,805455871582031	52,5120010375977
0,433807377703488	0,806868041992188	52,6119995117188
0,434621179010719	0,808293151855469	52,7120018005371
0,435485853813589	0,809804809570313	52,8120002746582
0,43629965512082	0,811555969238281	52,9119987487793
0,437113427324221	0,812951293945313	53,0120010375977
0,437978131230921	0,814621704101563	53,1119995117188
0,438791903434321	0,81596728515625	53,2120018005371
0,439605704741552	0,817568786621094	53,3120002746582
0,440419535152614	0,818901000976563	53,4119987487793
0,441233307356015	0,820380310058594	53,5120010375977
0,442097982158884	0,822083129882813	53,6119995117188
0,442911783466116	0,823509094238281	53,7120018005371
0,443725584773347	0,824941955566406	53,8120002746582
0,444539386080578	0,82657763671875	53,9119987487793
0,445404060883448	0,827984375	54,0120010375977
0,446217862190679	0,829543090820313	54,1119995117188
0,447031634394079	0,831210693359375	54,2120018005371
0,447896338300779	0,832505004882813	54,3120002746582
0,44871011050418	0,83401806640625	54,4119987487793
0,44957478530705	0,835542846679688	54,5120010375977
0,450388586614281	0,837029174804688	54,6119995117188
0,451253261417151	0,838466979980469	54,7120018005371
0,452067033620551	0,840113952636719	54,8120002746582
0,452931737527251	0,841619873046875	54,9119987487793
0,45379638322629	0,843211669921875	55,0120010375977
0,454610184533522	0,844577697753906	55,1119995117188
0,455474859336391	0,846249877929688	55,2120018005371
0,456288660643622	0,84784814453125	55,3120002746582
0,457153306342661	0,849287109375	55,4119987487793
0,457967136753723	0,8509111328125	55,5120010375977
0,458780908957124	0,852280944824219	55,6119995117188
0,459645612863824	0,853819946289063	55,7120018005371
0,460459385067225	0,855203308105469	55,8120002746582
0,461273186374456	0,856673034667969	55,9119987487793
0,462087016785517	0,858246887207031	56,0120010375977
0,46284994459711	0,859561401367188	56,1119995117188
0,463714590296149	0,860989379882813	56,2120018005371
0,464528420707211	0,862391784667969	56,3120002746582
0,465342192910612	0,863799682617188	56,4119987487793
0,466155994217843	0,865357055664063	56,5120010375977
0,466969824628904	0,866754272460938	56,6119995117188
0,467783596832305	0,868355224609375	56,7120018005371
0,468597398139536	0,869715270996094	56,8120002746582
0,469462072942406	0,871257934570313	56,9119987487793
0,470275874249637	0,872812377929688	57,0120010375977
0,471140519948676	0,874229064941406	57,1119995117188
0,471954350359738	0,875918151855469	57,2120018005371
0,472768151666969	0,87745166015625	57,3120002746582
0,473632826469839	0,878794128417969	57,4119987487793
0,47444662777707	0,880403991699219	57,5120010375977
0,475311273476109	0,881860534667969	57,6119995117188
0,476125103887171	0,883395812988281	57,7120018005371
0,47698974958621	0,884756774902344	57,8120002746582
0,477803550893441	0,886423767089844	57,9119987487793
0,47866822569631	0,887860595703125	58,0120010375977
0,47953287139535	0,889382080078125	58,1119995117188
0,480346672702581	0,890820983886719	58,2120018005371
0,48121134750545	0,892388488769531	58,3120002746582
0,482025148812681	0,893964721679688	58,4119987487793
0,482889794511721	0,895478942871094	58,5120010375977
0,483703624922782	0,896854064941406	58,6119995117188
0,484517426230013	0,8983388671875	58,7120018005371
0,485331198433414	0,899876586914063	58,8120002746582
0,486195902340114	0,901195678710938	58,9119987487793
0,487009674543515	0,902582336425781	59,0120010375977
0,487823475850746	0,904181945800781	59,1119995117188
0,488637306261808	0,905667907714844	59,2120018005371
0,489501981064677	0,907090087890625	59,3120002746582
0,490315782371908	0,908635864257813	59,4119987487793
0,491129525471479	0,910004699707031	59,5120010375977
0,491994258482009	0,911666564941406	59,6119995117188
0,492808001581579	0,913116149902344	59,7120018005371
0,493621802888811	0,914599548339844	59,8120002746582
0,49448647769168	0,91598876953125	59,9119987487793
0,495300278998911	0,917417175292969	60,0120010375977
0,496114080306143	0,918873413085938	60,1119995117188
0,496978755109012	0,920401977539063	60,2120018005371
0,497792556416243	0,921989501953125	60,3120002746582
0,498657231219113	0,923378845214844	60,4119987487793
0,499471032526344	0,9248388671875	60,5120010375977
0,500335707329214	0,92637158203125	60,6119995117188
0,501149450428784	0,927682678222656	60,7120018005371
0,501963309943676	0,929193603515625	60,8120002746582
0,502827926538885	0,930578430175781	60,9119987487793
0,503641786053777	0,932012145996094	61,0120010375977
0,504455587361008	0,933599060058594	61,1119995117188
0,505269330460578	0,934998657226563	61,2120018005371
0,506134005263448	0,936420715332031	61,3120002746582
0,506947806570679	0,937762390136719	61,4119987487793
0,507761666085571	0,9392548828125	61,5120010375977
0,508575467392802	0,940599365234375	61,6119995117188
0,509389210492373	0,942068725585938	61,7120018005371
0,510203070007265	0,943523620605469	61,8120002746582
0,511016871314496	0,944897705078125	61,9119987487793
0,511830614414066	0,94642626953125	62,0120010375977
0,512644473928958	0,947725463867188	62,1119995117188
0,513458275236189	0,949204833984375	62,2120018005371
0,51427201833576	0,950628051757813	62,3120002746582
0,515136693138629	0,952157897949219	62,4119987487793
0,51595049444586	0,953580383300781	62,5120010375977
0,516764353960752	0,954906066894531	62,6119995117188
0,517578097060323	0,956470092773438	62,7120018005371
0,518442830070853	0,95824609375	62,8120002746582
0,519256573170424	0,959869140625	62,9119987487793
0,520070374477655	0,961054138183594	63,0120010375977
0,520935049280524	0,962355346679688	63,1119995117188
0,521799724083394	0,963870056152344	63,2120018005371
0,522613525390625	0,965430358886719	63,3120002746582
0,523478200193495	0,966875061035156	63,4119987487793
0,524292001500726	0,968348266601563	63,5120010375977
0,525156676303595	0,969934875488281	63,6119995117188
0,526021292898804	0,971401611328125	63,7120018005371
0,526835152413696	0,972764892578125	63,8120002746582
0,527699769008905	0,974357604980469	63,9119987487793
0,528513628523797	0,975844665527344	64,0120010375977
0,529378245119005	0,977024841308594	64,1119995117188
0,530192104633898	0,978623413085938	64,2119979858398
0,531005847733468	0,979887145996094	64,3119964599609
0,531870522536337	0,981429565429688	64,4120025634766
0,532684323843569	0,982716918945313	64,5120010375977
0,5334981251508	0,984233520507813	64,6119995117188
0,534311926458031	0,985686096191406	64,7119979858398
0,535176601260901	0,98722314453125	64,8119964599609
0,535990402568132	0,988532165527344	64,9120025634766
0,536804203875363	0,989861633300781	65,0120010375977
0,537618005182594	0,991479309082031	65,1119995117188
0,538482679985464	0,9927265625	65,2119979858398
0,539296423085034	0,994158142089844	65,3119964599609
0,540110282599926	0,995694519042969	65,4120025634766
0,540974899195135	0,997122009277344	65,5120010375977
0,541788758710027	0,998538696289063	65,6119995117188
0,542653375305235	1,00001196289063	65,7119979858398
0,543467234820127	1,00142303466797	65,8119964599609
0,544280977919698	1,00283026123047	65,9120025634766
0,545145710930228	1,0042119140625	66,0120010375977
0,545959454029799	1,00558435058594	66,1119995117188
0,546824128832668	1,00706500244141	66,2119979858398
0,547688803635538	1,00839306640625	66,3119964599609
0,548502604942769	1,00985717773438	66,4120025634766
0,54931640625	1,01151147460938	66,5120010375977
0,55018108105287	1,01298657226563	66,6119995117188
0,550994882360101	1,01439544677734	66,7119979858398
0,551808683667332	1,01574578857422	66,8119964599609
0,552622484974563	1,01710284423828	66,9120025634766
0,553487101569772	1,01841778564453	67,0120010375977
0,554250087589026	1,019939453125	67,1119995117188
0,555063888896257	1,02124475097656	67,2119979858398
0,555877690203488	1,02289331054688	67,3119964599609
0,556691491510719	1,0240283203125	67,4120025634766
0,55750529281795	1,02543310546875	67,5120010375977
0,558319094125181	1,02677209472656	67,6119995117188
0,559183768928051	1,028326171875	67,7119979858398
0,559997570235282	1,02976940917969	67,8119964599609
0,560811313334852	1,03103796386719	67,9120025634766
0,561625172849745	1,03254418945313	68,0120010375977
0,562438974156976	1,03383312988281	68,1119995117188
0,563303648959845	1,03530297851563	68,2119979858398
0,564117450267076	1,0368720703125	68,3119964599609
0,564931193366647	1,03812768554688	68,4120025634766
0,565795926377177	1,03961108398438	68,5120010375977
0,566609669476748	1,04105456542969	68,6119995117188
0,567474344279617	1,04245202636719	68,7119979858398
0,568288145586848	1,04379907226563	68,8119964599609
0,569152820389718	1,04528308105469	68,9120025634766
0,570017495192587	1,04670141601563	69,0120010375977
0,570882169995457	1,04833654785156	69,1119995117188
0,571746844798326	1,04983508300781	69,2119979858398
0,572611519601196	1,05134899902344	69,3119964599609
0,573425320908427	1,05273815917969	69,4120025634766
0,574289995711297	1,05402954101563	69,5120010375977
0,575103738810867	1,05549401855469	69,6119995117188
0,575968471821398	1,05688256835938	69,7119979858398
0,576782214920968	1,05826135253906	69,8119964599609
0,577596016228199	1,05964514160156	69,9120025634766
0,578460691031069	1,06090490722656	70,0120010375977
0,5792744923383	1,06240600585938	70,1119995117188
0,580088293645531	1,06375415039063	70,2119979858398
0,580902094952762	1,065197265625	70,3119964599609
0,581715896259993	1,06659448242188	70,4120025634766
0,582580571062863	1,06774096679688	70,5120010375977
0,583394372370094	1,0692958984375	70,6119995117188
0,584208173677325	1,0708798828125	70,7119979858398
0,585021974984556	1,07191711425781	70,8119964599609
0,585886649787426	1,07338842773438	70,9120025634766
0,586700451094657	1,07484594726563	71,0120010375977
0,587514194194227	1,076275390625	71,1119995117188
0,588378927204758	1,07762170410156	71,2119979858398
0,589192670304328	1,07889221191406	71,3119964599609
0,590057345107198	1,08049255371094	71,4120025634766
0,590871146414429	1,08174499511719	71,5120010375977
0,591685005929321	1,08315466308594	71,6119995117188
0,59254962252453	1,08465380859375	71,7119979858398
0,593363482039422	1,08606762695313	71,8119964599609
0,59422809863463	1,08741027832031	71,9120025634766
0,595041958149523	1,088908203125	72,0120010375977
0,595906574744731	1,09017321777344	72,1119995117188
0,596720376051962	1,09168041992188	72,2119979858398
0,597534177359194	1,09295690917969	72,3119964599609
0,598398852162063	1,09432849121094	72,4120025634766
0,599212653469294	1,09556884765625	72,5120010375977
0,600026454776526	1,09709265136719	72,6119995117188
0,600840256083757	1,09853881835938	72,7119979858398
0,601654057390988	1,09980847167969	72,8119964599609
0,602518732193857	1,10129895019531	72,9120025634766
0,603332533501089	1,10249450683594	73,0120010375977
0,604146276600659	1,10385620117188	73,1119995117188
0,604960136115551	1,10525708007813	73,2119979858398
0,605773937422782	1,10656799316406	73,3119964599609
0,606587680522352	1,10786694335938	73,4120025634766
0,607401540037245	1,10937670898438	73,5120010375977
0,608266156632453	1,11074230957031	73,6119995117188
0,609080016147345	1,11196789550781	73,7119979858398
0,609944632742554	1,1132958984375	73,8119964599609
0,610758492257446	1,11475744628906	73,9120025634766
0,611572293564677	1,11609826660156	74,0120010375977
0,612436968367547	1,11751965332031	74,1119995117188
0,613301584962755	1,11900671386719	74,2119979858398
0,614115444477648	1,12007067871094	74,3119964599609
0,614980061072856	1,12160534667969	74,4120025634766
0,615793862380087	1,12311865234375	74,5120010375977
0,616658537182957	1,12429187011719	74,6119995117188
0,617523211985826	1,12585339355469	74,7119979858398
0,618387886788696	1,12720141601563	74,8119964599609
0,619201688095927	1,12857727050781	74,9120025634766
0,620066362898797	1,12990490722656	75,0120010375977
0,620930979494005	1,13126599121094	75,1119995117188
0,621744839008898	1,13305029296875	75,2119979858398
0,622558582108468	1,13402307128906	75,3119964599609
0,623423256911337	1,13534338378906	75,4120025634766
0,624237058218569	1,13681713867188	75,5120010375977
0,6250508595258	1,13821423339844	75,6119995117188
0,625864660833031	1,13941076660156	75,7119979858398
0,626678462140262	1,14068566894531	75,8119964599609
0,627492263447493	1,14214892578125	75,9120025634766
0,628356938250363	1,14336340332031	76,0120010375977
0,629170739557594	1,14478869628906	76,1119995117188
0,629984540864825	1,14595947265625	76,2119979858398
0,630798342172056	1,147326171875	76,3119964599609
0,631612143479288	1,1487587890625	76,4120025634766
0,632476818282157	1,15012353515625	76,5120010375977
0,633290561381727	1,15125366210938	76,6119995117188
0,63410442089662	1,15264221191406	76,7119979858398
0,634969037491828	1,1540458984375	76,8119964599609
0,63578289700672	1,15526538085938	76,9120025634766
0,636596698313951	1,15666516113281	77,0120010375977
0,637461373116821	1,15805212402344	77,1119995117188
0,638275174424052	1,15978479003906	77,2119979858398
0,639139849226922	1,16074890136719	77,3119964599609
0,639953592326492	1,16211730957031	77,4120025634766
0,640818325337023	1,16347192382813	77,5120010375977
0,641632068436593	1,16482202148438	77,6119995117188
0,642496743239462	1,16611242675781	77,7119979858398
0,643310544546694	1,16733544921875	77,8119964599609
0,644175219349563	1,16888012695313	77,9120025634766
0,644989020656794	1,169927734375	78,0120010375977
0,645802821964026	1,17149926757813	78,1119995117188
0,646616623271257	1,17281274414063	78,2119979858398
0,647430424578488	1,17415673828125	78,3119964599609
0,648244225885719	1,17521313476563	78,4120025634766
0,64905802719295	1,17662536621094	78,5120010375977
0,649871828500181	1,17777429199219	78,6119995117188
0,650685629807413	1,17922192382813	78,7119979858398
0,651499431114644	1,18044738769531	78,8119964599609
0,652313232421875	1,18178002929688	78,9120025634766
0,653127033729106	1,18289721679688	79,0120010375977
0,653940835036337	1,18417102050781	79,1119995117188
0,654754636343569	1,18543334960938	79,2119979858398
0,655619311146438	1,1866826171875	79,3119964599609
0,656433112453669	1,18801049804688	79,4120025634766
0,657246913760901	1,18956213378906	79,5120010375977
0,65811158856377	1,19087353515625	79,6119995117188
0,65892533166334	1,19193493652344	79,7119979858398
0,659739191178232	1,19337487792969	79,8119964599609
0,660603807773441	1,19469995117188	79,9120025634766
0,661468482576311	1,19592590332031	80,0120010375977
0,662333215586841	1,19747229003906	80,1119995117188
0,663146958686411	1,198701171875	80,2119979858398
0,664011633489281	1,19999194335938	80,3119964599609
0,664825434796512	1,20131335449219	80,4120025634766
0,665690109599382	1,202646484375	80,5120010375977
0,66655472619459	1,20402270507813	80,6119995117188
0,667368585709482	1,20540515136719	80,7119979858398
0,668182387016714	1,20667883300781	80,8119964599609
0,669047061819583	1,20791845703125	80,9120025634766
0,669860863126814	1,20930053710938	81,0120010375977
0,670674606226385	1,2105673828125	81,1119995117188
0,671488465741277	1,21182409667969	81,2119979858398
0,672353082336485	1,21327233886719	81,3119964599609
0,673166941851377	1,2145478515625	81,4120025634766
0,673980684950948	1,21565124511719	81,5120010375977
0,674794486258179	1,21697253417969	81,6119995117188
0,675608345773071	1,21819165039063	81,7119979858398
0,67647296236828	1,21951428222656	81,8119964599609
0,677286821883172	1,22083081054688	81,9120025634766
0,678100564982742	1,22204406738281	82,0120010375977
0,678965297993273	1,22344006347656	82,1119995117188
0,679779041092843	1,2247001953125	82,2119979858398
0,680592842400074	1,22608874511719	82,3119964599609
0,681457517202944	1,22710827636719	82,4120025634766
0,682271318510175	1,22842663574219	82,5120010375977
0,683135993313044	1,22974963378906	82,6119995117188
0,683949794620276	1,23126525878906	82,7119979858398
0,684814469423145	1,23243896484375	82,8119964599609
0,685679144226015	1,23388366699219	82,9120025634766
0,686543760821223	1,23507434082031	83,0120010375977
0,687408435624093	1,23645971679688	83,1119995117188
0,688222236931324	1,23774133300781	83,2119979858398
0,689086911734194	1,23903686523438	83,3119964599609
0,689900713041425	1,24045104980469	83,4120025634766
0,690714514348656	1,24168237304688	83,5120010375977
0,691579189151526	1,24294226074219	83,6119995117188
0,692392990458757	1,24420703125	83,7119979858398
0,693206791765988	1,24541589355469	83,8119964599609
0,694020593073219	1,24667395019531	83,9120025634766
0,69483439438045	1,24779235839844	84,0120010375977
0,695648195687681	1,24889233398438	84,1119995117188
0,696461996994913	1,250228515625	84,2119979858398
0,697275798302144	1,25164038085938	84,3119964599609
0,698089599609375	1,25276330566406	84,4120025634766
0,698903400916606	1,25398205566406	84,5120010375977
0,699717202223837	1,255140625	84,6119995117188
0,700581877026707	1,25647534179688	84,7119979858398
0,701395678333938	1,25765954589844	84,8119964599609
0,702209479641169	1,25883178710938	84,9120025634766
0,703023280948401	1,26000427246094	85,0120010375977
0,70388795575127	1,26139001464844	85,1119995117188
0,70470169885084	1,26263916015625	85,2119979858398
0,705515558365732	1,26387170410156	85,3119964599609
0,706380174960941	1,26515905761719	85,4120025634766
0,707194034475833	1,26645751953125	85,5120010375977
0,708058651071042	1,26772534179688	85,6119995117188
0,708872510585934	1,26893347167969	85,7119979858398
0,709737127181143	1,2701240234375	85,8119964599609
0,710601801984012	1,2714853515625	85,9120025634766
0,711415603291243	1,2727197265625	86,0120010375977
0,712280278094113	1,27418933105469	86,1119995117188
0,713094079401344	1,27542700195313	86,2119979858398
0,713958754204214	1,27665173339844	86,3119964599609
0,714772497303784	1,278025390625	86,4120025634766
0,715637230314314	1,27914477539063	86,5120010375977
0,716450973413885	1,2804638671875	86,6119995117188
0,717264832928777	1,28155322265625	86,7119979858398
0,718129449523985	1,28287060546875	86,8119964599609
0,718943309038877	1,28420861816406	86,9120025634766
0,719757052138448	1,2854326171875	87,0120010375977
0,720570853445679	1,2866826171875	87,1119995117188
0,721384712960571	1,28775720214844	87,2119979858398
0,72224932955578	1,2889296875	87,3119964599609
0,723063189070672	1,290193359375	87,4120025634766
0,723876932170242	1,29151623535156	87,5120010375977
0,724690733477473	1,2927421875	87,6119995117188
0,725555408280343	1,29389868164063	87,7119979858398
0,726369209587574	1,29524133300781	87,8119964599609
0,727183069102466	1,2963740234375	87,9120025634766
0,728047685697675	1,29763342285156	88,0120010375977
0,728861487004906	1,29876403808594	88,1119995117188
0,729726161807776	1,30000854492188	88,2119979858398
0,730539963115007	1,30127404785156	88,3119964599609
0,731404579710215	1,30242016601563	88,4120025634766
0,732269312720746	1,30380200195313	88,5120010375977
0,733083055820316	1,30511657714844	88,6119995117188
0,733947730623186	1,30627124023438	88,7119979858398
0,734761531930417	1,30757775878906	88,8119964599609
0,735626206733286	1,3087900390625	88,9120025634766
0,736440008040518	1,31000378417969	89,0120010375977
0,73725386755541	1,31104943847656	89,1119995117188
0,73806761065498	1,31223217773438	89,2119979858398
0,738881411962211	1,31335095214844	89,3119964599609
0,739695271477103	1,31468359375	89,4120025634766
0,740509014576674	1,31582897949219	89,5120010375977
0,741322815883905	1,31690356445313	89,6119995117188
0,742136675398797	1,31813317871094	89,7119979858398
0,743001291994005	1,31935144042969	89,8119964599609
0,743815151508898	1,32038659667969	89,9120025634766
0,744628894608468	1,32174841308594	90,0120010375977
0,745442695915699	1,32292041015625	90,1119995117188
0,746256555430591	1,32410473632813	90,2119979858398
0,747070298530161	1,32527905273438	90,3119964599609
0,747884099837393	1,32653332519531	90,4120025634766
0,748748774640262	1,32774987792969	90,5120010375977
0,749562575947493	1,32898852539063	90,6119995117188
0,750376377254725	1,3303115234375	90,7119979858398
0,751241052057594	1,33144128417969	90,8119964599609
0,752054853364825	1,33252807617188	90,9120025634766
0,752919469960034	1,33374975585938	91,0120010375977
0,753733329474926	1,33503015136719	91,1119995117188
0,754597946070135	1,33660607910156	91,2119979858398
0,755462620873004	1,33757995605469	91,3119964599609
0,756327353883535	1,33877319335938	91,4120025634766
0,757191970478743	1,3399736328125	91,5120010375977
0,758056645281613	1,34121618652344	91,6119995117188
0,758870446588844	1,34244372558594	91,7119979858398
0,759735121391714	1,34352075195313	91,8119964599609
0,760599796194583	1,34471533203125	91,9120025634766
0,761413597501814	1,34607092285156	92,0120010375977
0,762227340601385	1,34721203613281	92,1119995117188
0,763092015404254	1,348375	92,2119979858398
0,763905816711485	1,3495537109375	92,3119964599609
0,764719676226377	1,35077587890625	92,4120025634766
0,765533419325948	1,35188024902344	92,5120010375977
0,766398152336478	1,35305126953125	92,6119995117188
0,767211895436049	1,35434265136719	92,7119979858398
0,76802569674328	1,35545166015625	92,8119964599609
0,768839556258172	1,35654174804688	92,9120025634766
0,76970417285338	1,35771130371094	93,0120010375977
0,770518032368273	1,3588876953125	93,1119995117188
0,771331775467843	1,360248046875	93,2119979858398
0,772145576775074	1,36116235351563	93,3119964599609
0,773010251577944	1,36248876953125	93,4120025634766
0,773824052885175	1,36358093261719	93,5120010375977
0,774688727688044	1,36451733398438	93,6119995117188
0,775502528995276	1,36576989746094	93,7119979858398
0,776316330302507	1,36687048339844	93,8119964599609
0,777180946897715	1,36829553222656	93,9120025634766
0,777994806412607	1,3692578125	94,0120010375977
0,778859423007816	1,37067883300781	94,1119995117188
0,779673282522708	1,37184057617188	94,2119979858398
0,780537899117917	1,37290393066406	94,3119964599609
0,781351758632809	1,37402880859375	94,4120025634766
0,782216375228018	1,37510815429688	94,5120010375977
0,78303023474291	1,37640222167969	94,6119995117188
0,78384397784248	1,37745751953125	94,7119979858398
0,784657779149711	1,37849914550781	94,8119964599609
0,785471638664603	1,37978039550781	94,9120025634766
0,786285381764174	1,38100830078125	95,0120010375977
0,787099183071405	1,38193762207031	95,1119995117188
0,787913042586297	1,382984375	95,2119979858398
0,788726785685867	1,3839892578125	95,3119964599609
0,789540586993098	1,38517211914063	95,4120025634766
0,79035444650799	1,3861982421875	95,5120010375977
0,791168189607561	1,38738891601563	95,6119995117188
0,791981990914792	1,38858776855469	95,7119979858398
0,792795850429684	1,38970764160156	95,8119964599609
0,793609593529254	1,39079077148438	95,9120025634766
0,794474326539785	1,391951171875	96,0120010375977
0,795288069639355	1,39302001953125	96,1119995117188
0,796101870946586	1,39435144042969	96,2119979858398
0,796966545749456	1,39520886230469	96,3119964599609
0,797780347056687	1,39650537109375	96,4120025634766
0,798645021859556	1,39771301269531	96,5120010375977
0,799458823166788	1,39870300292969	96,6119995117188
0,800323497969657	1,39989379882813	96,7119979858398
0,801188172772527	1,40116027832031	96,8119964599609
0,802052789367735	1,4024658203125	96,9120025634766
0,802917464170605	1,40373010253906	97,0120010375977
0,803782138973475	1,40469946289063	97,1119995117188
0,804595940280706	1,40588659667969	97,2119979858398
0,805460615083575	1,40700402832031	97,3119964599609
0,806325231678784	1,40831726074219	97,4120025634766
0,807139091193676	1,40936108398438	97,5120010375977
0,807952892500907	1,41049450683594	97,6119995117188
0,808817567303777	1,41153430175781	97,7119979858398
0,809631368611008	1,4124833984375	97,8119964599609
0,810445111710578	1,41371728515625	97,9120025634766
0,811309786513448	1,41470861816406	98,0120010375977
0,812123587820679	1,41576818847656	98,1119995117188
0,812937447335571	1,41691516113281	98,2119979858398
0,813751248642802	1,41795275878906	98,3119964599609
0,814615923445672	1,41906982421875	98,4120025634766
0,815429666545242	1,42021008300781	98,5120010375977
0,816243467852473	1,4213330078125	98,6119995117188
0,817057327367365	1,42249951171875	98,7119979858398
0,817921943962574	1,42345483398438	98,8119964599609
0,818735803477466	1,424654296875	98,9120025634766
0,819549546577036	1,42574719238281	99,0120010375977
0,820414221379906	1,4269189453125	99,1119995117188
0,821228022687137	1,42796923828125	99,2119979858398
0,822092697490007	1,42901013183594	99,3119964599609
0,822906498797238	1,43020959472656	99,4120025634766
0,823720300104469	1,43118139648438	99,5120010375977
0,824584974907339	1,43241381835938	99,6119995117188
0,825449649710208	1,43348645019531	99,7119979858398
0,826263451017439	1,43459790039063	99,8119964599609
0,827128125820309	1,43578247070313	99,9120025634766
0,827941868919879	1,43685314941406	100,012001037598
0,82875567022711	1,43786059570313	100,111999511719
0,829569529742002	1,43895593261719	100,21199798584
0,830434146337211	1,43994982910156	100,311996459961
0,831248005852103	1,44090490722656	100,412002563477
0,832061748951674	1,44217553710938	100,512001037598
0,832875550258905	1,44315478515625	100,611999511719
0,833689409773797	1,44420275878906	100,71199798584
0,834503152873367	1,44531616210938	100,811996459961
0,835316954180598	1,44628820800781	100,912002563477
0,836181628983468	1,44728186035156	101,012001037598
0,836995430290699	1,44843127441406	101,111999511719
0,837809289805591	1,44958435058594	101,21199798584
0,838623032905161	1,45049572753906	101,311996459961
0,839436834212393	1,45163244628906	101,412002563477
0,840250693727285	1,45260144042969	101,512001037598
0,841115310322493	1,45364074707031	101,611999511719
0,841929111629725	1,45469384765625	101,71199798584
0,842793786432594	1,45579895019531	101,811996459961
0,843607587739825	1,45672570800781	101,912002563477
0,844472204335034	1,45763305664063	102,012001037598
0,845286063849926	1,45885083007813	102,111999511719
0,846150680445135	1,4599794921875	102,21199798584
0,846964539960027	1,46104162597656	102,311996459961
0,847829156555235	1,46214038085938	102,412002563477
0,848693831358105	1,46324035644531	102,512001037598
0,849507632665336	1,46417639160156	102,611999511719
0,850372307468206	1,46530493164063	102,71199798584
0,851236982271075	1,46619519042969	102,811996459961
0,852050783578306	1,46723596191406	102,912002563477
0,852915458381176	1,46847937011719	103,012001037598
0,853729259688407	1,46952600097656	103,111999511719
0,854543002787977	1,47049682617188	103,21199798584
0,855407735798508	1,47139660644531	103,311996459961
0,856221478898078	1,47257727050781	103,412002563477
0,85703533841297	1,47367797851563	103,512001037598
0,857849139720201	1,47451428222656	103,611999511719
0,858662882819772	1,47563342285156	103,71199798584
0,859476742334664	1,47666320800781	103,811996459961
0,860341358929873	1,47757263183594	103,912002563477
0,861155218444765	1,47855261230469	104,012001037598
0,861969019751996	1,47968334960938	104,111999511719
0,862782762851566	1,48062219238281	104,21199798584
0,863596622366458	1,48168017578125	104,311996459961
0,864461238961667	1,48272375488281	104,412002563477
0,865275098476559	1,48395629882813	104,512001037598
0,866139715071768	1,48504565429688	104,611999511719
0,86695357458666	1,48588110351563	104,71199798584
0,867818191181868	1,48693920898438	104,811996459961
0,8686319924891	1,48778637695313	104,912002563477
0,869496667291969	1,48885888671875	105,012001037598
0,870361342094839	1,49003161621094	105,111999511719
0,871175085194409	1,49110766601563	105,21199798584
0,872039818204939	1,49204821777344	105,311996459961
0,872904493007809	1,49287854003906	105,412002563477
0,873718236107379	1,49394970703125	105,512001037598
0,87458296911791	1,49513464355469	105,611999511719
0,87539671221748	1,49593518066406	105,71199798584
0,876210513524711	1,49710900878906	105,811996459961
0,877024373039603	1,49802954101563	105,912002563477
0,877838116139174	1,49899926757813	106,012001037598
0,878651917446405	1,49993640136719	106,111999511719
0,879465776961297	1,50087231445313	106,21199798584
0,880330393556505	1,50194982910156	106,311996459961
0,881144253071398	1,50267651367188	106,412002563477
0,881957996170968	1,50351635742188	106,512001037598
0,882771797478199	1,50467028808594	106,611999511719
0,883585656993091	1,50553466796875	106,71199798584
0,884399400092661	1,50640539550781	106,811996459961
0,885213201399893	1,507466796875	106,912002563477
0,886027060914785	1,50856115722656	107,012001037598
0,886840804014355	1,50954272460938	107,111999511719
0,887705478817225	1,5102646484375	107,21199798584
0,888519280124456	1,51120886230469	107,311996459961
0,889383954927325	1,51224645996094	107,412002563477
0,890197756234556	1,51334155273438	107,512001037598
0,891011557541788	1,51408984375	107,611999511719
0,891876232344657	1,51528076171875	107,71199798584
0,892689975444227	1,51615173339844	107,811996459961
0,893554708454758	1,5172216796875	107,912002563477
0,894419383257627	1,51820959472656	108,012001037598
0,895283999852836	1,51920300292969	108,111999511719
0,896097859367728	1,52023828125	108,21199798584
0,896962475962937	1,52103881835938	108,311996459961
0,897827150765806	1,52213647460938	108,412002563477
0,898640952073038	1,52311926269531	108,512001037598
0,899505626875907	1,52428869628906	108,611999511719
0,900319369975477	1,52517053222656	108,71199798584
0,901184102986008	1,5262021484375	108,811996459961
0,901997846085578	1,52702001953125	108,912002563477
0,902862520888448	1,52804663085938	109,012001037598
0,903676322195679	1,52876867675781	109,111999511719
0,904490181710571	1,52974719238281	109,21199798584
0,90535479830578	1,53057434082031	109,311996459961
0,906168657820672	1,53156115722656	109,412002563477
0,906982400920242	1,53248559570313	109,512001037598
0,907796202227473	1,53339758300781	109,611999511719
0,908660877030343	1,53434191894531	109,71199798584
0,909474678337574	1,53522399902344	109,811996459961
0,910288537852466	1,53610705566406	109,912002563477
0,911153154447675	1,53699780273438	110,012001037598
0,911966955754906	1,53798645019531	110,111999511719
0,912831630557776	1,53876000976563	110,21199798584
0,913645431865007	1,53980993652344	110,311996459961
0,914459233172238	1,54059265136719	110,412002563477
0,915323907975107	1,54155041503906	110,512001037598
0,916137709282339	1,54250354003906	110,611999511719
0,917002384085208	1,54338000488281	110,71199798584
0,917816185392439	1,54440991210938	110,811996459961
0,918680860195309	1,54513952636719	110,912002563477
0,919545476790518	1,54613220214844	111,012001037598
0,92035933630541	1,54709619140625	111,111999511719
0,92117307940498	1,54773608398438	111,21199798584
0,92203775420785	1,54872424316406	111,311996459961
0,922851555515081	1,54973645019531	111,412002563477
0,923665356822312	1,55059033203125	111,512001037598
0,924479158129543	1,551302734375	111,611999511719
0,925292959436774	1,55213037109375	111,71199798584
0,926106760744005	1,55295458984375	111,811996459961
0,926920620258898	1,55393103027344	111,912002563477
0,927734363358468	1,55483996582031	112,012001037598
0,928548164665699	1,55552856445313	112,111999511719
0,929362024180591	1,55632531738281	112,21199798584
0,930175767280161	1,55724694824219	112,311996459961
0,930989568587393	1,55797900390625	112,412002563477
0,931854243390262	1,55901403808594	112,512001037598
0,932668044697493	1,5598466796875	112,611999511719
0,933481846004725	1,56062902832031	112,71199798584
0,934295647311956	1,56138647460938	112,811996459961
0,935109448619187	1,56231604003906	112,912002563477
0,935974123422056	1,56309301757813	113,012001037598
0,936787924729288	1,56398828125	113,111999511719
0,937652599532157	1,56488037109375	113,21199798584
0,938466342631727	1,56571569824219	113,311996459961
0,939331075642258	1,56670397949219	113,412002563477
0,940195750445127	1,56742553710938	113,512001037598
0,941009493544698	1,56836059570313	113,611999511719
0,941874226555228	1,56905041503906	113,71199798584
0,942738843150437	1,57001013183594	113,811996459961
0,943603517953306	1,57090612792969	113,912002563477
0,944468192756176	1,57181591796875	114,012001037598
0,945281994063407	1,57255383300781	114,111999511719
0,946146668866277	1,57350695800781	114,21199798584
0,946960470173508	1,57427673339844	114,311996459961
0,947825144976377	1,57505749511719	114,412002563477
0,948638888075948	1,57600512695313	114,512001037598
0,949452689383179	1,57664282226563	114,611999511719
0,950266548898071	1,57735803222656	114,71199798584
0,95113116549328	1,57804846191406	114,811996459961
0,951945025008172	1,57906689453125	114,912002563477
0,952758768107742	1,57980847167969	115,012001037598
0,953572569414973	1,58070385742188	115,111999511719
0,954437244217843	1,58142321777344	115,21199798584
0,955251045525074	1,58228601074219	115,311996459961
0,956064905039966	1,583044921875	115,412002563477
0,956929521635175	1,58381286621094	115,512001037598
0,957743322942406	1,58451501464844	115,611999511719
0,958557124249637	1,58544030761719	115,71199798584
0,959421799052507	1,5861787109375	115,811996459961
0,960235600359738	1,58681018066406	115,912002563477
0,961049401666969	1,58752490234375	116,012001037598
0,961914076469839	1,58829077148438	116,111999511719
0,962727819569409	1,58925231933594	116,21199798584
0,963592552579939	1,58986389160156	116,311996459961
0,96440629567951	1,59068627929688	116,412002563477
0,965270970482379	1,591416015625	116,512001037598
0,96613570349291	1,59235119628906	116,611999511719
0,96694944659248	1,59304931640625	116,71199798584
0,967763247899711	1,5936748046875	116,811996459961
0,968627922702581	1,59455993652344	116,912002563477
0,969441724009812	1,59538452148438	117,012001037598
0,970255525317043	1,59616381835938	117,111999511719
0,971069326624274	1,59665844726563	117,21199798584
0,971883127931505	1,59742895507813	117,311996459961
0,972696987446398	1,59820861816406	117,412002563477
0,973510730545968	1,59896569824219	117,512001037598
0,974324531853199	1,59956530761719	117,611999511719
0,975138391368091	1,60018322753906	117,71199798584
0,975952134467661	1,60095520019531	117,811996459961
0,976765877567232	1,60176110839844	117,912002563477
0,977579737082124	1,60223205566406	118,012001037598
0,978393596597016	1,60303540039063	118,111999511719
0,979207339696586	1,60370617675781	118,21199798584
0,980021199211478	1,604509765625	118,311996459961
0,980834942311049	1,60510192871094	118,412002563477
0,981699675321579	1,60598400878906	118,512001037598
0,982513418421149	1,60669812011719	118,611999511719
0,98337815143168	1,60745031738281	118,71199798584
0,98419189453125	1,60818359375	118,811996459961
0,98505662754178	1,60881103515625	118,912002563477
0,985921244136989	1,60946789550781	119,012001037598
0,986785860732198	1,61043859863281	119,111999511719
0,987650593742728	1,61131616210938	119,21199798584
0,988464336842299	1,61187072753906	119,311996459961
0,989329069852829	1,6125703125	119,412002563477
0,990193686448038	1,61340307617188	119,512001037598
0,99100754596293	1,61410095214844	119,611999511719
0,991872162558138	1,61485974121094	119,71199798584
0,99268602207303	1,61548889160156	119,811996459961
0,993550638668239	1,61615100097656	119,912002563477
0,994364498183131	1,61676965332031	120,012001037598
0,99522911477834	1,617357421875	120,111999511719
0,99604285787791	1,61826721191406	120,21199798584
0,996856717392802	1,6187607421875	120,311996459961
0,997670460492373	1,61957885742188	120,412002563477
0,998535193502903	1,62006372070313	120,512001037598
0,999348936602473	1,62068249511719	120,611999511719
1,00016267970204	1,62149011230469	120,71199798584
1,00102741271257	1,62202331542969	120,811996459961
1,00184115581214	1,622765625	120,912002563477
1,00265501532704	1,6235283203125	121,012001037598
1,00351963192225	1,62387036132813	121,111999511719
1,00433349143714	1,62458825683594	121,21199798584
1,00519810803235	1,62526428222656	121,311996459961
1,00601196754724	1,62596887207031	121,412002563477
1,00682582706213	1,62658203125	121,512001037598
1,00769044365734	1,62710302734375	121,611999511719
1,00850430317223	1,62789855957031	121,71199798584
1,00936891976744	1,62858203125	121,811996459961
1,01023353636265	1,62935522460938	121,912002563477
1,01109826937318	1,62981103515625	122,012001037598
1,01191201247275	1,63043530273438	122,111999511719
1,01277674548328	1,63120812988281	122,21199798584
1,01359048858285	1,63182568359375	122,311996459961
1,01445522159338	1,63248413085938	122,412002563477
1,01526896469295	1,63303759765625	122,512001037598
1,01613369770348	1,63339538574219	122,611999511719
1,01694744080305	1,63421118164063	122,71199798584
1,01776118390262	1,63470385742188	122,811996459961
1,01857504341751	1,6353505859375	122,912002563477
1,01938878651708	1,63598937988281	123,012001037598
1,02020264603198	1,63643078613281	123,111999511719
1,02101650554687	1,63696716308594	123,21199798584
1,02183024864644	1,63760620117188	123,311996459961
1,02264399174601	1,63816821289063	123,412002563477
1,0234578512609	1,63855859375	123,512001037598
1,02427159436047	1,63921801757813	123,611999511719
1,025136327371	1,63990087890625	123,71199798584
1,02595007047057	1,64031896972656	123,811996459961
1,02676392998546	1,64091027832031	123,912002563477
1,02757778950036	1,64157214355469	124,012001037598
1,02844240609556	1,6421826171875	124,111999511719
1,02925626561046	1,64272058105469	124,21199798584
1,03012088220567	1,6433974609375	124,311996459961
1,03093474172056	1,64391467285156	124,412002563477
1,03179935831577	1,64464208984375	124,512001037598
1,03261310141534	1,64518542480469	124,611999511719
1,03347783442587	1,64573889160156	124,71199798584
1,03434245102108	1,64642626953125	124,811996459961
1,03520718403161	1,64695495605469	124,912002563477
1,03607180062681	1,64746911621094	125,012001037598
1,03688566014171	1,648052734375	125,111999511719
1,03775027673692	1,64854809570313	125,21199798584
1,03856413625181	1,64921496582031	125,311996459961
1,03942875284702	1,64962561035156	125,412002563477
1,04024249594659	1,650091796875	125,512001037598
1,04105623904616	1,65064794921875	125,611999511719
1,04187009856105	1,65114855957031	125,71199798584
1,04273471515626	1,65172106933594	125,811996459961
1,04354857467115	1,6524130859375	125,912002563477
1,04436243418604	1,65273937988281	126,012001037598
1,04517617728561	1,65313525390625	126,111999511719
1,0459900368005	1,65367077636719	126,21199798584
1,04685465339571	1,65419873046875	126,311996459961
1,0476685129106	1,65467761230469	126,412002563477
1,04848225601017	1,65501635742188	126,512001037598
1,04934687260538	1,65573754882813	126,611999511719
1,05016073212028	1,65607666015625	126,71199798584
1,05097447521985	1,65666442871094	126,811996459961
1,05183920823038	1,657140625	126,912002563477
1,05265295132995	1,65777648925781	127,012001037598
1,05351768434048	1,65809729003906	127,111999511719
1,05433142744005	1,65860278320313	127,21199798584
1,05519616045058	1,65909265136719	127,311996459961
1,05600990355015	1,65988000488281	127,412002563477
1,05687463656068	1,66016198730469	127,512001037598
1,05768837966025	1,6606484375	127,611999511719
1,05855311267078	1,66118542480469	127,71199798584
1,05936685577035	1,66173181152344	127,811996459961
1,06018071528524	1,66227758789063	127,912002563477
1,06104533188045	1,66254565429688	128,011993408203
1,06185907498002	1,66318920898438	128,111999511719
1,06267293449491	1,66351452636719	128,212005615234
1,06348667759448	1,66403454589844	128,311996459961
1,06430053710938	1,66437548828125	128,412002563477
1,06511439662427	1,665041015625	128,511993408203
1,06592813972384	1,66531188964844	128,611999511719
1,06674199923873	1,66576831054688	128,712005615234
1,0675557423383	1,6662314453125	128,811996459961
1,06836948543787	1,6666083984375	128,912002563477
1,06918334495276	1,66707189941406	129,011993408203
1,07004796154797	1,66725805664063	129,111999511719
1,07086182106286	1,66780859375	129,212005615234
1,07167568057776	1,66830322265625	129,311996459961
1,07248942367733	1,66860998535156	129,412002563477
1,0733031667769	1,669142578125	129,511993408203
1,07416789978743	1,66952722167969	129,611999511719
1,074981642887	1,66992053222656	129,712005615234
1,0758462594822	1,6704443359375	129,811996459961
1,0766601189971	1,67067736816406	129,912002563477
1,07752473559231	1,6713427734375	130,011993408203
1,0783385951072	1,6718994140625	130,111999511719
1,07920321170241	1,67210607910156	130,212005615234
1,08006794471294	1,67270178222656	130,311996459961
1,08093256130815	1,67310559082031	130,412002563477
1,08179729431868	1,6734482421875	130,511993408203
1,08261103741825	1,67402770996094	130,611999511719
1,08347565401345	1,67439721679688	130,712005615234
1,08434050343931	1,67462963867188	130,811996459961
1,08520512003452	1,67532409667969	130,912002563477
1,08601886313409	1,67556457519531	131,011993408203
1,08683260623366	1,67598107910156	131,111999511719
1,08769733924419	1,67641687011719	131,212005615234
1,08851108234376	1,67683825683594	131,311996459961
1,08937581535429	1,67717236328125	131,412002563477
1,09018955845386	1,677548828125	131,511993408203
1,09100341796875	1,67790124511719	131,611999511719
1,09181727748364	1,67834387207031	131,712005615234
1,09268189407885	1,6785908203125	131,811996459961
1,09349575359374	1,67906494140625	131,912002563477
1,09430949669331	1,6793681640625	132,011993408203
1,09512323979288	1,67960144042969	132,111999511719
1,09598797280341	1,68002038574219	132,212005615234
1,09680171590298	1,680517578125	132,311996459961
1,09761557541788	1,68078527832031	132,412002563477
1,09848019201308	1,68114074707031	132,511993408203
1,09929405152798	1,68129968261719	132,611999511719
1,10015866812319	1,6819609375	132,712005615234
1,10097252763808	1,68218359375	132,811996459961
1,10183714423329	1,68263342285156	132,912002563477
1,10265100374818	1,68301428222656	133,011993408203
1,10351562034339	1,6833076171875	133,111999511719
1,10432947985828	1,68379016113281	133,212005615234
1,10519409645349	1,6840625	133,311996459961
1,10600795596838	1,68435620117188	133,412002563477
1,10687257256359	1,68481323242188	133,511993408203
1,10768643207848	1,68495397949219	133,611999511719
1,10850017517805	1,68542712402344	133,712005615234
1,10931391827762	1,685470703125	133,811996459961
1,11012777779251	1,68570776367188	133,912002563477
1,11094152089208	1,68601892089844	134,011993408203
1,11175538040698	1,6864150390625	134,111999511719
1,11256923992187	1,68658984375	134,212005615234
1,11338298302144	1,68691650390625	134,311996459961
1,11419672612101	1,687263671875	134,412002563477
1,1150105856359	1,6873974609375	134,511993408203
1,11587520223111	1,68784301757813	134,611999511719
1,116689061746	1,6879267578125	134,712005615234
1,11750280484557	1,68837622070313	134,811996459961
1,11831666436046	1,6886552734375	134,912002563477
1,11913052387536	1,6887216796875	135,011993408203
1,11999514047056	1,68930151367188	135,111999511719
1,12080899998546	1,68950317382813	135,212005615234
1,12167361658067	1,68982495117188	135,311996459961
1,12248747609556	1,69020581054688	135,412002563477
1,12335209269077	1,69044091796875	135,511993408203
1,12421670928597	1,69074072265625	135,611999511719
1,12503056880087	1,69092736816406	135,712005615234
1,12589518539608	1,69133508300781	135,811996459961
1,12675991840661	1,69173742675781	135,912002563477
1,12762453500181	1,69199377441406	136,011993408203
1,12848915159702	1,69235583496094	136,111999511719
1,12935388460755	1,69270727539063	136,212005615234
1,13016762770712	1,69300256347656	136,311996459961
1,13103236071765	1,69328100585938	136,412002563477
1,13184610381722	1,69347143554688	136,511993408203
1,13271083682776	1,69377954101563	136,611999511719
1,13352457992733	1,69392199707031	136,712005615234
1,1343383230269	1,69421875	136,811996459961
1,13520305603743	1,69445178222656	136,912002563477
1,136016799137	1,69471667480469	137,011993408203
1,13683065865189	1,69483947753906	137,111999511719
1,13764440175146	1,69511743164063	137,212005615234
1,13850913476199	1,69532421875	137,311996459961
1,13932287786156	1,69543530273438	137,412002563477
1,14013673737645	1,69585571289063	137,511993408203
1,14095059689134	1,6959462890625	137,611999511719
1,14176433999091	1,69621032714844	137,712005615234
1,14262907300144	1,69654162597656	137,811996459961
1,14344269968569	1,6966298828125	137,912002563477
1,14425655920058	1,69685668945313	138,011993408203
1,14512117579579	1,69716271972656	138,111999511719
1,14593503531069	1,69727770996094	138,212005615234
1,14674889482558	1,69747644042969	138,311996459961
1,14761351142079	1,69770959472656	138,412002563477
1,14842737093568	1,69790295410156	138,511993408203
1,14929198753089	1,69814428710938	138,611999511719
1,1501566041261	1,69836474609375	138,712005615234
1,15097046364099	1,69861059570313	138,811996459961
1,1518350802362	1,69897924804688	138,912002563477
1,15264893975109	1,69903344726563	139,011993408203
1,15346279926598	1,69915441894531	139,111999511719
1,15432741586119	1,69931713867188	139,212005615234
1,15514127537608	1,69937890625	139,311996459961
1,15595490206033	1,69969274902344	139,412002563477
1,15676876157522	1,69961999511719	139,511993408203
1,15758262109011	1,69991833496094	139,611999511719
1,15844723768532	1,6999169921875	139,712005615234
1,15926109720021	1,70018957519531	139,811996459961
1,16007484029979	1,70012390136719	139,912002563477
1,16088869981468	1,70050744628906	140,011993408203
1,16170255932957	1,70048229980469	140,111999511719
1,16251618601382	1,70068469238281	140,212005615234
1,16333004552871	1,70084558105469	140,311996459961
1,16419466212392	1,70088977050781	140,412002563477
1,16500852163881	1,70122644042969	140,511993408203
1,1658223811537	1,70119396972656	140,611999511719
1,16668699774891	1,70143774414063	140,712005615234
1,1675008572638	1,70142736816406	140,811996459961
1,16836547385901	1,70151574707031	140,912002563477
1,1691793333739	1,70190441894531	141,011993408203
1,17004394996911	1,70200549316406	141,111999511719
1,17085780948401	1,70203601074219	141,212005615234
1,17172242607921	1,70217919921875	141,311996459961
1,17253628559411	1,70227844238281	141,412002563477
1,17340090218931	1,70256579589844	141,511993408203
1,17426551878452	1,70276940917969	141,611999511719
1,17507937829942	1,70286743164063	141,712005615234
1,17594399489462	1,70298376464844	141,811996459961
1,17680872790515	1,70307470703125	141,912002563477
1,17762247100472	1,70325109863281	142,011993408203
1,17843633051962	1,70335522460938	142,111999511719
1,17930094711483	1,70340808105469	142,212005615234
1,1801146902144	1,70341479492188	142,311996459961
1,18092854972929	1,70360961914063	142,412002563477
1,1817931663245	1,70374487304688	142,511993408203
1,18260702583939	1,70380114746094	142,611999511719
1,18342076893896	1,70381384277344	142,712005615234
1,18423462845385	1,70383911132813	142,811996459961
1,18504848796874	1,7038916015625	142,912002563477
1,18591310456395	1,70398999023438	143,011993408203
1,18672696407884	1,70399682617188	143,111999511719
1,18754070717841	1,70408923339844	143,212005615234
1,18835445027798	1,70392407226563	143,311996459961
1,18921906687319	1,70411340332031	143,412002563477
1,19003292638808	1,7042041015625	143,511993408203
1,19084678590298	1,70425305175781	143,611999511719
1,19171140249819	1,70424719238281	143,712005615234
1,19257601909339	1,70430700683594	143,811996459961
1,19338987860829	1,70421801757813	143,912002563477
1,1942544952035	1,70431604003906	144,011993408203
1,19511922821403	1,70441845703125	144,111999511719
1,19598384480923	1,70431188964844	144,212005615234
1,19679770432413	1,70439636230469	144,311996459961
1,19766232091933	1,70437158203125	144,412002563477
1,19847618043423	1,70436950683594	144,511993408203
1,19934079702944	1,70444274902344	144,611999511719
1,20015465654433	1,70450268554688	144,712005615234
1,2009683996439	1,70420373535156	144,811996459961
1,20178225915879	1,7041689453125	144,912002563477
1,20259611867368	1,70409252929688	145,011993408203
1,20346073526889	1,70406774902344	145,111999511719
1,20427447836846	1,70379443359375	145,212005615234
1,20508822146803	1,70369799804688	145,311996459961
1,20590208098292	1,70352612304688	145,412002563477
1,20671594049782	1,70339672851563	145,511993408203
1,20752968359739	1,70345129394531	145,611999511719
1,20834354311228	1,7032373046875	145,712005615234
1,20915740262717	1,70308911132813	145,811996459961
1,20997102931142	1,70301000976563	145,912002563477
1,21078488882631	1,70294616699219	146,011993408203
1,2115987483412	1,70283557128906	146,111999511719
1,21246336493641	1,70267993164063	146,212005615234
1,2132772244513	1,70249865722656	146,311996459961
1,21414184104651	1,70238732910156	146,412002563477
1,2149557005614	1,702380859375	146,511993408203
1,21582031715661	1,70205078125	146,611999511719
1,21663417667151	1,70210070800781	146,712005615234
1,21749879326671	1,70192565917969	146,811996459961
1,21836340986192	1,70187341308594	146,912002563477
1,21922814287245	1,70169311523438	147,011993408203
1,22009275946766	1,70164453125	147,111999511719
1,22090661898255	1,70148596191406	147,212005615234
1,22177123557776	1,70129077148438	147,311996459961
1,22263585217297	1,70104638671875	147,412002563477
1,22344971168786	1,70081823730469	147,511993408203
1,22431432828307	1,70058471679688	147,611999511719
1,22512818779796	1,70025354003906	147,712005615234
1,22599280439317	1,70009948730469	147,811996459961
1,22680666390806	1,69977575683594	147,912002563477
1,22762052342296	1,69950134277344	148,011993408203
1,22848514001817	1,6993359375	148,111999511719
1,22929899953306	1,69913146972656	148,212005615234
1,23011262621731	1,69866528320313	148,311996459961
1,2309264857322	1,69829577636719	148,412002563477
1,23179110232741	1,69794946289063	148,511993408203
1,2326049618423	1,69767443847656	148,611999511719
1,23341882135719	1,69731311035156	148,712005615234
1,23423256445676	1,69695812988281	148,811996459961
1,23504642397165	1,69660375976563	148,912002563477
1,23591104056686	1,69627233886719	149,011993408203
1,23672490008175	1,69568713378906	149,111999511719
1,23758951667696	1,69550390625	149,212005615234
1,23840337619185	1,69506616210938	149,311996459961
1,23926799278706	1,69469067382813	149,412002563477
1,24008173588663	1,694396484375	149,511993408203
1,24094646889716	1,69372094726563	149,611999511719
1,24176021199673	1,69321301269531	149,712005615234
1,24262482859194	1,69273803710938	149,811996459961
1,24343868810683	1,69229321289063	149,912002563477
1,24430330470204	1,69162512207031	150,011993408203
1,24511716421694	1,69088671875	150,111999511719
1,24593102373183	1,69043518066406	150,212005615234
1,24679564032704	1,68967541503906	150,311996459961
1,24760949984193	1,68893591308594	150,412002563477
1,2484232429415	1,68810229492188	150,511993408203
1,24923710245639	1,68727575683594	150,611999511719
1,25005084555596	1,68641076660156	150,712005615234
1,25086458865553	1,68476940917969	150,811996459961
1,25167844817042	1,68296533203125	150,912002563477
1,25249230768532	1,68031420898438	151,011993408203
1,25330605078489	1,67520190429688	151,111999511719
1,25411991029978	1,65879748535156	151,212005615234
1,25498452689499	1,55836657714844	151,311996459961
1,25732424203306	-0,0168576774597168	151,35400390625
