File Path: D:\Ensayos Víctor\Fase III\Reciclado\vertical\Test Run 7 16-05-2019 13 38 07\DAQ- Crosshead; … - (Timed).txt   
Test: ENSAYOS TRACCION PLA 4
Test Run: Test Run 7
Date: 16/05/2019 13:35:28


Crosshead 	Load 	Time 
mm	kN	sec
0,000203450511548908	0,0615367813110352	0,112999998033047
0,000661214187402948	0,0615032081604004	0,212999999523163
0,00111897793431126	0,0615130233764648	0,312999993562698
0,00167846678778005	0,0614581832885742	0,412999987602234
0,00213623047784495	0,061635326385498	0,513000011444092
0,00254313158620789	0,0617687301635742	0,612999975681305
0,00300089527627279	0,0616865043640137	0,712999999523163
0,00345865896633768	0,0618415489196777	0,813000023365021
0,00401814804718015	0,061912899017334	0,912999987602234
0,00467936160930549	0,0621388778686523	1,01300001144409
0,00544230124432943	0,0623710403442383	1,11300003528595
0,00625610346105532	0,0624536666870117	1,21300005912781
0,00706990567778121	0,0622609443664551	1,31299996376038
0,0079345700214617	0,0625289611816406	1,41299998760223
0,00874837223818759	0,0625093040466309	1,51300001144409
0,00961303703661542	0,0627162322998047	1,61300003528595
0,0104268392533413	0,0629079856872559	1,71300005912781
0,0112915040517692	0,0631223182678223	1,81299996376038
0,0121053053590003	0,0633660049438477	1,91299998760223
0,0129699710669229	0,0633380928039551	2,01300001144409
0,0138346358653507	0,0635449676513672	2,11299991607666
0,0146484371725819	0,0639491348266602	2,21300005912781
0,0155131019710097	0,064033203125	2,31299996376038
0,0163269050972303	0,0640722732543945	2,41300010681152
0,0171915689861635	0,0643897018432617	2,51300001144409
0,0180053702933947	0,0645344619750977	2,61299991607666
0,0188191734196153	0,0648080902099609	2,71300005912781
0,0196329747268464	0,0649250793457031	2,81299996376038
0,020446777853067	0,0649744186401367	2,91300010681152
0,0212605791602982	0,0650629348754883	3,01300001144409
0,0220743804675294	0,0654539413452148	3,11299991607666
0,0229390461754519	0,065618278503418	3,21300005912781
0,0237528474826831	0,0658412170410156	3,31299996376038
0,0245666506089037	0,0659367065429688	3,41300010681152
0,0253804537351243	0,0661978988647461	3,51300001144409
0,0261942532233661	0,0665426940917969	3,61299991607666
0,0270080563495867	0,0666940841674805	3,71300005912781
0,0278727202385198	0,0670843658447266	3,81299996376038
0,0286865233647404	0,0673866882324219	3,91300010681152
0,0295511872536736	0,0673091735839844	4,01300001144409
0,0303649903798942	0,0674915924072266	4,11299991607666
0,0312296542688273	0,0679229583740234	4,21299982070923
0,0320434555760585	0,0679912109375	4,31300020217896
0,0329081231029704	0,0682324295043945	4,41300010681152
0,0337219244102016	0,0688087692260742	4,51300001144409
0,0345865882991347	0,0692643203735352	4,61299991607666
0,0354003896063659	0,0694129638671875	4,71299982070923
0,0362650571332779	0,0698906173706055	4,81300020217896
0,0371297173842322	0,07054150390625	4,91300010681152
0,0379435223294422	0,0711729736328125	5,01300001144409
0,0388081862183753	0,071783576965332	5,11299991607666
0,0396728501073085	0,0723483047485352	5,21299982070923
0,0404866514145397	0,073063835144043	5,31300020217896
0,0413513189414516	0,0735574798583984	5,41300010681152
0,0421651202486828	0,0741832122802734	5,51300001144409
0,0429789251938928	0,0743960723876953	5,61299991607666
0,0437927228631452	0,07496728515625	5,71299982070923
0,0446065241703764	0,0756751022338867	5,81300020217896
0,0454711916972883	0,0760895690917969	5,91300010681152
0,0462849930045195	0,0765447235107422	6,01300001144409
0,0470987979497295	0,0773537063598633	6,11299991607666
0,0479634582006838	0,0778847732543945	6,21299982070923
0,0487772631458938	0,0787232971191406	6,31300020217896
0,049591064453125	0,0792136917114258	6,41300010681152
0,0504557319800369	0,0801546401977539	6,51300001144409
0,0512695296492893	0,0813998031616211	6,61299991607666
0,0521341971762013	0,0825862808227539	6,71299982070923
0,0529479984834325	0,083807746887207	6,81300020217896
0,0538126623723656	0,0850344009399414	6,91300010681152
0,0546264636795968	0,0862852935791016	7,01300001144409
0,0554911312065087	0,0877344512939453	7,11299991607666
0,0563049325137399	0,0888499755859375	7,21299982070923
0,0571695964026731	0,0903725280761719	7,31300020217896
0,0579833977099042	0,0917285385131836	7,41300010681152
0,0588480652368162	0,092782844543457	7,51300001144409
0,0596618665440474	0,0942814788818359	7,61299991607666
0,0605265304329805	0,0955590744018555	7,71299982070923
0,0613403317402117	0,096782096862793	7,81300020217896
0,0622049992671236	0,0978632431030273	7,91300010681152
0,0630188005743548	0,0990107345581055	8,01299953460693
0,063832601881586	0,100091445922852	8,11299991607666
0,0646972621325403	0,101449203491211	8,21300029754639
0,0655110707157291	0,10226448059082	8,3129997253418
0,0663248647470027	0,103726127624512	8,41300010681152
0,0671386733301915	0,10471102142334	8,51299953460693
0,0679524746374227	0,105597946166992	8,61299991607666
0,0687662759446539	0,106631072998047	8,71300029754639
0,0695800772518851	0,107465812683105	8,8129997253418
0,0703938858350739	0,108554130554199	8,91300010681152
0,0712076798663475	0,109469650268555	9,01299953460693
0,0720214811735787	0,110406967163086	9,11299991607666
0,0728352897567675	0,111291023254395	9,21300029754639
0,073649083788041	0,112462982177734	9,3129997253418
0,0745137585909106	0,113292846679688	9,41300010681152
0,0753275526221842	0,114087837219238	9,51299953460693
0,0761922201490961	0,115122398376465	9,61299991607666
0,0770060214563273	0,115792427062988	9,71300029754639
0,0778198227635585	0,11692652130127	9,8129997253418
0,0786844830145128	0,117898315429688	9,91300010681152
0,0795491578173824	0,11893620300293	10,0129995346069
0,0803629518486559	0,119704238891602	10,1129999160767
0,0812276193755679	0,120829719543457	10,2130002975464
0,0820922869024798	0,121509658813477	10,3129997253418
0,0829569471534342	0,12240633392334	10,4130001068115
0,0838216146803461	0,123409172058105	10,5129995346069
0,084686282207258	0,124273727416992	10,6129999160767
0,0855000835144892	0,125037727355957	10,7130002975464
0,0863647437654436	0,125962249755859	10,8129997253418
0,0871785523486324	0,126850074768066	10,9130001068115
0,0880432125995867	0,127761978149414	11,0129995346069
0,0888570139068179	0,128665054321289	11,1129999160767
0,0896708152140491	0,129510116577148	11,2130002975464
0,0904846165212803	0,130306182861328	11,3129997253418
0,0912984251044691	0,131322357177734	11,4130001068115
0,0921630853554234	0,132170135498047	11,5129995346069
0,0929768939386122	0,133195434570313	11,6129999160767
0,0937906879698858	0,134252914428711	11,7130002975464
0,0946553554967977	0,135113708496094	11,8129997253418
0,0954691568040289	0,135900115966797	11,9130001068115
0,0962829581112601	0,136960250854492	12,0129995346069
0,0970967666944489	0,138100631713867	12,1129999160767
0,0979105607257225	0,138930206298828	12,2130002975464
0,0987752282526344	0,139993728637695	12,3129997253418
0,0995890295598656	0,141018676757813	12,4130001068115
0,100453697086778	0,142030609130859	12,5129995346069
0,101267491118051	0,143062713623047	12,6129999160767
0,102132165920921	0,144113235473633	12,7130002975464
0,102945959952194	0,145221862792969	12,8129997253418
0,103759768535383	0,146725006103516	12,9130001068115
0,104624428786337	0,148037048339844	13,0129995346069
0,105438230093569	0,149627731323242	13,1129999160767
0,106302897620481	0,15073210144043	13,2130002975464
0,107116698927712	0,152124038696289	13,3129997253418
0,107981359178666	0,153491104125977	13,4130001068115
0,108795167761855	0,15469172668457	13,5129995346069
0,109659828012809	0,156216690063477	13,6129999160767
0,11047362932004	0,157683837890625	13,7130002975464
0,111287437903229	0,158754364013672	13,8129997253418
0,112101231934503	0,160164596557617	13,9130001068115
0,112915040517692	0,161602523803711	14,0129995346069
0,113728841824923	0,162809661865234	14,1129999160767
0,114542643132154	0,164105529785156	14,2130002975464
0,115356444439385	0,165572967529297	14,3129997253418
0,116170253022574	0,166921493530273	14,4130001068115
0,116984047053847	0,168220153808594	14,5129995346069
0,117797848361079	0,169659286499023	14,6129999160767
0,118611656944267	0,170930252075195	14,7130002975464
0,119425450975541	0,172277603149414	14,8129997253418
0,12023925955873	0,173779495239258	14,9130001068115
0,121103919809684	0,175279159545898	15,0129995346069
0,121917721116915	0,176520950317383	15,1129999160767
0,12278238136787	0,178083389282227	15,2130002975464
0,123647056170739	0,179644912719727	15,3129997253418
0,12446085747797	0,181235336303711	15,4130001068115
0,125325517728925	0,182636459350586	15,5129995346069
0,126190192531794	0,184044021606445	15,6129999160767
0,12700397928711	0,185600082397461	15,7130002975464
0,12786865408998	0,187142105102539	15,8129997253418
0,128682455397211	0,188543258666992	15,9130001068115
0,129547115648165	0,190031753540039	16,0130004882813
0,130411790451035	0,191436538696289	16,113000869751
0,131225591758266	0,193166961669922	16,2129993438721
0,13209025200922	0,194451812744141	16,3129997253418
0,132954912260175	0,196036239624023	16,4130001068115
0,133768728119321	0,197541305541992	16,5130004882813
0,134582514874637	0,199016616821289	16,613000869751
0,135447189677507	0,200674392700195	16,7129993438721
0,136260990984738	0,202088470458984	16,8129997253418
0,137074777740054	0,20374674987793	16,9130001068115
0,1378885935992	0,205179016113281	17,0130004882813
0,138702394906431	0,206736145019531	17,113000869751
0,139567055157386	0,208092102050781	17,2129993438721
0,140380856464617	0,209647109985352	17,3129997253418
0,141194657771848	0,211101318359375	17,4130001068115
0,142008473630995	0,212925827026367	17,5130004882813
0,142873119330034	0,214218399047852	17,613000869751
0,14368693518918	0,21588200378418	17,7129993438721
0,144500736496411	0,217393539428711	17,8129997253418
0,145365396747366	0,219066452026367	17,9130001068115
0,146179198054597	0,220373474121094	18,0130004882813
0,147043872857466	0,222023406982422	18,113000869751
0,147857659612782	0,223478897094727	18,2129993438721
0,148671460920013	0,225184677124023	18,3129997253418
0,149536135722883	0,226681625366211	18,4130001068115
0,150349937030114	0,228245788574219	18,5130004882813
0,151214597281069	0,229756454467773	18,613000869751
0,1520283985883	0,231329772949219	18,7129993438721
0,152893073391169	0,232877258300781	18,8129997253418
0,153706860146485	0,234581069946289	18,9130001068115
0,154571534949355	0,235954132080078	19,0130004882813
0,155385336256586	0,237768630981445	19,113000869751
0,156199137563817	0,239184555053711	19,2129993438721
0,157063797814772	0,24056071472168	19,3129997253418
0,157877613673918	0,242255096435547	19,4130001068115
0,158691400429234	0,243914291381836	19,5130004882813
0,159505201736465	0,24537321472168	19,613000869751
0,160319017595612	0,247015747070313	19,7129993438721
0,161132818902843	0,248648864746094	19,8129997253418
0,161946605658159	0,250058929443359	19,9130001068115
0,162760421517305	0,251560455322266	20,0130004882813
0,163574222824536	0,253132308959961	20,113000869751
0,164438883075491	0,254584579467773	20,2129993438721
0,165252684382722	0,256463500976563	20,3129997253418
0,166066485689953	0,257866027832031	20,4130001068115
0,166880301549099	0,25934326171875	20,5130004882813
0,167744947248138	0,261034210205078	20,613000869751
0,168558763107285	0,262508728027344	20,7129993438721
0,169423423358239	0,264176818847656	20,8129997253418
0,17023722466547	0,265802093505859	20,9130001068115
0,171051025972702	0,267261779785156	21,0130004882813
0,171915700775571	0,268891235351563	21,113000869751
0,172729487530887	0,270618469238281	21,2129993438721
0,173594162333757	0,272123809814453	21,3129997253418
0,174407963640988	0,27386376953125	21,4130001068115
0,175272623891942	0,275115783691406	21,5130004882813
0,176137284142897	0,276813659667969	21,613000869751
0,177001958945766	0,278607604980469	21,7129993438721
0,177815745701082	0,280198150634766	21,8129997253418
0,178680420503952	0,281667510986328	21,9130001068115
0,179494221811183	0,283402374267578	22,0130004882813
0,180308023118414	0,284662017822266	22,113000869751
0,181172683369368	0,286443389892578	22,2129993438721
0,181986499228515	0,287916076660156	22,3129997253418
0,182800285983831	0,289364196777344	22,4130001068115
0,183614087291062	0,291197204589844	22,5130004882813
0,184427903150208	0,292713531494141	22,613000869751
0,185292563401163	0,294176940917969	22,7129993438721
0,186106364708394	0,296003967285156	22,8129997253418
0,186920166015625	0,297573944091797	22,9130001068115
0,187733967322856	0,299101745605469	23,0130004882813
0,188547768630087	0,300689849853516	23,113000869751
0,189412428881042	0,302383117675781	23,2129993438721
0,190226244740188	0,303802642822266	23,3129997253418
0,191040046047419	0,305331237792969	23,4130001068115
0,191904706298374	0,306960815429688	23,5130004882813
0,192718507605605	0,308559967041016	23,613000869751
0,193583182408474	0,310087615966797	23,7129993438721
0,19439696916379	0,311711334228516	23,8129997253418
0,19526164396666	0,313420043945313	23,9130001068115
0,196126304217614	0,3150498046875	24,0130004882813
0,196940105524845	0,31672802734375	24,113000869751
0,1978047657758	0,318293579101563	24,2129993438721
0,198618581634946	0,319889892578125	24,3129997253418
0,199483227333985	0,321521545410156	24,4130001068115
0,200297043193132	0,323158630371094	24,5130004882813
0,201161703444086	0,324633636474609	24,613000869751
0,201975504751317	0,326259460449219	24,7129993438721
0,202789306058548	0,327850219726563	24,8129997253418
0,203653980861418	0,329479553222656	24,9130001068115
0,204467767616734	0,330830535888672	25,0130004882813
0,205230709980242	0,332592376708984	25,113000869751
0,206095384783112	0,334212432861328	25,2129993438721
0,206909186090343	0,335756958007813	25,3129997253418
0,207722972845659	0,337324493408203	25,4130001068115
0,208536788704805	0,338694091796875	25,5130004882813
0,209350590012036	0,340413940429688	25,613000869751
0,210164376767352	0,342082763671875	25,7129993438721
0,210978192626499	0,343502136230469	25,8129997253418
0,21179199393373	0,345146423339844	25,9130001068115
0,212656668736599	0,346722198486328	26,0130004882813
0,213470455491915	0,348455993652344	26,113000869751
0,214284256799147	0,349975616455078	26,2129993438721
0,215148931602016	0,351588165283203	26,3129997253418
0,215962718357332	0,353261871337891	26,4130001068115
0,216827393160202	0,354689819335938	26,5130004882813
0,217641194467433	0,356253936767578	26,613000869751
0,218505854718387	0,357999389648438	26,7129993438721
0,219319656025618	0,359568054199219	26,8129997253418
0,220184330828488	0,361196655273438	26,9130001068115
0,221048991079442	0,362875915527344	27,0130004882813
0,221862792386673	0,364515991210938	27,113000869751
0,222727467189543	0,366138336181641	27,2129993438721
0,223592112888582	0,367839385986328	27,3129997253418
0,224456787691452	0,369444458007813	27,4130001068115
0,225270588998683	0,371047241210938	27,5130004882813
0,226135249249637	0,372628326416016	27,613000869751
0,226949050556868	0,374309448242188	27,7129993438721
0,227762866416015	0,375596801757813	27,8129997253418
0,228576653171331	0,37734033203125	27,9130001068115
0,2294413279742	0,379130249023438	28,0130004882813
0,230255129281431	0,380528137207031	28,113000869751
0,231068930588663	0,381861755371094	28,2129993438721
0,231882731895894	0,383622528076172	28,3129997253418
0,232696533203125	0,385145111083984	28,4130001068115
0,233510334510356	0,386714172363281	28,5130004882813
0,234324135817587	0,388346374511719	28,613000869751
0,235188796068542	0,389804779052734	28,7129993438721
0,236002611927688	0,391433837890625	28,8129997253418
0,236816413234919	0,393124725341797	28,9130001068115
0,237681073485874	0,394798309326172	29,0130004882813
0,238494874793105	0,396288360595703	29,113000869751
0,239308676100336	0,397898101806641	29,2129993438721
0,24017333635129	0,39948583984375	29,3129997253418
0,240987137658522	0,401126251220703	29,4130001068115
0,241851812461391	0,402819763183594	29,5130004882813
0,242665599216707	0,404483520507813	29,613000869751
0,243530274019577	0,405936553955078	29,7129993438721
0,244344060774893	0,407539276123047	29,8129997253418
0,245208735577762	0,409220397949219	29,9130001068115
0,246022536884993	0,410846710205078	30,0130004882813
0,246887211687863	0,412561462402344	30,113000869751
0,247701012995094	0,414143157958984	30,2129993438721
0,248514814302325	0,415778503417969	30,3129997253418
0,249379460001364	0,417300415039063	30,4130001068115
0,250193261308596	0,418725860595703	30,5130004882813
0,251007091719657	0,420452514648438	30,613000869751
0,251820893026888	0,421928039550781	30,7129993438721
0,252634665230289	0,423445953369141	30,8129997253418
0,253448495641351	0,424911956787109	30,9130001068115
0,254262296948582	0,42653662109375	31,0130004882813
0,255076069151983	0,428134185791016	31,113000869751
0,255889899563044	0,429721801757813	31,2129993438721
0,256703700870276	0,431203338623047	31,3129997253418
0,257517473073676	0,432869598388672	31,4130001068115
0,258331303484738	0,4345078125	31,5130004882813
0,259195949183777	0,435937744140625	31,613000869751
0,260009779594839	0,43766796875	31,7129993438721
0,26082358090207	0,439319091796875	31,8129997253418
0,261637353105471	0,440836364746094	31,9130001068115
0,262502057012171	0,442252349853516	32,0130004882813
0,263315829215571	0,44395849609375	32,1129989624023
0,264180504018441	0,445518127441406	32,2130012512207
0,264994305325672	0,447276458740234	32,3129997253418
0,265858980128542	0,448917327880859	32,4129981994629
0,266672752331942	0,450493499755859	32,5130004882813
0,267537456238642	0,452082916259766	32,6129989624023
0,268402101937681	0,453849487304688	32,7130012512207
0,269215903244913	0,455445770263672	32,8129997253418
0,270080578047782	0,457075714111328	32,9129981994629
0,270945223746821	0,458647491455078	33,0130004882813
0,271759025054052	0,460198425292969	33,1129989624023
0,272623699856922	0,461808319091797	33,2130012512207
0,273437501164153	0,463444152832031	33,3129997253418
0,274302146863192	0,465200286865234	33,4129981994629
0,275115977274254	0,466865905761719	33,5130004882813
0,275929778581485	0,468284637451172	33,6129989624023
0,276794424280524	0,469891754150391	33,7130012512207
0,277608254691586	0,471363555908203	33,8129997253418
0,278422026894987	0,473007263183594	33,9129981994629
0,279235828202218	0,474439666748047	34,0130004882813
0,280100503005087	0,475970916748047	34,1129989624023
0,280914304312319	0,477690551757813	34,2130012512207
0,28172810561955	0,479147369384766	34,3129997253418
0,282541906926781	0,480759155273438	34,4129981994629
0,283406581729651	0,482416931152344	34,5130004882813
0,284220353933051	0,484156768798828	34,6129989624023
0,285085057839751	0,48551318359375	34,7130012512207
0,285898830043152	0,486976348876953	34,8129997253418
0,286712660454214	0,488796813964844	34,9129981994629
0,287577306153253	0,490170227050781	35,0130004882813
0,288391107460484	0,491762054443359	35,1129989624023
0,289255782263353	0,493508636474609	35,2130012512207
0,290069583570585	0,494888610839844	35,3129997253418
0,290934229269624	0,4966826171875	35,4129981994629
0,291748059680685	0,498186492919922	35,5130004882813
0,292612705379725	0,499839660644531	35,6129989624023
0,293426506686956	0,501241149902344	35,7130012512207
0,294291181489825	0,502846893310547	35,8129997253418
0,295104982797056	0,504433685302734	35,9129981994629
0,295918784104288	0,505980743408203	36,0130004882813
0,296732585411519	0,507516357421875	36,1129989624023
0,29754638671875	0,509094024658203	36,2130012512207
0,298360188025981	0,510551666259766	36,3129997253418
0,299173989333212	0,512116455078125	36,4129981994629
0,299987790640444	0,513565734863281	36,5130004882813
0,300801591947675	0,515185241699219	36,6129989624023
0,301666266750544	0,516812072753906	36,7130012512207
0,302480068057776	0,518380432128906	36,8129997253418
0,303293840261176	0,519908935546875	36,9129981994629
0,304107670672238	0,521452758789063	37,0130004882813
0,304921471979469	0,523011352539063	37,1129989624023
0,3057352732867	0,524612548828125	37,2130012512207
0,30659994808957	0,526040893554688	37,3129997253418
0,307413720292971	0,527732971191406	37,4129981994629
0,308227550704032	0,529301330566406	37,5130004882813
0,309092196403071	0,530936828613281	37,6129989624023
0,309905997710302	0,532443725585938	37,7130012512207
0,310770672513172	0,5339560546875	37,8129997253418
0,311584473820403	0,535789367675781	37,9129981994629
0,312449119519442	0,537183410644531	38,0130004882813
0,313313823426142	0,538884521484375	38,1129989624023
0,314178469125181	0,54041064453125	38,2130012512207
0,315043114824221	0,542094299316406	38,3129997253418
0,315856945235282	0,543751586914063	38,4129981994629
0,316721590934321	0,545263671875	38,5130004882813
0,317586265737191	0,546795532226563	38,6129989624023
0,318400067044422	0,548570434570313	38,7130012512207
0,319264741847292	0,550072204589844	38,8129997253418
0,320078514050692	0,551604553222656	38,9129981994629
0,320892344461754	0,553196105957031	39,0130004882813
0,321756990160793	0,5545791015625	39,1129989624023
0,322570791468024	0,556137451171875	39,2130012512207
0,323384621879086	0,557612915039063	39,3129997253418
0,324198394082487	0,559183654785156	39,4129981994629
0,325012195389718	0,560644592285156	39,5130004882813
0,325826025800779	0,562043090820313	39,6129989624023
0,326690671499819	0,563708129882813	39,7130012512207
0,32750447280705	0,565370178222656	39,8129997253418
0,328318274114281	0,567051452636719	39,9129981994629
0,329132075421512	0,568283142089844	40,0130004882813
0,329996721120551	0,570008178710938	40,1129989624023
0,330810551531613	0,571410217285156	40,2130012512207
0,331624352838844	0,572867248535156	40,3129997253418
0,332438154146075	0,574651794433594	40,4129981994629
0,333302828948945	0,576226257324219	40,5130004882813
0,334116601152346	0,57756884765625	40,6129989624023
0,334981305059046	0,579054321289063	40,7130012512207
0,335795077262446	0,580489562988281	40,8129997253418
0,336608878569677	0,582230407714844	40,9129981994629
0,337473553372547	0,583689453125	41,0130004882813
0,338287354679778	0,585389892578125	41,1129989624023
0,339152000378817	0,587043701171875	41,2130012512207
0,340016704285517	0,588703063964844	41,3129997253418
0,340830476488918	0,590124938964844	41,4129981994629
0,341644277796149	0,591511596679688	41,5130004882813
0,342508952599019	0,59314453125	41,6129989624023
0,34332275390625	0,594621032714844	41,7130012512207
0,344136555213481	0,596198486328125	41,8129997253418
0,344950356520712	0,597953552246094	41,9129981994629
0,345764157827944	0,599100219726563	42,0130004882813
0,346577959135175	0,600668579101563	42,1129989624023
0,347391760442406	0,602332702636719	42,2130012512207
0,348256435245276	0,603772521972656	42,3129997253418
0,349070207448676	0,605326599121094	42,4129981994629
0,349884037859738	0,606951354980469	42,5130004882813
0,350697839166969	0,608462707519531	42,6129989624023
0,351562513969839	0,609980773925781	42,7130012512207
0,35237631527707	0,6115859375	42,8129997253418
0,353240960976109	0,613053649902344	42,9129981994629
0,354054791387171	0,614679809570313	43,0130004882813
0,354868563590571	0,616055969238281	43,1129989624023
0,355733238393441	0,617648132324219	43,2130012512207
0,356547039700672	0,619255554199219	43,3129997253418
0,357360841007903	0,620568481445313	43,4129981994629
0,358225486706942	0,622175537109375	43,5130004882813
0,359039317118004	0,623839416503906	43,6129989624023
0,359903962817043	0,625248352050781	43,7130012512207
0,360768637619913	0,626854064941406	43,8129997253418
0,361582438927144	0,628367004394531	43,9129981994629
0,362447113730013	0,629953369140625	44,0130004882813
0,363311759429052	0,631601257324219	44,1129989624023
0,364125589840114	0,633092346191406	44,2130012512207
0,364990235539153	0,634830017089844	44,3129997253418
0,365804036846384	0,636320739746094	44,4129981994629
0,366668711649254	0,637723388671875	44,5130004882813
0,367482512956485	0,63944580078125	44,6129989624023
0,368296285159886	0,640880004882813	44,7130012512207
0,369110115570948	0,642306274414063	44,8129997253418
0,369974761269987	0,643834167480469	44,9129981994629
0,370788562577218	0,645531677246094	45,0130004882813
0,371602392988279	0,646966003417969	45,1129989624023
0,37241616519168	0,64842724609375	45,2130012512207
0,373229966498911	0,650044860839844	45,3129997253418
0,374094641301781	0,651831970214844	45,4129981994629
0,374908442609012	0,653074340820313	45,5130004882813
0,375722273020074	0,654594055175781	45,6129989624023
0,376586918719113	0,656185668945313	45,7130012512207
0,377400720026344	0,657767395019531	45,8129997253418
0,378214521333575	0,659211608886719	45,9129981994629
0,379079196136445	0,660720703125	46,0130004882813
0,379892968339846	0,662243713378906	46,1129989624023
0,380757672246546	0,663627258300781	46,2130012512207
0,381571444449946	0,665295471191406	46,3129997253418
0,382436119252816	0,666762023925781	46,4129981994629
0,383249920560047	0,668280517578125	46,5130004882813
0,384063721867278	0,669990966796875	46,6129989624023
0,384928367566317	0,671410827636719	46,7130012512207
0,385793071473017	0,67292919921875	46,8129997253418
0,386606843676418	0,674488647460938	46,9129981994629
0,387420644983649	0,675922058105469	47,0130004882813
0,388234475394711	0,677396545410156	47,1129989624023
0,389048247598112	0,678839477539063	47,2130012512207
0,389912922400981	0,680408630371094	47,3129997253418
0,390726723708212	0,68185107421875	47,4129981994629
0,391540525015444	0,683361633300781	47,5130004882813
0,392303452827036	0,684841186523438	47,6129989624023
0,393117283238098	0,68636376953125	47,7130012512207
0,393981928937137	0,687927001953125	47,8129997253418
0,39474488585256	0,68926611328125	47,9129981994629
0,3956095315516	0,690730712890625	48,0130004882813
0,396423332858831	0,692216247558594	48,1129989624023
0,397237163269892	0,693707824707031	48,2130012512207
0,398050935473293	0,695304931640625	48,3129997253418
0,398864736780524	0,696774169921875	48,4129981994629
0,399729411583394	0,698313781738281	48,5130004882813
0,400543212890625	0,699836791992188	48,6129989624023
0,401357014197856	0,701276916503906	48,7130012512207
0,402221689000726	0,70277978515625	48,8129997253418
0,403035490307957	0,704392822265625	48,9129981994629
0,403900136006996	0,705781311035156	49,0130004882813
0,404764810809866	0,707346069335938	49,1129989624023
0,405578612117097	0,708684387207031	49,2130012512207
0,406443257816136	0,710350891113281	49,3129997253418
0,407307961722836	0,711781677246094	49,4129981994629
0,408121733926237	0,713461242675781	49,5130004882813
0,408986408729106	0,714946044921875	49,6129989624023
0,409851083531976	0,716398376464844	49,7130012512207
0,410664884839207	0,717835876464844	49,8129997253418
0,411529530538246	0,71932763671875	49,9129981994629
0,412343360949308	0,721076843261719	50,0130004882813
0,413157133152708	0,722497314453125	50,1129989624023
0,41397093445994	0,723956298828125	50,2130012512207
0,414835609262809	0,725331848144531	50,3129997253418
0,41564941057004	0,726821166992188	50,4129981994629
0,416463211877272	0,72826513671875	50,5130004882813
0,417277013184503	0,729948059082031	50,6129989624023
0,418141687987372	0,731200988769531	50,7130012512207
0,418955489294603	0,732692810058594	50,8129997253418
0,419769290601835	0,734122131347656	50,9129981994629
0,420583091909066	0,735580383300781	51,0130004882813
0,421396893216297	0,737103271484375	51,1129989624023
0,422261568019167	0,738647216796875	51,2130012512207
0,423075340222567	0,740069152832031	51,3129997253418
0,423889170633629	0,741590393066406	51,4129981994629
0,424753816332668	0,743128540039063	51,5130004882813
0,425567617639899	0,744750305175781	51,6129989624023
0,426432292442769	0,745883117675781	51,7130012512207
0,427296967245638	0,747419189453125	51,8129997253418
0,428110739449039	0,749064697265625	51,9129981994629
0,428975443355739	0,750443176269531	52,0130004882813
0,42978921555914	0,751949401855469	52,1129989624023
0,430653890362009	0,753609497070313	52,2130012512207
0,431467691669241	0,75499072265625	52,3129997253418
0,43233236647211	0,756465637207031	52,4129981994629
0,433146138675511	0,757891235351563	52,5130004882813
0,433959969086573	0,759498718261719	52,6129989624023
0,434773770393804	0,760939514160156	52,7130012512207
0,435638416092843	0,762362915039063	52,8129997253418
0,436452246503904	0,763739868164063	52,9129981994629
0,437266018707305	0,765178894042969	53,0130004882813
0,438079820014536	0,766483642578125	53,1129989624023
0,438893650425598	0,767872924804688	53,2130012512207
0,439707422628999	0,769406982421875	53,3129997253418
0,44052125304006	0,770672119140625	53,4129981994629
0,441335054347292	0,772099792480469	53,5130004882813
0,442148826550692	0,773570861816406	53,6129989624023
0,442962656961754	0,775052673339844	53,7130012512207
0,443776458268985	0,77632861328125	53,8129997253418
0,444590230472386	0,777875671386719	53,9129981994629
0,445454934379086	0,77925390625	54,0130004882813
0,446268706582487	0,780817932128906	54,1129989624023
0,447082507889718	0,782449401855469	54,2130012512207
0,447947182692587	0,783715209960938	54,3129997253418
0,448760983999819	0,785180541992188	54,4129981994629
0,449625629698858	0,786772399902344	54,5130004882813
0,450439460109919	0,788253662109375	54,6129989624023
0,451304105808958	0,789903076171875	54,7130012512207
0,45211790711619	0,791303771972656	54,8129997253418
0,452982581919059	0,792783325195313	54,9129981994629
0,453847256721929	0,794398803710938	55,0130004882813
0,454661028925329	0,79584423828125	55,1129989624023
0,455525732832029	0,797409973144531	55,2130012512207
0,456390378531069	0,798824035644531	55,3129997253418
0,457255024230108	0,800376586914063	55,4129981994629
0,458068854641169	0,8019599609375	55,5130004882813
0,458933500340208	0,803259338378906	55,6129989624023
0,45974730164744	0,804792175292969	55,7130012512207
0,460561132058501	0,806329956054688	55,8129997253418
0,46142577775754	0,80758056640625	55,9129981994629
0,462239579064772	0,809274108886719	56,0130004882813
0,463053380372003	0,810811218261719	56,1129989624023
0,463867181679234	0,812129272460938	56,2130012512207
0,464681012090296	0,813709106445313	56,3129997253418
0,465545657789335	0,815065185546875	56,4129981994629
0,466359459096566	0,816446533203125	56,5130004882813
0,467173260403797	0,817991027832031	56,6129989624023
0,467987061711028	0,819317260742188	56,7130012512207
0,468800863018259	0,820734741210938	56,8129997253418
0,469614664325491	0,822065307617188	56,9129981994629
0,47047933912836	0,823765197753906	57,0130004882813
0,471293111331761	0,825003845214844	57,1129989624023
0,472157815238461	0,826630676269531	57,2130012512207
0,472971587441862	0,827890625	57,3129997253418
0,473785388749093	0,8294375	57,4129981994629
0,474650063551962	0,830818115234375	57,5130004882813
0,475463864859194	0,832568359375	57,6129989624023
0,476328510558233	0,833730590820313	57,7130012512207
0,477193214464933	0,835258483886719	57,8129997253418
0,478006986668333	0,836756958007813	57,9129981994629
0,478871661471203	0,838180725097656	58,0130004882813
0,479685462778434	0,839573547363281	58,1129989624023
0,480499264085665	0,841224182128906	58,2130012512207
0,481363909784704	0,842530578613281	58,3129997253418
0,482177740195766	0,844166381835938	58,4129981994629
0,482991541502997	0,845416442871094	58,5130004882813
0,483805342810228	0,846780151367188	58,6129989624023
0,48461914411746	0,848181823730469	58,7130012512207
0,485432945424691	0,849638244628906	58,8129997253418
0,486246746731922	0,851041809082031	58,9129981994629
0,487060548039153	0,852338317871094	59,0130004882813
0,487874349346384	0,853855651855469	59,1129989624023
0,488738995045424	0,855146911621094	59,2130012512207
0,489552854560316	0,856510070800781	59,3129997253418
0,490366597659886	0,85796728515625	59,4129981994629
0,491180398967117	0,859385620117188	59,5130004882813
0,491994258482009	0,860789794921875	59,6129989624023
0,492858875077218	0,862208251953125	59,7130012512207
0,493672676384449	0,863538696289063	59,8129997253418
0,49448647769168	0,865003723144531	59,9129981994629
0,49535115249455	0,866444946289063	60,0130004882813
0,496164953801781	0,868027404785156	60,1129989624023
0,497029628604651	0,869415649414063	60,2130012512207
0,497843429911882	0,8707451171875	60,3129997253418
0,498708104714751	0,872224426269531	60,4129981994629
0,499521906021982	0,873703918457031	60,5130004882813
0,500386522617191	0,875012817382813	60,6129989624023
0,501251197420061	0,876659301757813	60,7130012512207
0,502115930430591	0,877972412109375	60,8129997253418
0,502929673530161	0,879514343261719	60,9129981994629
0,503794348333031	0,880980407714844	61,0130004882813
0,504608149640262	0,882264953613281	61,1129989624023
0,505472824443132	0,883809448242188	61,2130012512207
0,506286625750363	0,885036926269531	61,3129997253418
0,507100427057594	0,886636535644531	61,4129981994629
0,507965101860464	0,888052185058594	61,5130004882813
0,508778844960034	0,889475036621094	61,6129989624023
0,509592704474926	0,890790344238281	61,7130012512207
0,510406505782157	0,892216735839844	61,8129997253418
0,511220248881727	0,893489440917969	61,9129981994629
0,512084981892258	0,894935485839844	62,0130004882813
0,512898724991828	0,89641552734375	62,1129989624023
0,51371258450672	0,897805847167969	62,2130012512207
0,514526385813951	0,899126892089844	62,3129997253418
0,515391060616821	0,900607055664063	62,4129981994629
0,516204861924052	0,901995056152344	62,5130004882813
0,517018605023623	0,90325146484375	62,6129989624023
0,517883279826492	0,90469921875	62,7130012512207
0,518697081133723	0,906086547851563	62,8129997253418
0,519561755936593	0,907582763671875	62,9129981994629
0,520375557243824	0,908896850585938	63,0130004882813
0,521240232046694	0,910309326171875	63,1129989624023
0,522054033353925	0,911758483886719	63,2130012512207
0,522918708156794	0,913401916503906	63,3129997253418
0,523732509464026	0,914587219238281	63,4129981994629
0,524597184266895	0,916011169433594	63,5130004882813
0,525410927366465	0,917321166992188	63,6129989624023
0,526224786881357	0,918725402832031	63,7130012512207
0,527038588188589	0,920147644042969	63,8129997253418
0,527903262991458	0,921334350585938	63,9129981994629
0,528717064298689	0,9227763671875	64,0130004882813
0,52953080739826	0,924237060546875	64,1129989624023
0,530344666913152	0,925415954589844	64,2129974365234
0,531158468220383	0,926712097167969	64,3130035400391
0,531921396031976	0,928068054199219	64,4130020141602
0,532735197339207	0,929362426757813	64,5130004882813
0,533548998646438	0,930795959472656	64,6129989624023
0,534362799953669	0,931915710449219	64,7129974365234
0,535176601260901	0,933496276855469	64,8130035400391
0,53604127606377	0,934597290039063	64,9130020141602
0,53685501916334	0,936030151367188	65,0130004882813
0,537668878678232	0,937425842285156	65,1129989624023
0,538482679985464	0,938935668945313	65,2129974365234
0,539296423085034	0,940266479492188	65,3130035400391
0,540161156095564	0,941685180664063	65,4130020141602
0,540974899195135	0,943202270507813	65,5130004882813
0,541839573998004	0,944421447753906	65,6129989624023
0,542653375305235	0,945885375976563	65,7129974365234
0,543518050108105	0,947238159179688	65,8130035400391
0,544382724910975	0,948640563964844	65,9130020141602
0,545196526218206	0,950196594238281	66,0130004882813
0,546061201021075	0,951529296875	66,1129989624023
0,546925817616284	0,952886840820313	66,2129974365234
0,547790550626814	0,954409057617188	66,3130035400391
0,548604293726385	0,955884216308594	66,4130020141602
0,549468968529254	0,9572900390625	66,5130004882813
0,550282769836485	0,958671203613281	66,6129989624023
0,551147444639355	0,959929321289063	66,7129974365234
0,551961245946586	0,961421691894531	66,8130035400391
0,552825920749456	0,962614074707031	66,9130020141602
0,553639722056687	0,964385681152344	67,0130004882813
0,554453523363918	0,965007568359375	67,1129989624023
0,555318198166788	0,966413696289063	67,2129974365234
0,556131999474019	0,96770068359375	67,3130035400391
0,55694580078125	0,969420288085938	67,4130020141602
0,55781047558412	0,970717102050781	67,5130004882813
0,558624276891351	0,972196105957031	67,6129989624023
0,559438078198582	0,9732998046875	67,7129974365234
0,560251879505813	0,974635498046875	67,8130035400391
0,561116496101022	0,975985412597656	67,9130020141602
0,561930355615914	0,977428588867188	68,0130004882813
0,562744156923145	0,978534912109375	68,1129989624023
0,563608831726015	0,980134521484375	68,2129974365234
0,564422633033246	0,981590454101563	68,3130035400391
0,565287307836115	0,9827421875	68,4130020141602
0,566101050935686	0,984263916015625	68,5130004882813
0,566965783946216	0,985552307128906	68,6129989624023
0,567779527045786	0,987092956542969	68,7129974365234
0,568644201848656	0,988430358886719	68,8130035400391
0,569458003155887	0,989855407714844	68,9130020141602
0,570322677958757	0,991147094726563	69,0130004882813
0,571136479265988	0,992396606445313	69,1129989624023
0,572001154068857	0,993770812988281	69,2129974365234
0,572814955376089	0,995280578613281	69,3130035400391
0,573628698475659	0,996417785644531	69,4130020141602
0,574442557990551	0,997701110839844	69,5130004882813
0,575256359297782	0,999265747070313	69,6129989624023
0,576070102397352	1,0003173828125	69,7129974365234
0,576883961912245	1,00164880371094	69,8130035400391
0,577697763219476	1,00282824707031	69,9130020141602
0,578511564526707	1,00423754882813	70,0130004882813
0,579325365833938	1,00505560302734	70,1129989624023
0,580139167141169	1,00672790527344	70,2129974365234
0,580952968448401	1,0078291015625	70,3130035400391
0,581766769755632	1,00972827148438	70,4130020141602
0,582580571062863	1,01047546386719	70,5130004882813
0,583445245865732	1,01194152832031	70,6129989624023
0,584259047172964	1,01328338623047	70,7129974365234
0,585072790272534	1,01462249755859	70,8130035400391
0,585937523283064	1,01616931152344	70,9130020141602
0,586802198085934	1,01739508056641	71,0130004882813
0,587615941185504	1,01881903076172	71,1129989624023
0,588429742492735	1,02028723144531	71,2129974365234
0,589294417295605	1,02146441650391	71,3130035400391
0,590159092098475	1,02280072021484	71,4130020141602
0,590972893405706	1,02408154296875	71,5130004882813
0,591837568208575	1,02548767089844	71,6129989624023
0,592702184803784	1,02683435058594	71,7129974365234
0,593566917814314	1,02810339355469	71,8130035400391
0,594380660913885	1,0291396484375	71,9130020141602
0,595245335716754	1,03066137695313	72,0130004882813
0,596059137023985	1,03224609375	72,1129989624023
0,596923811826855	1,03312939453125	72,2129974365234
0,597737613134086	1,03452746582031	72,3130035400391
0,598551472648978	1,03586547851563	72,4130020141602
0,599365215748549	1,03710827636719	72,5130004882813
0,600229890551418	1,03818579101563	72,6129989624023
0,601043691858649	1,03999755859375	72,7129974365234
0,60185749316588	1,04136987304688	72,8130035400391
0,602671352680773	1,04197448730469	72,9130020141602
0,603485095780343	1,04315576171875	73,0130004882813
0,604298897087574	1,04443322753906	73,1129989624023
0,605112756602466	1,04588891601563	73,2129974365234
0,605926499702036	1,04712756347656	73,3130035400391
0,606791174504906	1,04844506835938	73,4130020141602
0,607604975812137	1,04985424804688	73,5130004882813
0,608418777119368	1,05112084960938	73,6129989624023
0,6092325784266	1,05234631347656	73,7129974365234
0,610097253229469	1,05383837890625	73,8130035400391
0,6109110545367	1,05474536132813	73,9130020141602
0,611724855843931	1,05639733886719	74,0130004882813
0,612589530646801	1,05768835449219	74,1129989624023
0,613403331954032	1,0587255859375	74,2129974365234
0,614268006756902	1,06033410644531	74,3130035400391
0,615081808064133	1,06152783203125	74,4130020141602
0,615946482867002	1,06298742675781	74,5130004882813
0,616811099462211	1,06414697265625	74,6129989624023
0,617624958977103	1,06548693847656	74,7129974365234
0,618438702076674	1,06676330566406	74,8130035400391
0,619303376879543	1,06789953613281	74,9130020141602
0,620117178186774	1,06921484375	75,0130004882813
0,620930979494005	1,07039489746094	75,1129989624023
0,621744839008898	1,07176892089844	75,2129974365234
0,622558582108468	1,07290466308594	75,3130035400391
0,623372383415699	1,07429956054688	75,4130020141602
0,624186242930591	1,0751689453125	75,5130004882813
0,6250508595258	1,07679797363281	75,6129989624023
0,625864660833031	1,07785070800781	75,7129974365234
0,626678462140262	1,07903491210938	75,8130035400391
0,627492263447493	1,08024133300781	75,9130020141602
0,628306064754725	1,08166040039063	76,0130004882813
0,629119866061956	1,08265661621094	76,1129989624023
0,629933667369187	1,08390258789063	76,2129974365234
0,630747468676418	1,08547314453125	76,3130035400391
0,631612143479288	1,08634350585938	76,4130020141602
0,632425944786519	1,08775708007813	76,5130004882813
0,63323974609375	1,08958923339844	76,6129989624023
0,63410442089662	1,09003540039063	76,7129974365234
0,634918222203851	1,09138781738281	76,8130035400391
0,63578289700672	1,09277270507813	76,9130020141602
0,636647513601929	1,0944697265625	77,0130004882813
0,637461373116821	1,09532604980469	77,1129989624023
0,63832598971203	1,09654711914063	77,2129974365234
0,639190664514899	1,09791638183594	77,3130035400391
0,64000446582213	1,09912109375	77,4130020141602
0,640869140625	1,10051147460938	77,5130004882813
0,64173381542787	1,10177868652344	77,6129989624023
0,642547616735101	1,10294030761719	77,7129974365234
0,64341229153797	1,10406494140625	77,8130035400391
0,644226092845201	1,1057197265625	77,9130020141602
0,645090767648071	1,1065380859375	78,0130004882813
0,645904568955302	1,10786193847656	78,1129989624023
0,646718312054873	1,10915344238281	78,2129974365234
0,647532171569765	1,11037854003906	78,3130035400391
0,648345972876996	1,11174450683594	78,4130020141602
0,649210647679865	1,11284423828125	78,5130004882813
0,650024390779436	1,11417932128906	78,6129989624023
0,650838192086667	1,11510803222656	78,7129974365234
0,651652051601559	1,11635217285156	78,8130035400391
0,652465794701129	1,117552734375	78,9130020141602
0,65333052771166	1,11864636230469	79,0130004882813
0,65414427081123	1,119947265625	79,1129989624023
0,654958072118461	1,12125378417969	79,2129974365234
0,655822746921331	1,12242077636719	79,3130035400391
0,656636548228562	1,12366796875	79,4130020141602
0,657450349535793	1,12467016601563	79,5130004882813
0,658315024338663	1,12592468261719	79,6129989624023
0,659128825645894	1,12723596191406	79,7129974365234
0,659993442241102	1,12866662597656	79,8130035400391
0,660858175251633	1,12972155761719	79,9130020141602
0,661671918351203	1,13083190917969	80,0130004882813
0,662536593154073	1,13214343261719	80,1129989624023
0,663350394461304	1,13332470703125	80,2129974365234
0,664215069264174	1,13439807128906	80,3130035400391
0,665028870571405	1,13566345214844	80,4130020141602
0,665842730086297	1,13702978515625	80,5130004882813
0,666707346681505	1,13826379394531	80,6129989624023
0,667521206196398	1,13941674804688	80,7129974365234
0,668334949295968	1,14074450683594	80,8130035400391
0,669148750603199	1,14161022949219	80,9130020141602
0,669962610118091	1,14284558105469	81,0130004882813
0,670776353217661	1,14393310546875	81,1129989624023
0,671590154524893	1,145279296875	81,2129974365234
0,672404014039785	1,14624853515625	81,3130035400391
0,673217757139355	1,14759265136719	81,4130020141602
0,674031558446586	1,14882849121094	81,5130004882813
0,674845417961478	1,14983874511719	81,6129989624023
0,675659161061049	1,15103918457031	81,7129974365234
0,676523835863918	1,15210473632813	81,8130035400391
0,677337637171149	1,153111328125	81,9130020141602
0,67815143847838	1,15416564941406	82,0130004882813
0,67901611328125	1,15511340332031	82,1129989624023
0,679829914588481	1,1564833984375	82,2129974365234
0,680694589391351	1,15735192871094	82,3130035400391
0,681508390698582	1,15886608886719	82,4130020141602
0,682322192005813	1,16016040039063	82,5130004882813
0,683186808601022	1,16107470703125	82,6129989624023
0,684000668115914	1,16245581054688	82,7129974365234
0,684865284711123	1,16357702636719	82,8130035400391
0,685729959513992	1,16475939941406	82,9130020141602
0,686594692524523	1,16618591308594	83,0130004882813
0,687408435624093	1,16726330566406	83,1129989624023
0,688273110426962	1,16848840332031	83,2129974365234
0,689137785229832	1,16966870117188	83,3130035400391
0,690002460032701	1,17071789550781	83,4130020141602
0,690816203132272	1,17211535644531	83,5130004882813
0,691680936142802	1,17330615234375	83,6129989624023
0,692494679242373	1,17430212402344	83,7129974365234
0,693308538757265	1,17552856445313	83,8130035400391
0,694122340064496	1,17653955078125	83,9130020141602
0,694987014867365	1,17781811523438	84,0130004882813
0,695800757966936	1,1785625	84,1129989624023
0,696614559274167	1,17991821289063	84,2129974365234
0,697428418789059	1,18106494140625	84,3130035400391
0,698293035384268	1,18217993164063	84,4130020141602
0,69910689489916	1,18327685546875	84,5130004882813
0,69992063799873	1,18433923339844	84,6129989624023
0,700734439305961	1,18561315917969	84,7129974365234
0,701599114108831	1,18661242675781	84,8130035400391
0,702412915416062	1,18767993164063	84,9130020141602
0,703226716723293	1,1890888671875	85,0130004882813
0,704091391526163	1,19028820800781	85,1129989624023
0,704905192833394	1,19129895019531	85,2129974365234
0,705769809428602	1,19242932128906	85,3130035400391
0,706583668943495	1,19340844726563	85,4130020141602
0,707448285538703	1,19473327636719	85,5130004882813
0,708262145053595	1,19580993652344	85,6129989624023
0,709126761648804	1,19674572753906	85,7129974365234
0,709940621163696	1,19801538085938	85,8130035400391
0,710805237758905	1,199263671875	85,9130020141602
0,711619097273797	1,20006677246094	86,0130004882813
0,712432840373367	1,20121923828125	86,1129989624023
0,713246641680598	1,20228039550781	86,2129974365234
0,71406050119549	1,20337866210938	86,3130035400391
0,714874244295061	1,20454040527344	86,4130020141602
0,715688045602292	1,20552758789063	86,5130004882813
0,716501905117184	1,20666418457031	86,6129989624023
0,717315648216754	1,20771997070313	86,7129974365234
0,718180381227285	1,20877978515625	86,8130035400391
0,718994124326855	1,20986340332031	86,9130020141602
0,719807925634086	1,21092016601563	87,0130004882813
0,720621785148978	1,21207373046875	87,1129989624023
0,721435528248549	1,21313049316406	87,2129974365234
0,72224932955578	1,21408154296875	87,3130035400391
0,723063189070672	1,21518542480469	87,4130020141602
0,723876932170242	1,21640026855469	87,5130004882813
0,724690733477473	1,217302734375	87,6129989624023
0,725555408280343	1,21847204589844	87,7129974365234
0,726369209587574	1,21948815917969	87,8130035400391
0,727183069102466	1,22066296386719	87,9130020141602
0,728047685697675	1,22177917480469	88,0130004882813
0,728912360500544	1,22289904785156	88,1129989624023
0,729726161807776	1,22405554199219	88,2129974365234
0,730590836610645	1,22515539550781	88,3130035400391
0,731455511413515	1,22616625976563	88,4130020141602
0,732320128008723	1,22734191894531	88,5130004882813
0,733184802811593	1,2284560546875	88,6129989624023
0,734049477614462	1,22961352539063	88,7129974365234
0,734863278921694	1,23071667480469	88,8130035400391
0,735727953724563	1,23174963378906	88,9130020141602
0,736541755031794	1,23264013671875	89,0130004882813
0,737406429834664	1,23376989746094	89,1129989624023
0,738220231141895	1,23471984863281	89,2129974365234
0,739033974241465	1,23584313964844	89,3130035400391
0,739898707251996	1,23671862792969	89,4130020141602
0,740712450351566	1,23770483398438	89,5130004882813
0,741526309866458	1,23879553222656	89,6129989624023
0,742340111173689	1,23986267089844	89,7129974365234
0,74315385427326	1,24075268554688	89,8130035400391
0,743967713788152	1,24169262695313	89,9130020141602
0,74483233038336	1,24275634765625	90,0130004882813
0,745646189898252	1,2437373046875	90,1129989624023
0,746459932997823	1,24465893554688	90,2129974365234
0,747273734305054	1,24568786621094	90,3130035400391
0,748087593819946	1,2466484375	90,4130020141602
0,748952210415155	1,24767993164063	90,5130004882813
0,749766069930047	1,2485244140625	90,6129989624023
0,750630686525255	1,24969580078125	90,7129974365234
0,751444546040148	1,25070178222656	90,8130035400391
0,752309162635356	1,25173779296875	90,9130020141602
0,753122963942587	1,25270056152344	91,0130004882813
0,753987638745457	1,25360266113281	91,1129989624023
0,754801440052688	1,25473791503906	91,2129974365234
0,755666056647897	1,25572729492188	91,3130035400391
0,756530789658427	1,25648010253906	91,4130020141602
0,757344532757998	1,25740856933594	91,5130004882813
0,75815839227289	1,25838159179688	91,6129989624023
0,758972193580121	1,25937353515625	91,7129974365234
0,759785936679691	1,26028149414063	91,8130035400391
0,760650611482561	1,26107165527344	91,9130020141602
0,761464412789792	1,26196569824219	92,0130004882813
0,762278272304684	1,26289672851563	92,1129989624023
0,763092015404254	1,26359985351563	92,2129974365234
0,763905816711485	1,26471484375	92,3130035400391
0,764719676226377	1,26550122070313	92,4130020141602
0,765533419325948	1,26647351074219	92,5130004882813
0,766347220633179	1,26707275390625	92,6129989624023
0,767161080148071	1,26831848144531	92,7129974365234
0,767974881455302	1,26905493164063	92,8130035400391
0,768839556258172	1,27004431152344	92,9130020141602
0,769653299357742	1,27088647460938	93,0130004882813
0,770467100664973	1,27175805664063	93,1129989624023
0,771331775467843	1,27254602050781	93,2129974365234
0,772145576775074	1,27349938964844	93,3130035400391
0,773010251577944	1,27438903808594	93,4130020141602
0,773824052885175	1,2751591796875	93,5130004882813
0,774688727688044	1,27616198730469	93,6129989624023
0,775553402490914	1,27700891113281	93,7129974365234
0,776367203798145	1,27791589355469	93,8130035400391
0,777231878601015	1,27897863769531	93,9130020141602
0,778096495196223	1,27966259765625	94,0130004882813
0,778961169999093	1,28069604492188	94,1129989624023
0,779825844801962	1,28158581542969	94,2129974365234
0,780639646109194	1,28221337890625	94,3130035400391
0,781504320912063	1,28321765136719	94,4130020141602
0,782318122219294	1,2839853515625	94,5130004882813
0,783182797022164	1,28473071289063	94,6129989624023
0,783996598329395	1,285568359375	94,7129974365234
0,784861273132265	1,28646374511719	94,8130035400391
0,785675074439496	1,28735119628906	94,9130020141602
0,786488817539066	1,2879541015625	95,0130004882813
0,787353492341936	1,28866577148438	95,1129989624023
0,788167293649167	1,28942687988281	95,2129974365234
0,788981153164059	1,29040710449219	95,3130035400391
0,789794896263629	1,29112487792969	95,4130020141602
0,79065962927416	1,29170581054688	95,5130004882813
0,79147337237373	1,29287268066406	95,6129989624023
0,792287173680961	1,29327221679688	95,7129974365234
0,793101033195853	1,29388317871094	95,8130035400391
0,793965649791062	1,29464233398438	95,9130020141602
0,794779451098293	1,29541711425781	96,0130004882813
0,795644125901163	1,29621118164063	96,1129989624023
0,796457927208394	1,29689331054688	96,2129974365234
0,797271728515625	1,29755603027344	96,3130035400391
0,798136403318495	1,29816711425781	96,4130020141602
0,798950204625726	1,29912780761719	96,5130004882813
0,799814879428595	1,30014929199219	96,6129989624023
0,800628680735826	1,30060119628906	96,7129974365234
0,801493355538696	1,30089123535156	96,8130035400391
0,802307156845927	1,30155212402344	96,9130020141602
0,803171831648797	1,30224694824219	97,0130004882813
0,803985574748367	1,30279528808594	97,1129989624023
0,804799376055598	1,30331262207031	97,2129974365234
0,80561323557049	1,30375842285156	97,3130035400391
0,806477852165699	1,30424291992188	97,4130020141602
0,807291711680591	1,30479016113281	97,5130004882813
0,808105454780161	1,30524951171875	97,6129989624023
0,808919256087393	1,30571691894531	97,7129974365234
0,809733115602285	1,30605798339844	97,8130035400391
0,810546858701855	1,30630090332031	97,9130020141602
0,811360660009086	1,3067646484375	98,0130004882813
0,812174519523978	1,30711926269531	98,1129989624023
0,812988262623549	1,30693591308594	98,2129974365234
0,81380206393078	1,30756628417969	98,3130035400391
0,814615923445672	1,3073896484375	98,4130020141602
0,815429666545242	1,30780834960938	98,5130004882813
0,816243467852473	1,30771655273438	98,6129989624023
0,817057327367365	1,30775134277344	98,7129974365234
0,817921943962574	1,30734985351563	98,8130035400391
0,818735803477466	1,30683361816406	98,9130020141602
0,819549546577036	1,30587622070313	99,0130004882813
0,820414221379906	1,30428063964844	99,1129989624023
0,821278896182776	1,302203125	99,2129974365234
0,822092697490007	1,29933728027344	99,3130035400391
0,822957314085215	1,29618017578125	99,4130020141602
0,823822047095746	1,29206848144531	99,5130004882813
0,824686721898615	1,28644348144531	99,6129989624023
0,825551338493824	1,27836389160156	99,7129974365234
0,826416013296694	1,26390673828125	99,8130035400391
0,828247051686049	-0,0629969711303711	99,8720016479492
