File Path: D:\Ensayos Víctor\Fase III\Virgen\vertical\Test Run 8 16-05-2019 12 26 24\DAQ- Crosshead; … - (Timed).txt   
Test: ENSAYOS TRACCION PLA 3
Test Run: Test Run 8
Date: 16/05/2019 12:23:57


Crosshead 	Load 	Time 
mm	kN	sec
0,000203450511548908	0,0654407730102539	0,112000003457069
0,000406901023097817	0,0655994338989258	0,211999997496605
0,00086466474158442	0,0655609283447266	0,312000006437302
0,00137329107019468	0,0654294128417969	0,412000000476837
0,00198364250536542	0,0657634124755859	0,512000024318695
0,00249226877713227	0,0659207763671875	0,611999988555908
0,00295003246719716	0,0662409820556641	0,712000012397766
0,00340779615726206	0,0661321640014648	0,811999976634979
0,0039164224290289	0,0660488739013672	0,912000000476837
0,00442504870079574	0,0668080596923828	1,01199996471405
0,00498453755426453	0,0660747528076172	1,11199998855591
0,00559488898943528	0,0663110580444336	1,21200001239777
0,00630696649750462	0,0669672241210938	1,31200003623962
0,00712076825948316	0,0673636169433594	1,41199994087219
0,0079345700214617	0,0676381454467773	1,51199996471405
0,00874837223818759	0,067784782409668	1,61199998855591
0,00961303703661542	0,0680294570922852	1,71200001239777
0,0104777018350433	0,0682327728271484	1,81200003623962
0,0113423666334711	0,0686584625244141	1,91199994087219
0,012156168850197	0,0687479782104492	2,01200008392334
0,0130208327391301	0,0687498245239258	2,11199998855591
0,0138346358653507	0,0689372863769531	2,21199989318848
0,0146992997542839	0,0691367263793945	2,31200003623962
0,0155639645527117	0,0692913284301758	2,41199994087219
0,0163777676789323	0,069428092956543	2,51200008392334
0,0172424315678654	0,0698283767700195	2,61199998855591
0,0181070954567986	0,0701609954833984	2,71199989318848
0,0189208985830192	0,0703933639526367	2,81200003623962
0,0197347017092397	0,0702445678710938	2,91199994087219
0,0205993655981729	0,0708469085693359	3,01200008392334
0,0214131687243935	0,0714077987670898	3,11199998855591
0,0222269682126353	0,0719178848266602	3,21199989318848
0,0230407713388558	0,0722459487915039	3,31200003623962
0,0238545744650764	0,0730622329711914	3,41199994087219
0,0247192383540096	0,0740244064331055	3,51200008392334
0,0255330414802302	0,0743891143798828	3,61199998855591
0,026346840968472	0,0752124938964844	3,71199989318848
0,0271606440946925	0,0757424850463867	3,81200003623962
0,0279744472209131	0,0764481201171875	3,91199994087219
0,0287882485281443	0,0770130615234375	4,01200008392334
0,0296529142360669	0,0775040130615234	4,11199998855591
0,0304667155432981	0,0781269378662109	4,21199989318848
0,0312805168505292	0,078644889831543	4,31199979782104
0,0321451843774412	0,0793044204711914	4,41200017929077
0,0329589856846724	0,0797674942016602	4,51200008392334
0,0338236495736055	0,0805773620605469	4,61199998855591
0,0346374508808367	0,0813518753051758	4,71199989318848
0,0355021184077486	0,0818321228027344	4,81199979782104
0,0363159197149798	0,0824628982543945	4,91200017929077
0,037180583603913	0,0834883346557617	5,01200008392334
0,0379943849111442	0,0844386672973633	5,11199998855591
0,0388590524380561	0,0847263946533203	5,21199989318848
0,0397237126890104	0,0856878814697266	5,31199979782104
0,0405883802159224	0,0869746246337891	5,41200017929077
0,0414530441048555	0,088467155456543	5,51200008392334
0,0422668454120867	0,0898384628295898	5,61199998855591
0,0431315129389986	0,0907638168334961	5,71199989318848
0,0439453142462298	0,0922395477294922	5,81199979782104
0,044809978135163	0,092934700012207	5,91200017929077
0,0456237794423942	0,0945951614379883	6,01200008392334
0,0464375807496253	0,0951203460693359	6,11199998855591
0,0473022446385585	0,0964666748046875	6,21199989318848
0,0481160459457897	0,0974197540283203	6,31199979782104
0,0489298508909997	0,0985250244140625	6,41200017929077
0,0497945147799328	0,0996074523925781	6,51200008392334
0,0506083197251428	0,10060277557373	6,61199998855591
0,0514221173943952	0,101548721313477	6,71199989318848
0,0522359187016264	0,10265625	6,81199979782104
0,0530497236468364	0,103486015319824	6,91200017929077
0,0539143875357695	0,104610000610352	7,01200008392334
0,0547281924809795	0,106141555786133	7,11199998855591
0,0555928527319338	0,106511360168457	7,21199989318848
0,0564066576771438	0,108000457763672	7,31199979782104
0,0572713215660769	0,109147682189941	7,41200017929077
0,0580851265112869	0,110251106262207	7,51200008392334
0,0589497867622413	0,11105640411377	7,61199998855591
0,0597635917074513	0,112546005249023	7,71199989318848
0,0606282555963844	0,113312622070313	7,81199979782104
0,0614929231232964	0,114161415100098	7,91200017929077
0,0623067171545699	0,115522644042969	8,01200008392334
0,0631713846814819	0,116293502807617	8,11200046539307
0,0640360522083938	0,117394317626953	8,21199989318848
0,064849853515625	0,118562492370605	8,3120002746582
0,0657145137665793	0,119770355224609	8,41199970245361
0,0665283223497681	0,120144989013672	8,51200008392334
0,0673421236569993	0,121546310424805	8,61200046539307
0,0681559249642305	0,122308647155762	8,71199989318848
0,0690205924911425	0,123517692565918	8,8120002746582
0,069834386522416	0,124165519714355	8,91199970245361
0,0706481951056048	0,125319717407227	9,01200008392334
0,071461996412836	0,126114036560059	9,11200046539307
0,0722757977200672	0,127087501525879	9,21199989318848
0,0730895990272984	0,128027679443359	9,3120002746582
0,0739542592782527	0,128920852661133	9,41199970245361
0,0747680678614415	0,129760330200195	9,51200008392334
0,0755818691686727	0,130570678710938	9,61200046539307
0,0764465366955847	0,131525238037109	9,71199989318848
0,0772603380028158	0,13252392578125	9,8120002746582
0,0781249982537702	0,133507827758789	9,91199970245361
0,078938806836959	0,134586318969727	10,0120000839233
0,0798034670879133	0,135877944946289	10,1120004653931
0,0806172683951445	0,137074462890625	10,2119998931885
0,0814819359220564	0,138389709472656	10,3120002746582
0,0822957372292876	0,139754043579102	10,4119997024536
0,083160397480242	0,140854553222656	10,5120000839233
0,0840250650071539	0,142258972167969	10,6120004653931
0,0848388663143851	0,143567031860352	10,7119998931885
0,0857035265653394	0,144785202026367	10,8120002746582
0,086568201368209	0,146276473999023	10,9119997024536
0,0873819953994825	0,147612426757813	11,0120000839233
0,0882466629263945	0,148720031738281	11,1120004653931
0,0890604642336257	0,150161178588867	11,2119998931885
0,0899251317605376	0,151320251464844	11,3120002746582
0,0907389330677688	0,15259912109375	11,4119997024536
0,091552734375	0,153635025024414	11,5120000839233
0,0924173946259543	0,154676818847656	11,6120004653931
0,0932312032091431	0,155748001098633	11,7119998931885
0,0940450045163743	0,156795455932617	11,8120002746582
0,0948588058236055	0,158097747802734	11,9119997024536
0,0956726071308367	0,158887908935547	12,0120000839233
0,096537267381791	0,159919342041016	12,1120004653931
0,0973510759649798	0,160655578613281	12,2119998931885
0,098164877272211	0,162177917480469	12,3120002746582
0,0990295375231653	0,16321337890625	12,4119997024536
0,0998433461063541	0,164350204467773	12,5120000839233
0,100708006357308	0,16540592956543	12,6120004653931
0,101521814940497	0,166478744506836	12,7119998931885
0,102386475191452	0,167658477783203	12,8120002746582
0,103200276498683	0,169331787109375	12,9119997024536
0,104064944025595	0,170730590820313	13,0120000839233
0,104878745332826	0,172321975708008	13,1120004653931
0,10574340558378	0,173551635742188	13,2119998931885
0,106557214166969	0,175456604003906	13,3120002746582
0,107421874417923	0,176915008544922	13,4119997024536
0,108286534668878	0,178573043823242	13,5120000839233
0,109100343252067	0,179949279785156	13,6120004653931
0,109965003503021	0,181533401489258	13,7119998931885
0,11077881208621	0,183126358032227	13,8120002746582
0,111592613393441	0,184636322021484	13,9119997024536
0,112457273644395	0,185980895996094	14,0120000839233
0,113271082227584	0,187267593383789	14,1120004653931
0,114084876258858	0,188806869506836	14,2119998931885
0,114898684842046	0,190564010620117	14,3120002746582
0,115712486149278	0,191933349609375	14,4119997024536
0,116526280180551	0,193154739379883	14,5120000839233
0,11734008876374	0,194786102294922	14,6120004653931
0,118153890070971	0,196152893066406	14,7119998931885
0,118967691378202	0,197857849121094	14,8120002746582
0,119832358905114	0,199156372070313	14,9119997024536
0,120646152936388	0,200770431518555	15,0120000839233
0,121459961519577	0,202755523681641	15,1120004653931
0,122324621770531	0,203971786499023	15,2119998931885
0,123138423077762	0,20537776184082	15,3120002746582
0,123952238936909	0,207081527709961	15,4119997024536
0,124816899187863	0,208708969116211	15,5120000839233
0,125630685943179	0,210232971191406	15,6120004653931
0,126495360746048	0,211856246948242	15,7119998931885
0,12730916205328	0,213615417480469	15,8120002746582
0,128173822304234	0,214822647094727	15,9119997024536
0,129038497107103	0,216627624511719	16,011999130249
0,129852298414335	0,218218627929688	16,1119995117188
0,130716958665289	0,219880996704102	16,2119998931885
0,131581618916243	0,221578369140625	16,3120002746582
0,132446293719113	0,222943878173828	16,4120006561279
0,133260080474429	0,224757781982422	16,511999130249
0,134124755277298	0,226435150146484	16,6119995117188
0,134989430080168	0,228053573608398	16,7119998931885
0,135803216835484	0,229888168334961	16,8120002746582
0,136667891638353	0,23113362121582	16,9120006561279
0,137481692945585	0,232601898193359	17,011999130249
0,138295479700901	0,234216247558594	17,1119995117188
0,13916015450377	0,235825592041016	17,2119998931885
0,139973955811001	0,237726135253906	17,3120002746582
0,140787771670148	0,238853164672852	17,4120006561279
0,141601558425464	0,240385223388672	17,511999130249
0,142415359732695	0,242051818847656	17,6119995117188
0,143229175591841	0,243565765380859	17,7119998931885
0,144042962347157	0,245236572265625	17,8120002746582
0,144907637150027	0,2467919921875	17,9120006561279
0,145721438457258	0,248378051757813	18,011999130249
0,146535239764489	0,250200302124023	18,1119995117188
0,147399900015444	0,251552780151367	18,2119998931885
0,148213701322675	0,253157943725586	18,3120002746582
0,149027517181821	0,254715774536133	18,4120006561279
0,14989216288086	0,256266021728516	18,511999130249
0,150705978740007	0,257986938476563	18,6119995117188
0,151570638990961	0,259326721191406	18,7119998931885
0,152384440298192	0,260999572753906	18,8120002746582
0,153249100549147	0,262785339355469	18,9120006561279
0,154062916408293	0,264598999023438	19,011999130249
0,154927562107332	0,266197143554688	19,1119995117188
0,155741377966478	0,267721893310547	19,2119998931885
0,156606038217433	0,26942529296875	19,3120002746582
0,157419839524664	0,270974212646484	19,4120006561279
0,158284499775618	0,272769012451172	19,511999130249
0,159098315634765	0,274264984130859	19,6119995117188
0,159912102390081	0,275805236816406	19,7119998931885
0,160725903697312	0,277470458984375	19,8120002746582
0,161539719556458	0,279018981933594	19,9120006561279
0,162353520863689	0,280667724609375	20,011999130249
0,163167307619005	0,282143890380859	20,1119995117188
0,163981123478152	0,283789611816406	20,2119998931885
0,164794924785383	0,285391479492188	20,3120002746582
0,165608726092614	0,287086059570313	20,4120006561279
0,166422527399845	0,288655944824219	20,511999130249
0,1672871876508	0,289961730957031	20,6119995117188
0,168101003509946	0,291913726806641	20,7119998931885
0,168914790265262	0,293384948730469	20,8120002746582
0,169728591572493	0,295082580566406	20,9120006561279
0,170593266375363	0,296772796630859	21,011999130249
0,171407053130679	0,298436126708984	21,1119995117188
0,172220868989825	0,300204681396484	21,2119998931885
0,17308552924078	0,3018740234375	21,3120002746582
0,173950189491734	0,303357025146484	21,4120006561279
0,174763990798965	0,305033203125	21,511999130249
0,175628665601835	0,306524688720703	21,6119995117188
0,176493325852789	0,308214233398438	21,7119998931885
0,17730712716002	0,309934814453125	21,8120002746582
0,17817180196289	0,311499298095703	21,9120006561279
0,179036447661929	0,313840911865234	22,011999130249
0,179901122464798	0,314754669189453	22,1119995117188
0,18071492377203	0,316607238769531	22,2119998931885
0,181579584022984	0,318136138916016	22,3120002746582
0,182393385330215	0,319640991210938	22,4120006561279
0,183258060133085	0,321401306152344	22,511999130249
0,184071846888401	0,323079620361328	22,6119995117188
0,184885662747547	0,324630340576172	22,7119998931885
0,185699464054778	0,326281677246094	22,8120002746582
0,186513265362009	0,327927459716797	22,9120006561279
0,187377925612964	0,329856597900391	23,011999130249
0,188191726920195	0,330791870117188	23,1119995117188
0,189005542779341	0,332553649902344	23,2119998931885
0,18987018847838	0,334472442626953	23,3120002746582
0,190684004337527	0,336024017333984	23,4120006561279
0,191497805644758	0,337719665527344	23,511999130249
0,192362465895712	0,339479583740234	23,6119995117188
0,193176267202944	0,341037933349609	23,7119998931885
0,193990068510175	0,342706573486328	23,8120002746582
0,194854743313044	0,344252624511719	23,9120006561279
0,19566853006836	0,346080139160156	24,011999130249
0,19653320487123	0,347678588867188	24,1119995117188
0,197347006178461	0,349186859130859	24,2119998931885
0,198211666429415	0,351082122802734	24,3120002746582
0,199025467736647	0,352541412353516	24,4120006561279
0,199890142539516	0,354231842041016	24,511999130249
0,200703929294832	0,356119079589844	24,6119995117188
0,201568604097702	0,357681335449219	24,7119998931885
0,202382405404933	0,359397552490234	24,8120002746582
0,203247065655887	0,360848022460938	24,9120006561279
0,204060866963118	0,362636199951172	25,011999130249
0,204874682822265	0,364212768554688	25,1119995117188
0,205688469577581	0,366014617919922	25,2119998931885
0,20655314438045	0,367408203125	25,3120002746582
0,207366945687681	0,369478179931641	25,4120006561279
0,208180746994913	0,370431549072266	25,511999130249
0,208994548302144	0,372363891601563	25,6119995117188
0,209808349609375	0,374199645996094	25,7119998931885
0,210622150916606	0,375510864257813	25,8120002746582
0,211435952223837	0,377070739746094	25,9120006561279
0,212249753531069	0,378897155761719	26,011999130249
0,2130635548383	0,380650726318359	26,1119995117188
0,213877370697446	0,382021270751953	26,2119998931885
0,214691157452762	0,38387158203125	26,3120002746582
0,215555832255632	0,385413024902344	26,4120006561279
0,216369633562863	0,386939117431641	26,511999130249
0,217234293813817	0,38874365234375	26,6119995117188
0,218048095121048	0,390228393554688	26,7119998931885
0,21886189642828	0,392189666748047	26,8120002746582
0,219726556679234	0,393911376953125	26,9120006561279
0,220540357986465	0,395661987304688	27,011999130249
0,221405032789335	0,397123840332031	27,1119995117188
0,222218819544651	0,398716827392578	27,2119998931885
0,22308349434752	0,400714813232422	27,3120002746582
0,22394816915039	0,402040130615234	27,4120006561279
0,224812814849429	0,403678131103516	27,511999130249
0,225626630708575	0,405490112304688	27,6119995117188
0,22649129095953	0,407174926757813	27,7119998931885
0,227305092266761	0,408859954833984	27,8120002746582
0,228169752517715	0,410538208007813	27,9120006561279
0,228983568376862	0,412194396972656	28,011999130249
0,229848214075901	0,413805572509766	28,1119995117188
0,230662029935047	0,4154169921875	28,2119998931885
0,231475831242278	0,417108612060547	28,3120002746582
0,232289632549509	0,418671600341797	28,4120006561279
0,233103433856741	0,42022900390625	28,511999130249
0,233968094107695	0,421850555419922	28,6119995117188
0,234781909966841	0,423698425292969	28,7119998931885
0,235595696722157	0,425293487548828	28,8120002746582
0,236409498029388	0,426975311279297	28,9120006561279
0,237274172832258	0,428597625732422	29,011999130249
0,238087974139489	0,430152160644531	29,1119995117188
0,23890177544672	0,431764617919922	29,2119998931885
0,239766435697675	0,433614807128906	29,3120002746582
0,240580251556821	0,435041717529297	29,4120006561279
0,241394038312137	0,436810363769531	29,511999130249
0,242258713115007	0,4385146484375	29,6119995117188
0,243072514422238	0,440173767089844	29,7119998931885
0,243937174673192	0,441633880615234	29,8120002746582
0,244750990532339	0,443247283935547	29,9120006561279
0,245615636231378	0,445094055175781	30,011999130249
0,246429437538609	0,446802215576172	30,1119995117188
0,247294112341478	0,448508331298828	30,2119998931885
0,248158758040518	0,450071716308594	30,3120002746582
0,248972588451579	0,4517705078125	30,4120006561279
0,249837234150618	0,453301086425781	30,511999130249
0,25065103545785	0,455024078369141	30,6119995117188
0,251464836765081	0,456766174316406	30,7119998931885
0,252278667176142	0,458207427978516	30,8120002746582
0,253143312875181	0,459998229980469	30,9120006561279
0,253957114182413	0,461450469970703	31,011999130249
0,254770915489644	0,463065612792969	31,1119995117188
0,255584716796875	0,464621673583984	31,2119998931885
0,256398518104106	0,466289398193359	31,3120002746582
0,257212319411337	0,467968353271484	31,4120006561279
0,258026120718569	0,469422393798828	31,511999130249
0,2588399220258	0,470985137939453	31,6119995117188
0,259653723333031	0,473026519775391	31,7119998931885
0,260467524640262	0,474819427490234	31,8120002746582
0,261332170339301	0,475935852050781	31,9120006561279
0,262146000750363	0,477671875	32,0120010375977
0,262959802057594	0,479435211181641	32,1119995117188
0,263824476860464	0,481071868896484	32,2120018005371
0,264638278167695	0,482495208740234	32,3120002746582
0,265502923866734	0,484199798583984	32,4119987487793
0,266316754277796	0,486114196777344	32,5120010375977
0,267181399976835	0,487512084960938	32,6119995117188
0,267995201284066	0,489271148681641	32,7120018005371
0,268859876086935	0,490741943359375	32,8120002746582
0,269673677394167	0,492847808837891	32,9119987487793
0,270538323093206	0,494269958496094	33,0120010375977
0,271402997896075	0,496123657226563	33,1119995117188
0,272216799203306	0,498265289306641	33,2120018005371
0,273081444902346	0,499544921875	33,3120002746582
0,273895275313407	0,501006622314453	33,4119987487793
0,274759921012446	0,503135284423828	33,5120010375977
0,275573722319677	0,504382354736328	33,6119995117188
0,276438397122547	0,506061706542969	33,7120018005371
0,277252198429778	0,507704833984375	33,8120002746582
0,278065999737009	0,509454193115234	33,9119987487793
0,278930674539879	0,510843963623047	34,0120010375977
0,27974447584711	0,512953308105469	34,1119995117188
0,280558248050511	0,514513977050781	34,2120018005371
0,281372078461573	0,515768249511719	34,3120002746582
0,282185879768804	0,517627319335938	34,4119987487793
0,283050525467843	0,519095153808594	34,5120010375977
0,283864355878904	0,521144287109375	34,6119995117188
0,284678128082305	0,522615661621094	34,7120018005371
0,285542802885175	0,524095092773438	34,8120002746582
0,286356604192406	0,525929260253906	34,9119987487793
0,287221278995276	0,527929016113281	35,0120010375977
0,288035051198676	0,529362426757813	35,1119995117188
0,288899755105376	0,530717407226563	35,2120018005371
0,289713527308777	0,532422607421875	35,3120002746582
0,290527357719839	0,533824340820313	35,4119987487793
0,291392003418878	0,535581604003906	35,5120010375977
0,292205804726109	0,537372802734375	35,6119995117188
0,293070479528978	0,539200988769531	35,7120018005371
0,29388428083621	0,540664733886719	35,8120002746582
0,294748926535249	0,542138366699219	35,9119987487793
0,29556275694631	0,543860412597656	36,0120010375977
0,296376558253542	0,5457666015625	36,1119995117188
0,297241203952581	0,547350524902344	36,2120018005371
0,298055034363642	0,548827941894531	36,3120002746582
0,298868806567043	0,550552978515625	36,4119987487793
0,299682607874274	0,552298583984375	36,5120010375977
0,300496438285336	0,553677734375	36,6119995117188
0,301310210488737	0,555266845703125	36,7120018005371
0,302124011795968	0,557028930664063	36,8120002746582
0,302937842207029	0,55875341796875	36,9119987487793
0,30375161441043	0,560167907714844	37,0120010375977
0,304565415717661	0,562048522949219	37,1119995117188
0,305430090520531	0,563409423828125	37,2120018005371
0,306243891827762	0,564955322265625	37,3120002746582
0,307057722238824	0,566677734375	37,4119987487793
0,307871494442225	0,568326049804688	37,5120010375977
0,308685295749456	0,569947998046875	37,6119995117188
0,309549970552325	0,571479370117188	37,7120018005371
0,310363771859556	0,573087036132813	37,8120002746582
0,311177573166788	0,57502392578125	37,9119987487793
0,312042247969657	0,576345275878906	38,0120010375977
0,312856049276888	0,577917724609375	38,1119995117188
0,313720694975927	0,579497924804688	38,2120018005371
0,314585369778797	0,581455749511719	38,3120002746582
0,315399171086028	0,582972351074219	38,4119987487793
0,316263816785067	0,5846142578125	38,5120010375977
0,317077647196129	0,586341613769531	38,6119995117188
0,317942292895168	0,588020263671875	38,7120018005371
0,318806967698038	0,589339416503906	38,8120002746582
0,319620769005269	0,59121337890625	38,9119987487793
0,320485443808138	0,593054626464844	39,0120010375977
0,321350089507177	0,59466162109375	39,1119995117188
0,322163919918239	0,596096435546875	39,2120018005371
0,32297769212164	0,598256286621094	39,3120002746582
0,323842366924509	0,599438781738281	39,4119987487793
0,324656168231741	0,600827697753906	39,5120010375977
0,325469969538972	0,602572998046875	39,6119995117188
0,326283770846203	0,604109436035156	39,7120018005371
0,327097572153434	0,605685668945313	39,8120002746582
0,327962246956304	0,607628601074219	39,9119987487793
0,328776019159704	0,609121459960938	40,0120010375977
0,329589849570766	0,610794128417969	40,1119995117188
0,330403650877997	0,612680419921875	40,2120018005371
0,331268296577036	0,614324157714844	40,3120002746582
0,332082126988098	0,61560107421875	40,4119987487793
0,332895899191499	0,617325805664063	40,5120010375977
0,333760603098199	0,618739685058594	40,6119995117188
0,3345743753016	0,620821594238281	40,7120018005371
0,335439050104469	0,621806762695313	40,8120002746582
0,3362528514117	0,623953369140625	40,9119987487793
0,337066652718931	0,625283996582031	41,0120010375977
0,337931298417971	0,626957153320313	41,1119995117188
0,338745128829032	0,628514709472656	41,2120018005371
0,339609774528071	0,630140808105469	41,3120002746582
0,340423575835302	0,631660949707031	41,4119987487793
0,341288250638172	0,633215454101563	41,5120010375977
0,342102051945403	0,635369506835938	41,6119995117188
0,342966697644442	0,636428405761719	41,7120018005371
0,343780528055504	0,638303466796875	41,8120002746582
0,344594329362735	0,639980590820313	41,9119987487793
0,345408101566136	0,64144384765625	42,0120010375977
0,346221931977198	0,643119079589844	42,1119995117188
0,347035733284429	0,644510925292969	42,2120018005371
0,347849505487829	0,64621728515625	42,3120002746582
0,348663335898891	0,6477021484375	42,4119987487793
0,34952798159793	0,649213684082031	42,5120010375977
0,350341782905161	0,650844970703125	42,6119995117188
0,351155613316223	0,652303466796875	42,7120018005371
0,351969385519624	0,654360229492188	42,8120002746582
0,352783215930685	0,655827270507813	42,9119987487793
0,353597017237917	0,657167663574219	43,0120010375977
0,354410789441317	0,658775695800781	43,1119995117188
0,355224619852379	0,660463317871094	43,2120018005371
0,356089265551418	0,661992614746094	43,3120002746582
0,356903066858649	0,663795593261719	43,4119987487793
0,357767741661519	0,665295593261719	43,5120010375977
0,35858154296875	0,666525939941406	43,6119995117188
0,359446188667789	0,668650146484375	43,7120018005371
0,360260019078851	0,670240783691406	43,8120002746582
0,36112466477789	0,671805541992188	43,9119987487793
0,361989339580759	0,673383117675781	44,0120010375977
0,362854014383629	0,67511376953125	44,1119995117188
0,363718660082668	0,6765390625	44,2120018005371
0,364583334885538	0,6781943359375	44,3120002746582
0,365397136192769	0,679845825195313	44,4119987487793
0,366261810995638	0,681500549316406	44,5120010375977
0,367075583199039	0,683220886230469	44,6119995117188
0,367940287105739	0,68451513671875	44,7120018005371
0,36875405930914	0,685852600097656	44,8120002746582
0,369567860616371	0,687763244628906	44,9119987487793
0,370432535419241	0,689317687988281	45,0120010375977
0,371246336726472	0,690813781738281	45,1119995117188
0,372060138033703	0,692459045410156	45,2120018005371
0,372873939340934	0,694205078125	45,3120002746582
0,373687740648165	0,695618347167969	45,4119987487793
0,374552386347204	0,697328002929688	45,5120010375977
0,375366216758266	0,698803833007813	45,6119995117188
0,376180018065497	0,700313171386719	45,7120018005371
0,376993819372728	0,701933471679688	45,8120002746582
0,377858494175598	0,703368469238281	45,9119987487793
0,378672266378999	0,705005187988281	46,0120010375977
0,37948609679006	0,706300354003906	46,1119995117188
0,3803507424891	0,708266662597656	46,2120018005371
0,381164543796331	0,70952880859375	46,3120002746582
0,381978374207392	0,711097106933594	46,4119987487793
0,382792146410793	0,71272509765625	46,5120010375977
0,383656821213663	0,714341369628906	46,6119995117188
0,384470622520894	0,715576110839844	46,7120018005371
0,385335297323763	0,717434143066406	46,8120002746582
0,386149069527164	0,719122192382813	46,9119987487793
0,387013773433864	0,721394287109375	47,0120010375977
0,387827545637265	0,722422485351563	47,1119995117188
0,388692220440134	0,72405615234375	47,2120018005371
0,389506021747366	0,725742980957031	47,3120002746582
0,390370696550235	0,727189636230469	47,4119987487793
0,391184468753636	0,728439086914063	47,5120010375977
0,391998299164698	0,730096069335938	47,6119995117188
0,392812100471929	0,731747497558594	47,7120018005371
0,393625872675329	0,733487670898438	47,8120002746582
0,394439703086391	0,734679565429688	47,9119987487793
0,395253504393622	0,736501647949219	48,0120010375977
0,396067305700853	0,738460998535156	48,1119995117188
0,396881107008085	0,739318115234375	48,2120018005371
0,397745752707124	0,741502746582031	48,3120002746582
0,398559583118185	0,742709289550781	48,4119987487793
0,399373384425417	0,744367065429688	48,5120010375977
0,400187156628817	0,745630798339844	48,6119995117188
0,401051860535517	0,747368713378906	48,7120018005371
0,401865632738918	0,749282836914063	48,8120002746582
0,402730307541788	0,750491088867188	48,9119987487793
0,403594982344657	0,75220849609375	49,0120010375977
0,404408783651888	0,753822937011719	49,1119995117188
0,405222555855289	0,755218322753906	49,2120018005371
0,406087259761989	0,756972045898438	49,3120002746582
0,40690103196539	0,758489074707031	49,4119987487793
0,407765706768259	0,760076232910156	49,5120010375977
0,408630381571129	0,761472595214844	49,6119995117188
0,40944418287836	0,763368225097656	49,7120018005371
0,410308828577399	0,7650517578125	49,8120002746582
0,411122658988461	0,766247985839844	49,9119987487793
0,4119873046875	0,76801220703125	50,0120010375977
0,412851950386539	0,769485290527344	50,1119995117188
0,413665780797601	0,771014831542969	50,2120018005371
0,414479582104832	0,772797241210938	50,3120002746582
0,415344227803871	0,774173767089844	50,4119987487793
0,416158058214933	0,775728210449219	50,5120010375977
0,416971830418333	0,777165466308594	50,6119995117188
0,417785631725565	0,778864013671875	50,7120018005371
0,418650306528434	0,780268676757813	50,8120002746582
0,419464107835665	0,781557556152344	50,9119987487793
0,420277909142897	0,783457885742188	51,0120010375977
0,421091710450128	0,785073059082031	51,1119995117188
0,421956385252997	0,786411926269531	51,2120018005371
0,422770186560228	0,787900695800781	51,3120002746582
0,42358398786746	0,7892822265625	51,4119987487793
0,424448633566499	0,791095947265625	51,5120010375977
0,42526246397756	0,792804260253906	51,6119995117188
0,426076265284792	0,794205871582031	51,7120018005371
0,426940910983831	0,796010986328125	51,8120002746582
0,4278055857867	0,797539916992188	51,9119987487793
0,428619387093931	0,798961120605469	52,0120010375977
0,429484032792971	0,800619323730469	52,1119995117188
0,430297863204032	0,80209716796875	52,2120018005371
0,431162508903071	0,803619323730469	52,3120002746582
0,431976310210302	0,805162719726563	52,4119987487793
0,432840985013172	0,806838806152344	52,5120010375977
0,433705659816042	0,808404418945313	52,6119995117188
0,434519432019442	0,810268737792969	52,7120018005371
0,435333262430504	0,811759643554688	52,8120002746582
0,436197908129543	0,812825988769531	52,9119987487793
0,437011709436774	0,814551147460938	53,0120010375977
0,437825539847836	0,816066650390625	53,1119995117188
0,438639312051237	0,817556213378906	53,2120018005371
0,439453113358468	0,818936889648438	53,3120002746582
0,440266943769529	0,820325317382813	53,4119987487793
0,44108071597293	0,821787048339844	53,5120010375977
0,441894517280161	0,823074035644531	53,6119995117188
0,442708347691223	0,824548278808594	53,7120018005371
0,443522119894624	0,826412170410156	53,8120002746582
0,444335950305685	0,827616821289063	53,9119987487793
0,445149751612917	0,829184020996094	54,0120010375977
0,445963523816317	0,830523010253906	54,1119995117188
0,446777354227379	0,832214965820313	54,2120018005371
0,44759115553461	0,833576477050781	54,3120002746582
0,448404927738011	0,835076538085938	54,4119987487793
0,449269631644711	0,836801086425781	54,5120010375977
0,450083403848112	0,8380458984375	54,6119995117188
0,450897205155343	0,83955078125	54,7120018005371
0,451761879958212	0,841144775390625	54,8120002746582
0,452575681265444	0,842662170410156	54,9119987487793
0,453440326964483	0,844102478027344	55,0120010375977
0,454254157375544	0,845681457519531	55,1119995117188
0,455118803074583	0,84719970703125	55,2120018005371
0,455932604381815	0,848847778320313	55,3120002746582
0,456797279184684	0,850482177734375	55,4119987487793
0,457661953987554	0,852062072753906	55,5120010375977
0,458475726190954	0,85355224609375	55,6119995117188
0,459340430097654	0,855037170410156	55,7120018005371
0,460205075796694	0,856599670410156	55,8120002746582
0,461018877103925	0,858015014648438	55,9119987487793
0,461832678411156	0,859594421386719	56,0120010375977
0,462697353214026	0,861154235839844	56,1119995117188
0,463511125417426	0,862473388671875	56,2120018005371
0,464324955828488	0,86402685546875	56,3120002746582
0,465138757135719	0,865413452148438	56,4119987487793
0,46595255844295	0,867047424316406	56,5120010375977
0,46681723324582	0,868555847167969	56,6119995117188
0,467631005449221	0,869861328125	56,7120018005371
0,468444835860282	0,871545349121094	56,8120002746582
0,469258637167513	0,872858642578125	56,9119987487793
0,470123282866552	0,874550231933594	57,0120010375977
0,470937113277614	0,875979675292969	57,1119995117188
0,471750885481015	0,877441650390625	57,2120018005371
0,472615560283884	0,878858520507813	57,3120002746582
0,473429361591116	0,8806044921875	57,4119987487793
0,474294036393985	0,882043884277344	57,5120010375977
0,475107808597386	0,883582336425781	57,6119995117188
0,475972512504086	0,8849794921875	57,7120018005371
0,476786284707487	0,886531127929688	57,8120002746582
0,477650959510356	0,88806005859375	57,9119987487793
0,478464760817587	0,889663208007813	58,0120010375977
0,479329435620457	0,890895690917969	58,1119995117188
0,480143207823858	0,892424987792969	58,2120018005371
0,481007911730558	0,894003479003906	58,3120002746582
0,481821683933958	0,895348083496094	58,4119987487793
0,48263548524119	0,896799865722656	58,5120010375977
0,483449315652251	0,89824462890625	58,6119995117188
0,48431396135129	0,899853210449219	58,7120018005371
0,485127762658522	0,901310668945313	58,8120002746582
0,485941563965753	0,902510070800781	58,9119987487793
0,486755365272984	0,904063781738281	59,0120010375977
0,487569195684046	0,905713623046875	59,1119995117188
0,488382938783616	0,906595275878906	59,2120018005371
0,489196798298508	0,908214538574219	59,3120002746582
0,490010599605739	0,909806823730469	59,4119987487793
0,490824342705309	0,91152490234375	59,5120010375977
0,491638202220201	0,912744873046875	59,6119995117188
0,492452003527433	0,914308410644531	59,7120018005371
0,493316678330302	0,915590393066406	59,8120002746582
0,494130479637533	0,917095275878906	59,9119987487793
0,494944222737104	0,918542236328125	60,0120010375977
0,495808955747634	0,920083251953125	60,1119995117188
0,496622698847204	0,921559753417969	60,2120018005371
0,497436500154436	0,92284521484375	60,3120002746582
0,498301174957305	0,924646057128906	60,4119987487793
0,499114976264536	0,926039733886719	60,5120010375977
0,499979651067406	0,927577209472656	60,6119995117188
0,500844325870276	0,928967407226563	60,7120018005371
0,501658127177507	0,930661682128906	60,8120002746582
0,502522743772715	0,932311889648438	60,9119987487793
0,503387476783246	0,933513916015625	61,0120010375977
0,504201219882816	0,934964172363281	61,1119995117188
0,505065894685686	0,9365517578125	61,2120018005371
0,505930627696216	0,938126281738281	61,3120002746582
0,506744370795786	0,9394736328125	61,4119987487793
0,507609045598656	0,940927734375	61,5120010375977
0,508422846905887	0,942361694335938	61,6119995117188
0,509236648213118	0,943681091308594	61,7120018005371
0,51005044952035	0,945466003417969	61,8120002746582
0,510864250827581	0,946953430175781	61,9119987487793
0,51172892563045	0,948344848632813	62,0120010375977
0,512542726937681	0,949545654296875	62,1119995117188
0,513356528244913	0,950947204589844	62,2120018005371
0,514170329552144	0,952400207519531	62,3120002746582
0,515034946147352	0,953847534179688	62,4119987487793
0,515848805662245	0,955472229003906	62,5120010375977
0,516662606969476	0,956900756835938	62,6119995117188
0,517527281772345	0,958458984375	62,7120018005371
0,518341083079576	0,959645141601563	62,8120002746582
0,519154826179147	0,961297180175781	62,9119987487793
0,520019559189677	0,962454284667969	63,0120010375977
0,520833302289248	0,963957336425781	63,1119995117188
0,52164716180414	0,965494567871094	63,2120018005371
0,522511778399348	0,967046020507813	63,3120002746582
0,52332563791424	0,96818310546875	63,4119987487793
0,524190254509449	0,969728759765625	63,5120010375977
0,525004114024341	0,971166259765625	63,6119995117188
0,52586873061955	0,972716430664063	63,7120018005371
0,526682531926781	0,974108703613281	63,8120002746582
0,527547206729651	0,975655944824219	63,9119987487793
0,528361008036882	0,976928649902344	64,0120010375977
0,52922562463209	0,978301879882813	64,1119995117188
0,530039484146982	0,979937866210938	64,2119979858398
0,530853285454214	0,98143359375	64,3119964599609
0,531667028553784	0,982679992675781	64,4120025634766
0,532480888068676	0,984048461914063	64,5120010375977
0,533294689375907	0,985298645019531	64,6119995117188
0,534108432475477	0,987074523925781	64,7119979858398
0,53492229199037	0,988399719238281	64,8119964599609
0,535736093297601	0,989849182128906	64,9120025634766
0,536549894604832	0,991291259765625	65,0120010375977
0,537414569407701	0,992562805175781	65,1119995117188
0,538228312507272	0,993952514648438	65,2119979858398
0,539042172022164	0,995254333496094	65,3119964599609
0,539855973329395	0,996760559082031	65,4120025634766
0,540669716428965	0,998167724609375	65,5120010375977
0,541534449439496	0,999389038085938	65,6119995117188
0,542348192539066	1,00097076416016	65,7119979858398
0,543212867341936	1,00238861083984	65,8119964599609
0,544026668649167	1,00379553222656	65,9120025634766
0,544891343452036	1,00523345947266	66,0120010375977
0,545705144759268	1,00663116455078	66,1119995117188
0,546569819562137	1,00786895751953	66,2119979858398
0,547383620869368	1,00939617919922	66,3119964599609
0,548248295672238	1,01108764648438	66,4120025634766
0,549112970475107	1,01249304199219	66,5120010375977
0,549977587070316	1,01394439697266	66,6119995117188
0,550791446585208	1,01550982666016	66,7119979858398
0,551656063180417	1,01685919189453	66,8119964599609
0,552520737983286	1,01835803222656	66,9120025634766
0,553334539290518	1,01980816650391	67,0120010375977
0,554199214093387	1,021369140625	67,1119995117188
0,555013015400618	1,02263110351563	67,2119979858398
0,55582681670785	1,023923828125	67,3119964599609
0,556640618015081	1,02552673339844	67,4120025634766
0,557454419322312	1,02687927246094	67,5120010375977
0,558319094125181	1,02806311035156	67,6119995117188
0,559132895432413	1,02946142578125	67,7119979858398
0,559946696739644	1,03064807128906	67,8119964599609
0,560760498046875	1,032267578125	67,9120025634766
0,561574299354106	1,03360998535156	68,0120010375977
0,562388100661337	1,03475671386719	68,1119995117188
0,563201901968569	1,03624340820313	68,2119979858398
0,564066576771438	1,03788562011719	68,3119964599609
0,564880378078669	1,0389892578125	68,4120025634766
0,565694179385901	1,04057238769531	68,5120010375977
0,566507980693132	1,04177221679688	68,6119995117188
0,56737259728834	1,04306079101563	68,7119979858398
0,568186456803232	1,04449365234375	68,8119964599609
0,569051073398441	1,04592004394531	68,9120025634766
0,569864932913333	1,0472939453125	69,0120010375977
0,570729549508542	1,04872875976563	69,1119995117188
0,571543409023434	1,05007165527344	69,2119979858398
0,572408025618643	1,05151916503906	69,3119964599609
0,573221885133535	1,05299914550781	69,4120025634766
0,574035628233105	1,05443701171875	69,5120010375977
0,574900303035975	1,05583923339844	69,6119995117188
0,575714104343206	1,0570556640625	69,7119979858398
0,576527905650437	1,05816528320313	69,8119964599609
0,577341706957668	1,05978369140625	69,9120025634766
0,578155508264899	1,06115100097656	70,0120010375977
0,57896930957213	1,06242053222656	70,1119995117188
0,579783169087023	1,06379345703125	70,2119979858398
0,580596912186593	1,06502905273438	70,3119964599609
0,581410713493824	1,06649011230469	70,4120025634766
0,582224573008716	1,06766625976563	70,5120010375977
0,583038316108286	1,06923315429688	70,6119995117188
0,583852117415518	1,07040856933594	70,7119979858398
0,584716792218387	1,07171179199219	70,8119964599609
0,585530593525618	1,07317065429688	70,9120025634766
0,58634439483285	1,07441943359375	71,0120010375977
0,587158196140081	1,07608862304688	71,1119995117188
0,58802287094295	1,07751086425781	71,2119979858398
0,588836672250181	1,07887109375	71,3119964599609
0,589650473557413	1,07990112304688	71,4120025634766
0,590515148360282	1,08150146484375	71,5120010375977
0,591328891459852	1,08293835449219	71,6119995117188
0,592193624470383	1,08432019042969	71,7119979858398
0,593058299273252	1,08571374511719	71,8119964599609
0,593872042372823	1,08702502441406	71,9120025634766
0,594736775383353	1,08846472167969	72,0120010375977
0,595601391978562	1,08988220214844	72,1119995117188
0,596466066781431	1,09132177734375	72,2119979858398
0,597330741584301	1,0927998046875	72,3119964599609
0,598144542891532	1,09401379394531	72,4120025634766
0,599009217694402	1,09534899902344	72,5120010375977
0,599823019001633	1,09703723144531	72,6119995117188
0,600636762101203	1,09782153320313	72,7119979858398
0,601501436904073	1,09942529296875	72,8119964599609
0,602315238211304	1,10073071289063	72,9120025634766
0,603179913014174	1,10213525390625	73,0120010375977
0,603993714321405	1,10341198730469	73,1119995117188
0,604807573836297	1,10452758789063	73,2119979858398
0,605621316935867	1,10617956542969	73,3119964599609
0,606435118243098	1,10751770019531	73,4120025634766
0,607299793045968	1,10872961425781	73,5120010375977
0,608113594353199	1,10987512207031	73,6119995117188
0,608927453868091	1,11153076171875	73,7119979858398
0,609741196967661	1,11271276855469	73,8119964599609
0,610605871770531	1,11410375976563	73,9120025634766
0,611419673077762	1,11538037109375	74,0120010375977
0,612284347880632	1,11673596191406	74,1119995117188
0,613098149187863	1,11829602050781	74,2119979858398
0,613911950495094	1,1195634765625	74,3119964599609
0,614776625297964	1,12121850585938	74,4120025634766
0,615590368397534	1,12205773925781	74,5120010375977
0,616455101408064	1,12368627929688	74,6119995117188
0,617268844507635	1,12484851074219	74,7119979858398
0,618133519310504	1,12644946289063	74,8119964599609
0,618947320617735	1,12761584472656	74,9120025634766
0,619811995420605	1,12915991210938	75,0120010375977
0,620625796727836	1,13011657714844	75,1119995117188
0,621490471530706	1,1317314453125	75,2119979858398
0,622304272837937	1,13295263671875	75,3119964599609
0,623118074145168	1,13426110839844	75,4120025634766
0,623931875452399	1,13535034179688	75,5120010375977
0,62474567675963	1,13650549316406	75,6119995117188
0,625559536274523	1,13783093261719	75,7119979858398
0,626373279374093	1,13931274414063	75,8119964599609
0,627187080681324	1,14078686523438	75,9120025634766
0,628000940196216	1,14210571289063	76,0120010375977
0,628814683295786	1,14320629882813	76,1119995117188
0,629628484603018	1,14490600585938	76,2119979858398
0,63044234411791	1,14582397460938	76,3119964599609
0,63125608721748	1,14711743164063	76,4120025634766
0,632069888524711	1,14835595703125	76,5120010375977
0,632883748039603	1,14986291503906	76,6119995117188
0,633748364634812	1,1508701171875	76,7119979858398
0,634562165942043	1,15215502929688	76,8119964599609
0,635375967249274	1,15336474609375	76,9120025634766
0,636240642052144	1,154796875	77,0120010375977
0,637054443359375	1,15630480957031	77,1119995117188
0,637919118162245	1,15770153808594	77,2119979858398
0,638783734757453	1,15862585449219	77,3119964599609
0,639648409560323	1,16026184082031	77,4120025634766
0,640462210867554	1,16161010742188	77,5120010375977
0,641326885670424	1,16281713867188	77,6119995117188
0,642191560473293	1,16401110839844	77,7119979858398
0,643056235276163	1,16567517089844	77,8119964599609
0,643870036583394	1,166798828125	77,9120025634766
0,644734653178602	1,1680556640625	78,0120010375977
0,645548512693495	1,16955603027344	78,1119995117188
0,646413129288703	1,17073315429688	78,2119979858398
0,647226988803595	1,172236328125	78,3119964599609
0,648040790110826	1,17343872070313	78,4120025634766
0,648854533210397	1,17472912597656	78,5120010375977
0,649719266220927	1,17587976074219	78,6119995117188
0,650533009320498	1,17711828613281	78,7119979858398
0,65134686883539	1,17854150390625	78,8119964599609
0,652160670142621	1,1796845703125	78,9120025634766
0,652974413242191	1,18085278320313	79,0120010375977
0,653788272757083	1,18216149902344	79,1119995117188
0,654602074064314	1,18339660644531	79,2119979858398
0,655466748867184	1,18470080566406	79,3119964599609
0,656280491966754	1,18605114746094	79,4120025634766
0,657094293273985	1,18728466796875	79,5120010375977
0,657908152788877	1,18857019042969	79,6119995117188
0,658772769384086	1,18992395019531	79,7119979858398
0,659586628898978	1,19103881835938	79,8119964599609
0,660451245494187	1,19239294433594	79,9120025634766
0,661265046801418	1,19372534179688	80,0120010375977
0,662129721604288	1,19519689941406	80,1119995117188
0,662943522911519	1,19603100585938	80,2119979858398
0,663808139506727	1,19756457519531	80,3119964599609
0,66462199902162	1,19902880859375	80,4120025634766
0,665486615616828	1,20020983886719	80,5120010375977
0,66630047513172	1,20138305664063	80,6119995117188
0,667165091726929	1,20237194824219	80,7119979858398
0,667978951241821	1,20391101074219	80,8119964599609
0,66884356783703	1,20519958496094	80,9120025634766
0,669657427351922	1,20599365234375	81,0120010375977
0,670471170451492	1,20760961914063	81,1119995117188
0,671284971758723	1,20885424804688	81,2119979858398
0,672098831273615	1,20999694824219	81,3119964599609
0,672912574373186	1,21155419921875	81,4120025634766
0,673726375680417	1,21258679199219	81,5120010375977
0,674540235195309	1,21378271484375	81,6119995117188
0,675353978294879	1,21515515136719	81,7119979858398
0,67621871130541	1,2161318359375	81,8119964599609
0,67703245440498	1,21721313476563	81,9120025634766
0,677846255712211	1,21862756347656	82,0120010375977
0,678660115227103	1,21986743164063	82,1119995117188
0,679524731822312	1,22085559082031	82,2119979858398
0,680338533129543	1,22218981933594	82,3119964599609
0,681152334436774	1,22340856933594	82,4120025634766
0,682017009239644	1,22469372558594	82,5120010375977
0,682830810546875	1,22592687988281	82,6119995117188
0,683695485349745	1,22725451660156	82,7119979858398
0,684509286656976	1,22838305664063	82,8119964599609
0,685373961459845	1,22971704101563	82,9120025634766
0,686187762767076	1,23100085449219	83,0120010375977
0,687052437569946	1,2320693359375	83,1119995117188
0,687917054165155	1,2335146484375	83,2119979858398
0,688781728968024	1,23465502929688	83,3119964599609
0,689595530275255	1,23619079589844	83,4120025634766
0,690460205078125	1,23732995605469	83,5120010375977
0,691324879880995	1,23848059082031	83,6119995117188
0,692138681188226	1,23986389160156	83,7119979858398
0,692952482495457	1,24095300292969	83,8119964599609
0,693817157298326	1,24222534179688	83,9120025634766
0,694630900397897	1,24341870117188	84,0120010375977
0,695444759912789	1,24486499023438	84,1119995117188
0,69625856122002	1,24577978515625	84,2119979858398
0,69707230431959	1,24698608398438	84,3119964599609
0,697937037330121	1,24784436035156	84,4120025634766
0,698750780429691	1,24948828125	84,5120010375977
0,699564639944583	1,25089709472656	84,6119995117188
0,700378441251814	1,25229187011719	84,7119979858398
0,701192184351385	1,25290893554688	84,8119964599609
0,702006043866277	1,25434350585938	84,9120025634766
0,702870660461485	1,25531958007813	85,0120010375977
0,703684519976377	1,25674865722656	85,1119995117188
0,704549136571586	1,25799816894531	85,2119979858398
0,705362996086478	1,25905419921875	85,3119964599609
0,706176739186049	1,26027600097656	85,4120025634766
0,707041413988918	1,26120068359375	85,5120010375977
0,707855215296149	1,26288562011719	85,6119995117188
0,708719890099019	1,2640068359375	85,7119979858398
0,709584506694227	1,26527758789063	85,8119964599609
0,71039836620912	1,26627014160156	85,9120025634766
0,711262982804328	1,2677763671875	86,0120010375977
0,71207684231922	1,26882482910156	86,1119995117188
0,712941458914429	1,26983325195313	86,2119979858398
0,713755318429321	1,27121215820313	86,3119964599609
0,714569119736552	1,27217919921875	86,4120025634766
0,715382862836123	1,27384899902344	86,5120010375977
0,716196722351015	1,27531689453125	86,6119995117188
0,717061338946223	1,2756923828125	86,7119979858398
0,717875198461115	1,27726525878906	86,8119964599609
0,718688941560686	1,27825646972656	86,9120025634766
0,719502742867917	1,27950439453125	87,0120010375977
0,720316602382809	1,28084143066406	87,1119995117188
0,721130345482379	1,28181799316406	87,2119979858398
0,72194414678961	1,28296008300781	87,3119964599609
0,722758006304502	1,28406225585938	87,4120025634766
0,723571749404073	1,28550231933594	87,5120010375977
0,724385550711304	1,28639379882813	87,6119995117188
0,725199410226196	1,28735375976563	87,7119979858398
0,726064026821405	1,28906970214844	87,8119964599609
0,726877886336297	1,28983459472656	87,9120025634766
0,727691629435867	1,2910791015625	88,0120010375977
0,728556362446398	1,29263732910156	88,1119995117188
0,729370105545968	1,29344873046875	88,2119979858398
0,730234780348837	1,29447082519531	88,3119964599609
0,731048581656069	1,29622119140625	88,4120025634766
0,731913256458938	1,29677124023438	88,5120010375977
0,732727057766169	1,29798706054688	88,6119995117188
0,733591732569039	1,29936474609375	88,7119979858398
0,73440553387627	1,30037512207031	88,8119964599609
0,73527020867914	1,30163049316406	88,9120025634766
0,736134825274348	1,30296643066406	89,0120010375977
0,736999500077218	1,30400842285156	89,1119995117188
0,737813301384449	1,30505700683594	89,2119979858398
0,738677976187319	1,3061689453125	89,3119964599609
0,73949177749455	1,30771203613281	89,4120025634766
0,740305578801781	1,30870080566406	89,5120010375977
0,741170253604651	1,31002087402344	89,6119995117188
0,741984054911882	1,31127221679688	89,7119979858398
0,742797856219113	1,31265893554688	89,8119964599609
0,743662531021982	1,3132333984375	89,9120025634766
0,744476332329214	1,31467041015625	90,0120010375977
0,745290075428784	1,31569018554688	90,1119995117188
0,746103934943676	1,31661206054688	90,2119979858398
0,746968551538885	1,31795458984375	90,3119964599609
0,747782411053777	1,31909252929688	90,4120025634766
0,748596212361008	1,31979064941406	90,5120010375977
0,749460887163877	1,32142395019531	90,6119995117188
0,750274630263448	1,32261047363281	90,7119979858398
0,751088431570679	1,32341430664063	90,8119964599609
0,751953106373549	1,32467102050781	90,9120025634766
0,75276690768078	1,32579345703125	91,0120010375977
0,753631582483649	1,32689526367188	91,1119995117188
0,75444538379088	1,32816809082031	91,2119979858398
0,75531005859375	1,32897033691406	91,3119964599609
0,756123859900981	1,33025598144531	91,4120025634766
0,756988534703851	1,33143505859375	91,5120010375977
0,757802336011082	1,33290856933594	91,6119995117188
0,758616137318313	1,33387487792969	91,7119979858398
0,759480753913522	1,33477612304688	91,8119964599609
0,760294613428414	1,33591162109375	91,9120025634766
0,761108414735645	1,33685705566406	92,0120010375977
0,761973089538515	1,33823840332031	92,1119995117188
0,762786890845746	1,33936682128906	92,2119979858398
0,763600633945316	1,34020068359375	92,3119964599609
0,764414493460208	1,34153723144531	92,4120025634766
0,765228294767439	1,342470703125	92,5120010375977
0,76604203786701	1,34365490722656	92,6119995117188
0,766855897381902	1,34509802246094	92,7119979858398
0,767669698689133	1,34561218261719	92,8119964599609
0,768483441788703	1,34687939453125	92,9120025634766
0,769297301303595	1,34781616210938	93,0120010375977
0,770111102610826	1,34878454589844	93,1119995117188
0,770975777413696	1,35035693359375	93,2119979858398
0,771789578720927	1,35113232421875	93,3119964599609
0,772603321820498	1,35219360351563	93,4120025634766
0,77341718133539	1,35386962890625	93,5120010375977
0,774281797930598	1,35411157226563	93,6119995117188
0,77509565744549	1,35559875488281	93,7119979858398
0,775909400545061	1,35666552734375	93,8119964599609
0,776774133555591	1,35755859375	93,9120025634766
0,7776387501508	1,35859924316406	94,0120010375977
0,778452551458031	1,3596455078125	94,1119995117188
0,779317226260901	1,36111206054688	94,2119979858398
0,780131027568132	1,36224243164063	94,3119964599609
0,78099564416334	1,36323962402344	94,4120025634766
0,781860377173871	1,3643515625	94,5120010375977
0,78272505197674	1,36526159667969	94,6119995117188
0,783538795076311	1,36626086425781	94,7119979858398
0,784403528086841	1,36723583984375	94,8119964599609
0,785217271186411	1,36852075195313	94,9120025634766
0,786081945989281	1,36967797851563	95,0120010375977
0,786895747296512	1,37053430175781	95,1119995117188
0,787709548603743	1,37179919433594	95,2119979858398
0,788574223406613	1,37288391113281	95,3119964599609
0,789388024713844	1,373720703125	95,4120025634766
0,790201826021075	1,37483508300781	95,5120010375977
0,791015627328306	1,3757509765625	95,6119995117188
0,791880302131176	1,37693530273438	95,7119979858398
0,792694103438407	1,37800427246094	95,8119964599609
0,793507846537977	1,37897326660156	95,9120025634766
0,79432170605287	1,38030700683594	96,0120010375977
0,795135507360101	1,38084252929688	96,1119995117188
0,795949308667332	1,38208813476563	96,2119979858398
0,796813983470201	1,38299523925781	96,3119964599609
0,797627726569772	1,3841552734375	96,4120025634766
0,798492459580302	1,38520654296875	96,5120010375977
0,799306202679873	1,386220703125	96,6119995117188
0,800170877482742	1,38712866210938	96,7119979858398
0,800984678789973	1,388193359375	96,8119964599609
0,801849353592843	1,389240234375	96,9120025634766
0,802663154900074	1,39065502929688	97,0120010375977
0,803527829702944	1,39137243652344	97,1119995117188
0,804341631010175	1,39231335449219	97,2119979858398
0,805155432317406	1,39354089355469	97,3119964599609
0,806020107120276	1,39457067871094	97,4120025634766
0,806833908427507	1,39573876953125	97,5120010375977
0,807698525022715	1,39630908203125	97,6119995117188
0,808512384537607	1,39759008789063	97,7119979858398
0,809326185844839	1,39824182128906	97,8119964599609
0,810139928944409	1,39959008789063	97,9120025634766
0,810953788459301	1,40054431152344	98,0120010375977
0,811767589766532	1,40137487792969	98,1119995117188
0,812581332866102	1,40250573730469	98,2119979858398
0,813395192380995	1,40345617675781	98,3119964599609
0,814208993688226	1,40457800292969	98,4120025634766
0,815022794995457	1,4056416015625	98,5120010375977
0,815887469798326	1,40623352050781	98,6119995117188
0,816701212897897	1,40745593261719	98,7119979858398
0,817515072412789	1,40823559570313	98,8119964599609
0,81832887372002	1,40893591308594	98,9120025634766
0,81919354852289	1,41030212402344	99,0120010375977
0,820007349830121	1,41112121582031	99,1119995117188
0,82087202463299	1,41245190429688	99,2119979858398
0,821685767732561	1,41339428710938	99,3119964599609
0,822550500743091	1,41419897460938	99,4120025634766
0,823364243842661	1,41528491210938	99,5120010375977
0,824228918645531	1,41663793945313	99,6119995117188
0,825093593448401	1,41745764160156	99,7119979858398
0,82595826825127	1,41802563476563	99,8119964599609
0,82677201135084	1,41956384277344	99,9120025634766
0,827636744361371	1,42042529296875	100,012001037598
0,82850141916424	1,42115905761719	100,111999511719
0,829366035759449	1,42231823730469	100,21199798584
0,830179895274341	1,42346264648438	100,311996459961
0,83104451186955	1,42479028320313	100,412002563477
0,831858313176781	1,42522119140625	100,512001037598
0,832672114484012	1,42605200195313	100,611999511719
0,833536789286882	1,4270908203125	100,71199798584
0,834350590594113	1,42868981933594	100,811996459961
0,835164391901344	1,42961767578125	100,912002563477
0,835978193208575	1,43003161621094	101,012001037598
0,836791994515806	1,43067907714844	101,111999511719
0,837605795823038	1,43174682617188	101,21199798584
0,838470470625907	1,43263916015625	101,311996459961
0,839284213725477	1,43332568359375	101,412002563477
0,84009807324037	1,43432727050781	101,512001037598
0,840911874547601	1,43556359863281	101,611999511719
0,84177654935047	1,43646374511719	101,71199798584
0,842590350657701	1,43760192871094	101,811996459961
0,843404093757272	1,43807641601563	101,912002563477
0,844217953272164	1,4391640625	102,012001037598
0,845082569867373	1,43995812988281	102,111999511719
0,845896429382265	1,44080065917969	102,21199798584
0,846761045977473	1,44180310058594	102,311996459961
0,847574905492365	1,44265930175781	102,412002563477
0,848388648591936	1,44348876953125	102,512001037598
0,849253381602466	1,44449096679688	102,611999511719
0,850067124702036	1,44535510253906	102,71199798584
0,850931799504906	1,44614453125	102,811996459961
0,851745600812137	1,44710571289063	102,912002563477
0,852559402119368	1,44807446289063	103,012001037598
0,853424076922238	1,4490234375	103,111999511719
0,854237878229469	1,44972436523438	103,21199798584
0,8550516795367	1,45071691894531	103,311996459961
0,855865480843931	1,45163012695313	103,412002563477
0,856679282151163	1,45258679199219	103,512001037598
0,857493083458394	1,45335852050781	103,611999511719
0,858306884765625	1,45430249023438	103,71199798584
0,859120686072856	1,45480676269531	103,811996459961
0,859934487380087	1,45615087890625	103,912002563477
0,860748288687319	1,45670629882813	104,012001037598
0,86156208999455	1,45746691894531	104,111999511719
0,862426764797419	1,45833996582031	104,21199798584
0,863240566104651	1,45917663574219	104,311996459961
0,864054367411882	1,45987353515625	104,412002563477
0,864868168719113	1,460552734375	104,512001037598
0,865681970026344	1,46159643554688	104,611999511719
0,866546644829214	1,46259558105469	104,71199798584
0,867360387928784	1,46331994628906	104,811996459961
0,868225120939314	1,46405725097656	104,912002563477
0,869038864038885	1,46504992675781	105,012001037598
0,869903538841754	1,46580810546875	105,111999511719
0,870768271852285	1,46680859375	105,21199798584
0,871582014951855	1,46764099121094	105,311996459961
0,872446689754725	1,46820776367188	105,412002563477
0,873311364557594	1,46910461425781	105,512001037598
0,874125165864825	1,47015576171875	105,611999511719
0,874989782460034	1,47103723144531	105,71199798584
0,875854515470564	1,47170056152344	105,811996459961
0,876668258570135	1,47281799316406	105,912002563477
0,877532933373004	1,47365588378906	106,012001037598
0,878346734680235	1,47433227539063	106,111999511719
0,879160594195127	1,47492919921875	106,21199798584
0,880025210790336	1,47595715332031	106,311996459961
0,880839070305228	1,476712890625	106,412002563477
0,881652813404799	1,47744262695313	106,512001037598
0,88246661471203	1,47822570800781	106,611999511719
0,883280474226922	1,47911730957031	106,71199798584
0,884094217326492	1,47958093261719	106,811996459961
0,884958950337023	1,48053479003906	106,912002563477
0,885772693436593	1,481455078125	107,012001037598
0,886586494743824	1,48207446289063	107,111999511719
0,887451169546694	1,48268566894531	107,21199798584
0,888264970853925	1,48379406738281	107,311996459961
0,889078772161156	1,48432458496094	107,412002563477
0,889943446964026	1,48549230957031	107,512001037598
0,890757248271257	1,4858203125	107,611999511719
0,891571049578488	1,48656640625	107,71199798584
0,892435724381357	1,48707861328125	107,811996459961
0,893249525688589	1,48788977050781	107,912002563477
0,894114200491458	1,48818017578125	108,012001037598
0,894928001798689	1,48875659179688	108,111999511719
0,895792676601559	1,48927770996094	108,21199798584
0,896606419701129	1,48976159667969	108,311996459961
0,89747115271166	1,48942041015625	108,412002563477
0,898335769306868	1,48831616210938	108,512001037598
0,8991495706141	1,48763610839844	108,611999511719
0,900014245416969	1,48718798828125	108,71199798584
0,9008280467242	1,48669140625	108,811996459961
0,901641848031431	1,48560681152344	108,912002563477
0,902455649338663	1,48437963867188	109,012001037598
0,903269450645894	1,48171240234375	109,111999511719
0,905405671801418	-0,0709458694458008	109,161003112793
