File Path: D:\Ensayos Víctor\Fase III\Virgen\vertical\Test Run 6 16-05-2019 12 17 53\DAQ- Crosshead; … - (Timed).txt   
Test: ENSAYOS TRACCION PLA 3
Test Run: Test Run 6
Date: 16/05/2019 12:14:52


Crosshead 	Load 	Time 
mm	kN	sec
0,000203450511548908	0,058906120300293	0,111000001430511
0,00055948896715563	0,0589420166015625	0,210999995470047
0,00101725254353369	0,0589555511474609	0,310999989509583
0,00172932948316884	0,0591100654602051	0,41100001335144
0,00223795586862252	0,0591654167175293	0,510999977588654
0,00269571955868742	0,0590138168334961	0,611000001430511
0,00315348324875231	0,0592246551513672	0,711000025272369
0,00361124671144353	0,0592303619384766	0,810999989509583
0,00411987321058405	0,0593983116149902	0,91100001335144
0,00473022464575479	0,059351863861084	1,0110000371933
0,00539143911737483	0,0594390258789063	1,11099994182587
0,00615437829765142	0,0597393569946289	1,21099996566772
0,00696818005962996	0,0597093391418457	1,31099998950958
0,00778198227635585	0,0600305824279785	1,41100001335144
0,00864664707478369	0,0600071640014648	1,5110000371933
0,00946044929150958	0,0603347015380859	1,61099994182587
0,0103251140899374	0,0607922286987305	1,71099996566772
0,0111389163066633	0,060767448425293	1,81099998950958
0,0120035811050911	0,0612513771057129	1,91100001335144
0,0128682449940243	0,0614439582824707	2,01099991798401
0,0136820481202449	0,0622018928527832	2,11100006103516
0,014546712009178	0,0626008453369141	2,21099996566772
0,0153605142259039	0,0628330917358398	2,31100010871887
0,0162251799338264	0,062973804473877	2,41100001335144
0,0170389812410576	0,0632720985412598	2,51099991798401
0,0179036469489802	0,0635947532653809	2,61100006103516
0,018717446437222	0,0635364418029785	2,71099996566772
0,0195312495634425	0,0637988166809082	2,81100010871887
0,0203450526896631	0,0638692474365234	2,91100001335144
0,0211588539968943	0,0638857421875	3,01099991798401
0,0219726571231149	0,0642294158935547	3,11100006103516
0,0227864584303461	0,064186767578125	3,21099996566772
0,0236511223192792	0,0642021560668945	3,31100010871887
0,0244649254454998	0,0645194320678711	3,41100001335144
0,025278726752731	0,0647917098999023	3,51099991798401
0,0260925298789516	0,0649555740356445	3,61100006103516
0,0269063311861828	0,0651487884521484	3,71099996566772
0,027720132493414	0,0653320007324219	3,81100010871887
0,0285847982013365	0,0655963745117188	3,91100001335144
0,0293985995085677	0,0655845718383789	4,01100015640259
0,0302124026347883	0,0659494857788086	4,11100006103516
0,0310770665237214	0,065938117980957	4,21099996566772
0,0318908678309526	0,0663751373291016	4,31099987030029
0,0327555353578646	0,0665244674682617	4,41099977493286
0,0335693366650958	0,066811279296875	4,51100015640259
0,0344340005540289	0,0670689544677734	4,61100006103516
0,035298664442962	0,0670114288330078	4,71099996566772
0,036112469388172	0,0670444107055664	4,81099987030029
0,0369771296391264	0,0675645523071289	4,91099977493286
0,0378417971660383	0,0678473434448242	5,01100015640259
0,0387064610549714	0,0681529312133789	5,11100006103516
0,0395711249439046	0,0680665130615234	5,21099996566772
0,0403849298891146	0,0683827743530273	5,31099987030029
0,0412495901400689	0,0686529846191406	5,41099977493286
0,0421142576669808	0,0687047958374023	5,51100015640259
0,042928058974212	0,0692289199829102	5,61100006103516
0,043741863919422	0,0693212509155273	5,71099996566772
0,0446065241703764	0,0694847106933594	5,81099987030029
0,0454203291155864	0,0693697662353516	5,91099977493286
0,0462341304228175	0,0700932769775391	6,01100015640259
0,0470987979497295	0,0702909545898438	6,11100006103516
0,0479125992569607	0,0707306900024414	6,21099996566772
0,0487263969262131	0,0709581298828125	6,31099987030029
0,049591064453125	0,0710465698242188	6,41099977493286
0,0504048657603562	0,0717542495727539	6,51100015640259
0,0512186707055662	0,0723327560424805	6,61100006103516
0,0520833309565205	0,0724559478759766	6,71099996566772
0,0528971359017305	0,0734535903930664	6,81099987030029
0,0537617997906636	0,0740759048461914	6,91099977493286
0,0545756047358736	0,0748163375854492	7,01100015640259
0,055440264986828	0,07547412109375	7,11100006103516
0,056254069932038	0,0759778060913086	7,21099996566772
0,0571187338209711	0,0769000549316406	7,31099987030029
0,0579833977099042	0,0774799652099609	7,41099977493286
0,0587971990171354	0,0781753387451172	7,51100015640259
0,0596618665440474	0,0794938507080078	7,61100006103516
0,0604756678512786	0,0796342544555664	7,71099996566772
0,0613403317402117	0,0808425903320313	7,81099987030029
0,0622049992671236	0,0821866607666016	7,91099977493286
0,0630188005743548	0,0833620071411133	8,01099967956543
0,0638834608253092	0,084574462890625	8,11100006103516
0,0646972621325403	0,0856314926147461	8,21100044250488
0,0655110707157291	0,0869373016357422	8,31099987030029
0,0663248647470027	0,0880996856689453	8,41100025177002
0,0671386733301915	0,0890745468139648	8,51099967956543
0,0679524746374227	0,0905860900878906	8,61100006103516
0,0687662759446539	0,0919494171142578	8,71100044250488
0,0695800772518851	0,0926843338012695	8,81099987030029
0,0704447375028394	0,0940167236328125	8,91100025177002
0,0712585460860282	0,0949369812011719	9,01099967956543
0,0720723473932594	0,0960891876220703	9,11100006103516
0,0728861487004906	0,0976352996826172	9,21100044250488
0,0736999500077218	0,0984977874755859	9,31099987030029
0,0745646102586761	0,099469612121582	9,41100025177002
0,0753784188418649	0,100678604125977	9,51099967956543
0,0762430790928192	0,10171272277832	9,61100006103516
0,077056887676008	0,102902732849121	9,71100044250488
0,0779215479269624	0,104069007873535	9,81099987030029
0,0787353492341936	0,105196380615234	9,91100025177002
0,0796000167611055	0,10632608795166	10,0109996795654
0,0804138180683367	0,107295997619629	10,1110000610352
0,081278478319291	0,108548431396484	10,2110004425049
0,0821431531221606	0,10973802947998	10,3109998703003
0,0829569471534342	0,110565696716309	10,41100025177
0,0838216146803461	0,111468101501465	10,5109996795654
0,084686282207258	0,113007354736328	10,6110000610352
0,0855000835144892	0,113983337402344	10,7110004425049
0,0863647437654436	0,114906578063965	10,8109998703003
0,0871785523486324	0,116000869750977	10,91100025177
0,0880432125995867	0,116811553955078	11,0109996795654
0,0888570139068179	0,117586814880371	11,1110000610352
0,0896708152140491	0,118468048095703	11,2110004425049
0,090535482740961	0,118927177429199	11,3109998703003
0,0913492840481922	0,119641487121582	11,41100025177
0,0921630853554234	0,120190811157227	11,5109996795654
0,0929768939386122	0,120625549316406	11,6110000610352
0,0938415541895665	0,121558860778809	11,7110004425049
0,0946553554967977	0,122477462768555	11,8109998703003
0,0954691568040289	0,123117393493652	11,91100025177
0,0962829581112601	0,123834838867188	12,0109996795654
0,0971476183622144	0,124730491638184	12,1110000610352
0,0979614269454032	0,125684303283691	12,2110004425049
0,0987752282526344	0,126428596496582	12,3109998703003
0,0996398957795464	0,127505561828613	12,41100025177
0,100453697086778	0,128408416748047	12,5109996795654
0,101318357337732	0,129947647094727	12,6110000610352
0,102183024864644	0,130065399169922	12,7110004425049
0,102996826171875	0,13132991027832	12,8109998703003
0,103861486422829	0,132029022216797	12,91100025177
0,104726161225699	0,133337600708008	13,0109996795654
0,105539955256972	0,134210632324219	13,1110000610352
0,106404622783884	0,135307098388672	13,2110004425049
0,107218424091116	0,136660369873047	13,3109998703003
0,108083091618028	0,137776504516602	13,41100025177
0,108896885649301	0,139053253173828	13,5109996795654
0,109761560452171	0,140275268554688	13,6110000610352
0,110575354483444	0,141563110351563	13,7110004425049
0,111389163066633	0,142787582397461	13,8109998703003
0,112202964373864	0,143893096923828	13,91100025177
0,113067624624819	0,145298141479492	14,0109996795654
0,113881433208007	0,146342834472656	14,1110000610352
0,114695227239281	0,147281158447266	14,2110004425049
0,11550903582247	0,148928451538086	14,3109998703003
0,116322837129701	0,150073089599609	14,41100025177
0,117136638436932	0,151405227661133	14,5109996795654
0,117950439744163	0,152393859863281	14,6110000610352
0,118764241051394	0,153521331787109	14,7110004425049
0,119578042358626	0,154658554077148	14,8109998703003
0,120442709885538	0,155563430786133	14,91100025177
0,121256511192769	0,156785568237305	15,0109996795654
0,1220703125	0,158303634643555	15,1110000610352
0,122934972750954	0,159506408691406	15,2110004425049
0,123748774058186	0,161179611206055	15,3109998703003
0,12461343430914	0,162217788696289	15,41100025177
0,125427250168286	0,163881011962891	15,5109996795654
0,126291910419241	0,165494003295898	15,6110000610352
0,127105711726472	0,166728485107422	15,7110004425049
0,127970386529341	0,16839533996582	15,8109998703003
0,128784173284657	0,169743270874023	15,91100025177
0,129648848087527	0,171244476318359	16,0109996795654
0,130513508338481	0,172627853393555	16,1110000610352
0,131378168589436	0,174310028076172	16,2110004425049
0,132191969896667	0,175792266845703	16,3110008239746
0,133056644699536	0,177112533569336	16,4109992980957
0,133870431454852	0,178343063354492	16,5109996795654
0,134735106257722	0,180232208251953	16,6110000610352
0,135548907564953	0,181538024902344	16,7110004425049
0,136413567815907	0,182859878540039	16,8110008239746
0,137227369123138	0,184443984985352	16,9109992980957
0,138041184982285	0,185884613037109	17,0109996795654
0,138854986289516	0,187299468994141	17,1110000610352
0,13971964654047	0,188798919677734	17,2110004425049
0,140533447847702	0,190258438110352	17,3110008239746
0,141347249154933	0,191778961181641	17,4109992980957
0,142161050462164	0,193006500244141	17,5109996795654
0,143025710713118	0,194547760009766	17,6110000610352
0,143839526572265	0,195726303100586	17,7110004425049
0,144653313327581	0,197591857910156	17,8110008239746
0,145467114634812	0,198869995117188	17,9109992980957
0,146331789437681	0,200204467773438	18,0109996795654
0,147145590744913	0,201743438720703	18,1110000610352
0,148010250995867	0,203654922485352	18,2110004425049
0,148824052303098	0,204892913818359	18,3110008239746
0,149688727105968	0,206408966064453	18,4109992980957
0,150502513861284	0,207728408813477	18,5109996795654
0,151367188664153	0,209316177368164	18,6110000610352
0,152180989971384	0,210800750732422	18,7110004425049
0,153045650222339	0,212113998413086	18,8110008239746
0,15385945152957	0,213919006347656	18,9109992980957
0,154724126332439	0,21572868347168	19,0109996795654
0,155537913087755	0,217100723266602	19,1110000610352
0,156351728946902	0,218430282592773	19,2110004425049
0,157216389197856	0,219916320800781	19,3110008239746
0,158030190505087	0,221896591186523	19,4109992980957
0,158843991812319	0,223224990844727	19,5109996795654
0,15965779311955	0,224678634643555	19,6110000610352
0,160471608978696	0,226285629272461	19,7110004425049
0,161285395734012	0,227717330932617	19,8110008239746
0,162099197041243	0,229932174682617	19,9109992980957
0,16291301290039	0,230504409790039	20,0109996795654
0,163726799655706	0,232296539306641	20,1110000610352
0,164540600962937	0,233686218261719	20,2110004425049
0,165405275765806	0,2353486328125	20,3110008239746
0,166219077073038	0,236951309204102	20,4109992980957
0,167032878380269	0,238172515869141	20,5109996795654
0,1678466796875	0,239707565307617	20,6110000610352
0,16871135449037	0,241305541992188	20,7110004425049
0,169525141245686	0,242972122192383	20,8110008239746
0,170338942552917	0,244407867431641	20,9109992980957
0,171203617355786	0,246417449951172	21,0109996795654
0,172017404111102	0,24743733215332	21,1110000610352
0,172882078913972	0,249132705688477	21,2110004425049
0,173695880221203	0,250795379638672	21,3110008239746
0,174560540472157	0,252247207641602	21,4109992980957
0,175425215275027	0,253685546875	21,5109996795654
0,176239016582258	0,255198791503906	21,6110000610352
0,177103676833212	0,257138946533203	21,7110004425049
0,177968337084167	0,258811737060547	21,8110008239746
0,178833011887036	0,260420806884766	21,9109992980957
0,179646798642352	0,261958099365234	22,0109996795654
0,180511473445222	0,263400024414063	22,1110000610352
0,181325274752453	0,265035675048828	22,2110004425049
0,182139090611599	0,266552490234375	22,3110008239746
0,183003736310638	0,267988861083984	22,4109992980957
0,183817552169785	0,27011083984375	22,5109996795654
0,184631353477016	0,271629089355469	22,6110000610352
0,185445140232332	0,273136291503906	22,7110004425049
0,186309815035202	0,274871398925781	22,8110008239746
0,187123616342433	0,275990264892578	22,9109992980957
0,187937417649664	0,277945892333984	23,0109996795654
0,188802077900618	0,279314331054688	23,1110000610352
0,189615893759765	0,281020629882813	23,2110004425049
0,190429680515081	0,282419006347656	23,3110008239746
0,191243481822312	0,284184234619141	23,4109992980957
0,192108156625181	0,285665435791016	23,5109996795654
0,192921957932413	0,287098114013672	23,6110000610352
0,193786618183367	0,288967895507813	23,7110004425049
0,194600419490598	0,29051806640625	23,8110008239746
0,195465094293468	0,292046508789063	23,9109992980957
0,196278881048784	0,293621337890625	24,0109996795654
0,197143555851653	0,295023651123047	24,1110000610352
0,197957357158884	0,297023864746094	24,2110004425049
0,198771158466116	0,298470123291016	24,3110008239746
0,19963581871707	0,300393768310547	24,4109992980957
0,200500493519939	0,301428497314453	24,5109996795654
0,201314280275255	0,303322143554688	24,6110000610352
0,202128096134402	0,304999786376953	24,7110004425049
0,202992756385356	0,306318145751953	24,8110008239746
0,203806557692587	0,307783203125	24,9109992980957
0,204620358999819	0,309749694824219	25,0109996795654
0,20543416030705	0,310861175537109	25,1110000610352
0,206247976166196	0,312630859375	25,2110004425049
0,207061762921512	0,314269439697266	25,3110008239746
0,207875564228743	0,315959503173828	25,4109992980957
0,20868938008789	0,317293670654297	25,5109996795654
0,209503166843206	0,319019897460938	25,6110000610352
0,210316968150437	0,3206162109375	25,7110004425049
0,211130784009583	0,322695587158203	25,8110008239746
0,211995444260538	0,323427673339844	25,9109992980957
0,212809245567769	0,325406707763672	26,0109996795654
0,213623046875	0,326645812988281	26,1110000610352
0,21448772167787	0,328406677246094	26,2110004425049
0,215301508433186	0,330053955078125	26,3110008239746
0,216115309740417	0,331808013916016	26,4109992980957
0,216979984543286	0,333401763916016	26,5109996795654
0,217844644794241	0,335197998046875	26,6110000610352
0,218658446101472	0,3364130859375	26,7110004425049
0,219523120904341	0,337885620117188	26,8110008239746
0,220336907659657	0,339702484130859	26,9109992980957
0,221201582462527	0,341183532714844	27,0109996795654
0,222066242713481	0,343061706542969	27,1110000610352
0,222880044020712	0,344783081054688	27,2110004425049
0,223744704271667	0,346199462890625	27,3110008239746
0,224609379074536	0,348183410644531	27,4109992980957
0,225423165829852	0,349543243408203	27,5109996795654
0,226287840632722	0,351107666015625	27,6110000610352
0,227101641939953	0,353063842773438	27,7110004425049
0,227966302190907	0,354506408691406	27,8110008239746
0,228780103498138	0,356439117431641	27,9109992980957
0,229593919357285	0,357721343994141	28,0109996795654
0,230407720664516	0,359413055419922	28,1110000610352
0,231221507419832	0,360788391113281	28,2110004425049
0,232035323278978	0,362457824707031	28,3110008239746
0,232899983529933	0,363878936767578	28,4109992980957
0,233713784837164	0,365764953613281	28,5109996795654
0,234527586144395	0,367270202636719	28,6110000610352
0,235341387451626	0,368864105224609	28,7110004425049
0,236206047702581	0,370337982177734	28,8110008239746
0,237019849009812	0,371959716796875	28,9109992980957
0,237833664868958	0,373368286132813	29,0109996795654
0,238698325119913	0,3750078125	29,1110000610352
0,239512126427144	0,376675445556641	29,2110004425049
0,240325927734375	0,3785185546875	29,3110008239746
0,241190602537245	0,380022003173828	29,4109992980957
0,242004389292561	0,381781799316406	29,5109996795654
0,24286906409543	0,382973327636719	29,6110000610352
0,243682865402661	0,384900665283203	29,7110004425049
0,244547525653616	0,3863837890625	29,8110008239746
0,245412171352655	0,388255126953125	29,9109992980957
0,246226001763716	0,389821746826172	30,0109996795654
0,247090647462755	0,391430786132813	30,1110000610352
0,247904477873817	0,393318389892578	30,2110004425049
0,248769123572856	0,394467163085938	30,3110008239746
0,249582924880087	0,396300445556641	30,4109992980957
0,250396726187319	0,39818017578125	30,5109996795654
0,25121052749455	0,399598663330078	30,6110000610352
0,252024328801781	0,401434356689453	30,7110004425049
0,252838130109012	0,402873504638672	30,8110008239746
0,253651960520074	0,404493865966797	30,9109992980957
0,254465732723475	0,4059521484375	31,0109996795654
0,255330407526344	0,407920959472656	31,1110000610352
0,256144208833575	0,409002349853516	31,2110004425049
0,256958010140806	0,410627838134766	31,3110008239746
0,257771811448038	0,412178344726563	31,4109992980957
0,258585612755269	0,413941253662109	31,5109996795654
0,259450287558138	0,415958312988281	31,6110000610352
0,260264059761539	0,416988128662109	31,7110004425049
0,261077890172601	0,418843078613281	31,8110008239746
0,26194253587164	0,420608184814453	31,9109992980957
0,262756337178871	0,422128082275391	32,0110015869141
0,263621011981741	0,423930053710938	32,1110000610352
0,264434813288972	0,425266571044922	32,2109985351563
0,265299458988011	0,427319213867188	32,3110008239746
0,266113289399073	0,428484985351563	32,4109992980957
0,266977935098112	0,430039276123047	32,5110015869141
0,267842609900981	0,431787322998047	32,6110000610352
0,268656411208212	0,433402709960938	32,7109985351563
0,269521086011082	0,435268341064453	32,8110008239746
0,270385731710121	0,436898895263672	32,9109992980957
0,271199562121183	0,438523712158203	33,0110015869141
0,272064207820222	0,440128387451172	33,1110000610352
0,272878009127453	0,44151611328125	33,2109985351563
0,273691810434684	0,443372222900391	33,3110008239746
0,274556485237554	0,445071380615234	33,4109992980957
0,275370257440954	0,447050231933594	33,5110015869141
0,276184087852016	0,448139862060547	33,6110000610352
0,276997889159247	0,449939117431641	33,7109985351563
0,277862534858286	0,451353973388672	33,8110008239746
0,278676365269348	0,452943511962891	33,9109992980957
0,279490137472749	0,454921813964844	34,0110015869141
0,28030396788381	0,456483581542969	34,1110000610352
0,281117769191042	0,457991943359375	34,2109985351563
0,281982414890081	0,459362823486328	34,3110008239746
0,282796245301142	0,461122680664063	34,4109992980957
0,283660891000181	0,462676300048828	34,5110015869141
0,284474692307413	0,464150604248047	34,6110000610352
0,285288493614644	0,465757781982422	34,7109985351563
0,286153168417513	0,468036743164063	34,8110008239746
0,286966940620914	0,469185791015625	34,9109992980957
0,287831644527614	0,470633087158203	35,0110015869141
0,288645416731015	0,472765655517578	35,1110000610352
0,289510091533884	0,473795715332031	35,2109985351563
0,290374766336754	0,47564453125	35,3110008239746
0,291188567643985	0,477378601074219	35,4109992980957
0,292053213343024	0,479085693359375	35,5110015869141
0,292867043754086	0,480440338134766	35,6110000610352
0,293680815957487	0,48199755859375	35,7109985351563
0,294545490760356	0,483814483642578	35,8110008239746
0,295359292067587	0,485324096679688	35,9109992980957
0,296173093374819	0,486827545166016	36,0110015869141
0,29698689468205	0,488514221191406	36,1110000610352
0,297800695989281	0,490004913330078	36,2109985351563
0,298614497296512	0,491854400634766	36,3110008239746
0,299428327707574	0,493102203369141	36,4109992980957
0,300242099910975	0,494837310791016	36,5110015869141
0,301055901218206	0,496340515136719	36,6110000610352
0,301869731629267	0,497937377929688	36,7109985351563
0,302734377328306	0,499713897705078	36,8110008239746
0,303548178635538	0,501324371337891	36,9109992980957
0,304361979942769	0,502597381591797	37,0110015869141
0,30517578125	0,504229461669922	37,1110000610352
0,305989582557231	0,505813812255859	37,2109985351563
0,306854257360101	0,507509399414063	37,3110008239746
0,307668058667332	0,509508026123047	37,4109992980957
0,308481830870733	0,510537292480469	37,5110015869141
0,309346534777433	0,512327819824219	37,6110000610352
0,310160306980833	0,514035461425781	37,7109985351563
0,310974108288065	0,515791198730469	37,8110008239746
0,311838783090934	0,5171689453125	37,9109992980957
0,312652584398165	0,518900634765625	38,0110015869141
0,313517230097204	0,520523132324219	38,1110000610352
0,314381934003904	0,521926452636719	38,2109985351563
0,315195706207305	0,523708801269531	38,3110008239746
0,316060381010175	0,525316772460938	38,4109992980957
0,316925055813044	0,527114013671875	38,5110015869141
0,317738857120276	0,528535034179688	38,6110000610352
0,318603502819315	0,530305419921875	38,7109985351563
0,319417333230376	0,531966613769531	38,8110008239746
0,320281978929415	0,533453430175781	38,9109992980957
0,321095780236647	0,535092163085938	39,0110015869141
0,321960455039516	0,536802612304688	39,1110000610352
0,322774256346747	0,538447998046875	39,2109985351563
0,323588057653978	0,540012329101563	39,3110008239746
0,324452732456848	0,541379211425781	39,4109992980957
0,325266504660249	0,543212341308594	39,5110015869141
0,32608033507131	0,544671142578125	39,6110000610352
0,326894136378542	0,54627294921875	39,7109985351563
0,327758782077581	0,547787170410156	39,8110008239746
0,328572612488642	0,549352233886719	39,9109992980957
0,329386384692043	0,550893005371094	40,0110015869141
0,330200185999274	0,552820617675781	40,1110000610352
0,331064860802144	0,554215270996094	40,2109985351563
0,331878662109375	0,55576513671875	40,3110008239746
0,332692463416606	0,557435363769531	40,4109992980957
0,333557138219476	0,558932373046875	40,5110015869141
0,334370939526707	0,560585327148438	40,6110000610352
0,335235585225746	0,562356140136719	40,7109985351563
0,336049415636808	0,563700866699219	40,8110008239746
0,336914061335847	0,565421630859375	40,9109992980957
0,337727862643078	0,567085205078125	41,0110015869141
0,338592537445948	0,568674621582031	41,1110000610352
0,339406338753179	0,570336181640625	41,2109985351563
0,340270984452218	0,5719990234375	41,3110008239746
0,341084814863279	0,573549987792969	41,4109992980957
0,34189858706668	0,57513671875	41,5110015869141
0,342712388373911	0,576638427734375	41,6110000610352
0,343577063176781	0,578357238769531	41,7109985351563
0,344390864484012	0,579783508300781	41,8110008239746
0,345204694895074	0,581370483398438	41,9109992980957
0,346018467098475	0,582851379394531	42,0110015869141
0,346832268405706	0,584513305664063	42,1110000610352
0,347646098816767	0,586069213867188	42,2109985351563
0,348459871020168	0,587517578125	42,3110008239746
0,349273672327399	0,589110229492188	42,4109992980957
0,350087502738461	0,590908081054688	42,5110015869141
0,350901274941862	0,592388244628906	42,6110000610352
0,351715076249093	0,593913635253906	42,7109985351563
0,352579751051962	0,59557568359375	42,8110008239746
0,353393552359194	0,5972587890625	42,9109992980957
0,354207353666425	0,598898620605469	43,0110015869141
0,355072028469294	0,600504821777344	43,1110000610352
0,355936674168333	0,601894592285156	43,2109985351563
0,356750475475565	0,603571594238281	43,3110008239746
0,357564305886626	0,6052197265625	43,4109992980957
0,358428951585665	0,606776123046875	43,5110015869141
0,359293597284704	0,608472412109375	43,6110000610352
0,360107427695766	0,609928039550781	43,7109985351563
0,360972073394805	0,611701477050781	43,8110008239746
0,361836748197675	0,613232055664063	43,9109992980957
0,362701423000544	0,614873901367188	44,0110015869141
0,363515224307776	0,616526062011719	44,1110000610352
0,364379870006815	0,618195556640625	44,2109985351563
0,365193700417876	0,619790771484375	44,3110008239746
0,366058346116915	0,621475524902344	44,4109992980957
0,366872147424147	0,623012939453125	44,5110015869141
0,367685948731378	0,624556762695313	44,6110000610352
0,368550623534247	0,626126892089844	44,7109985351563
0,369364424841478	0,627685729980469	44,8110008239746
0,37017822614871	0,629127136230469	44,9109992980957
0,370992027455941	0,6310107421875	45,0110015869141
0,371805828763172	0,632495361328125	45,1110000610352
0,372670503566042	0,634258972167969	45,2109985351563
0,373484275769442	0,635541198730469	45,3110008239746
0,374298106180504	0,637191162109375	45,4109992980957
0,375111907487735	0,638877014160156	45,5110015869141
0,375976553186774	0,640322631835938	45,6110000610352
0,376790383597836	0,6417939453125	45,7109985351563
0,377655029296875	0,643449096679688	45,8110008239746
0,378468830604106	0,645066833496094	45,9109992980957
0,379282631911337	0,646687072753906	46,0110015869141
0,380147306714207	0,648047119140625	46,1110000610352
0,380961078917608	0,649724365234375	46,2109985351563
0,381825782824308	0,651583374023438	46,3110008239746
0,382639555027708	0,6530830078125	46,4109992980957
0,383504229830578	0,654648315429688	46,5110015869141
0,384318031137809	0,655902709960938	46,6110000610352
0,385182705940679	0,657681335449219	46,7109985351563
0,385996478144079	0,659350341796875	46,8110008239746
0,386861182050779	0,66062060546875	46,9109992980957
0,38767495425418	0,662110229492188	47,0110015869141
0,388488755561411	0,664158386230469	47,1110000610352
0,389302585972473	0,66577197265625	47,2109985351563
0,390116358175874	0,667363098144531	47,3110008239746
0,390930188586935	0,6686513671875	47,4109992980957
0,391743989894167	0,670235961914063	47,5110015869141
0,392557762097567	0,671925903320313	47,6110000610352
0,393422466004267	0,673326721191406	47,7109985351563
0,394236238207668	0,674978637695313	47,8110008239746
0,395050039514899	0,676598388671875	47,9109992980957
0,395863869925961	0,67784130859375	48,0110015869141
0,396677642129362	0,67956982421875	48,1110000610352
0,397542316932231	0,681146606445313	48,2109985351563
0,398356118239462	0,6827314453125	48,3110008239746
0,399169919546694	0,68445458984375	48,4109992980957
0,399983720853925	0,685784851074219	48,5110015869141
0,400848395656794	0,687461730957031	48,6110000610352
0,401662196964026	0,688902160644531	48,7109985351563
0,402526842663065	0,690771728515625	48,8110008239746
0,403340673074126	0,692222900390625	48,9109992980957
0,404205318773165	0,69375537109375	49,0110015869141
0,405019120080397	0,695195129394531	49,1110000610352
0,405883794883266	0,696748413085938	49,2109985351563
0,406697596190497	0,698458557128906	49,3110008239746
0,407562241889536	0,700297302246094	49,4109992980957
0,408426916692406	0,701638854980469	49,5110015869141
0,409240717999637	0,703221740722656	49,6110000610352
0,410105363698676	0,704853088378906	49,7109985351563
0,410919194109738	0,707067565917969	49,8110008239746
0,411783839808777	0,708030517578125	49,9109992980957
0,412597670219839	0,709457885742188	50,0110015869141
0,413462315918878	0,7111552734375	50,1110000610352
0,414276117226109	0,712530151367188	50,2109985351563
0,415089947637171	0,714243957519531	50,3110008239746
0,415903719840571	0,715647155761719	50,4109992980957
0,416717521147802	0,71731884765625	50,5110015869141
0,417582195950672	0,718827453613281	50,6110000610352
0,418395997257903	0,720375549316406	50,7109985351563
0,419209798565134	0,721908569335938	50,8110008239746
0,420023599872366	0,723770263671875	50,9109992980957
0,420888274675235	0,724658874511719	51,0110015869141
0,421702046878636	0,726720031738281	51,1110000610352
0,422515877289698	0,727989135742188	51,2109985351563
0,423329678596929	0,729579711914063	51,3110008239746
0,424194324295968	0,731551879882813	51,4109992980957
0,425008154707029	0,73254443359375	51,5110015869141
0,425872800406069	0,734376098632813	51,6110000610352
0,4266866017133	0,735743835449219	51,7109985351563
0,427551276516169	0,737111999511719	51,8110008239746
0,428365077823401	0,739124633789063	51,9109992980957
0,42922972352244	0,740466735839844	52,0110015869141
0,430043553933501	0,742196166992188	52,1110000610352
0,43090819963254	0,743610961914063	52,2109985351563
0,431722000939772	0,745066040039063	52,3110008239746
0,432586675742641	0,746926635742188	52,4109992980957
0,433400477049872	0,748241455078125	52,5110015869141
0,434214278357103	0,749815185546875	52,6110000610352
0,435078953159973	0,7513408203125	52,7109985351563
0,435892725363374	0,7529619140625	52,8110008239746
0,436706555774435	0,754455749511719	52,9109992980957
0,437520357081667	0,755898315429688	53,0110015869141
0,438334129285067	0,757466186523438	53,1110000610352
0,439147959696129	0,758782775878906	53,2109985351563
0,43996176100336	0,760363647460938	53,3110008239746
0,440775533206761	0,761917053222656	53,4109992980957
0,441589363617823	0,763348388671875	53,5110015869141
0,442403164925054	0,764682495117188	53,6110000610352
0,443216937128454	0,766321166992188	53,7109985351563
0,444030767539516	0,767732055664063	53,8110008239746
0,444844568846747	0,769197692871094	53,9109992980957
0,445658370153978	0,771032104492188	54,0110015869141
0,446523044956848	0,772632263183594	54,1110000610352
0,447336817160249	0,773784484863281	54,2109985351563
0,44815064757131	0,77558349609375	54,3110008239746
0,44901529327035	0,776930908203125	54,4109992980957
0,449829094577581	0,778347106933594	54,5110015869141
0,45069376938045	0,780120056152344	54,6110000610352
0,451507570687681	0,781664855957031	54,7109985351563
0,452372216386721	0,783183959960938	54,8110008239746
0,453236920293421	0,78439453125	54,9109992980957
0,454050692496821	0,785550109863281	55,0110015869141
0,454915367299691	0,787819458007813	55,1110000610352
0,45578004210256	0,789097473144531	55,2109985351563
0,456593843409792	0,790465209960938	55,3110008239746
0,457458489108831	0,792076782226563	55,4109992980957
0,458272319519892	0,79371435546875	55,5110015869141
0,459136965218931	0,795412170410156	55,6110000610352
0,459950766526163	0,796569763183594	55,7109985351563
0,460764567833394	0,798297302246094	55,8110008239746
0,461578369140625	0,799884887695313	55,9109992980957
0,462443014839664	0,801468017578125	56,0110015869141
0,463256845250726	0,802914001464844	56,1110000610352
0,464070646557957	0,804288208007813	56,2109985351563
0,464884418761358	0,8058935546875	56,3110008239746
0,465749122668058	0,807506286621094	56,4109992980957
0,466562894871458	0,808922485351563	56,5110015869141
0,46737669617869	0,810555908203125	56,6110000610352
0,468241370981559	0,812234130859375	56,7109985351563
0,46905517228879	0,813708679199219	56,8110008239746
0,469868973596022	0,815286865234375	56,9109992980957
0,470733648398891	0,816563354492188	57,0110015869141
0,47159829409793	0,817811279296875	57,1110000610352
0,472412095405161	0,819754028320313	57,2109985351563
0,473225925816223	0,821305053710938	57,3110008239746
0,474090571515262	0,822674255371094	57,4109992980957
0,474904401926324	0,824176208496094	57,5110015869141
0,475769047625363	0,825798095703125	57,6110000610352
0,476582848932594	0,827231567382813	57,7109985351563
0,477447523735464	0,828894714355469	57,8110008239746
0,478261325042695	0,830316284179688	57,9109992980957
0,479125970741734	0,831848205566406	58,0110015869141
0,479939801152796	0,833240539550781	58,1110000610352
0,480753573356196	0,834603271484375	58,2109985351563
0,481567374663427	0,836304382324219	58,3110008239746
0,482381205074489	0,837585571289063	58,4109992980957
0,48319497727789	0,839111511230469	58,5110015869141
0,484008778585121	0,84077978515625	58,6110000610352
0,484873453387991	0,842192504882813	58,7109985351563
0,485687254695222	0,843795959472656	58,8110008239746
0,486501056002453	0,845038024902344	58,9109992980957
0,487314857309684	0,84664990234375	59,0110015869141
0,488128658616915	0,848093627929688	59,1110000610352
0,488942489027977	0,849583801269531	59,2109985351563
0,489807105623186	0,851139587402344	59,3110008239746
0,490620965138078	0,852459838867188	59,4109992980957
0,491434708237648	0,854073303222656	59,5110015869141
0,492248509544879	0,855515441894531	59,6110000610352
0,493113184347749	0,85716748046875	59,7109985351563
0,49392698565498	0,858521179199219	59,8110008239746
0,49479166045785	0,86006982421875	59,9109992980957
0,495605461765081	0,861550048828125	60,0110015869141
0,49647013656795	0,862828186035156	60,1110000610352
0,497283937875181	0,864491455078125	60,2109985351563
0,498148612678051	0,865907409667969	60,3110008239746
0,498962413985282	0,867600708007813	60,4109992980957
0,499827030580491	0,869226318359375	60,5110015869141
0,50069170538336	0,870505859375	60,6110000610352
0,50155638018623	0,872161560058594	60,7109985351563
0,502370181493461	0,8738271484375	60,8110008239746
0,503234856296331	0,875270202636719	60,9109992980957
0,5040995310992	0,876836486816406	61,0110015869141
0,504913332406431	0,87821240234375	61,1110000610352
0,505778007209301	0,879673583984375	61,2109985351563
0,506591808516532	0,881070434570313	61,3110008239746
0,507405551616102	0,882653381347656	61,4109992980957
0,508219411130995	0,884029479980469	61,5110015869141
0,509084027726203	0,885502380371094	61,6110000610352
0,509897887241095	0,887001770019531	61,7109985351563
0,510711688548326	0,888437866210938	61,8110008239746
0,511525431647897	0,889922790527344	61,9109992980957
0,512390164658427	0,891534606933594	62,0110015869141
0,513203907757998	0,892804992675781	62,1110000610352
0,51401776727289	0,894369262695313	62,2109985351563
0,514882383868098	0,895726684570313	62,3110008239746
0,51569624338299	0,897278747558594	62,4109992980957
0,516509986482561	0,89871435546875	62,5110015869141
0,517374719493091	0,900104553222656	62,6110000610352
0,518188462592661	0,901641357421875	62,7109985351563
0,519053137395531	0,902969299316406	62,8110008239746
0,519866938702762	0,904431091308594	62,9109992980957
0,520680740009993	0,905974975585938	63,0110015869141
0,521545414812863	0,907423156738281	63,1110000610352
0,522410089615732	0,908757873535156	63,2109985351563
0,523223890922964	0,91034375	63,3110008239746
0,524088565725833	0,911849670410156	63,4109992980957
0,524902367033064	0,913348754882813	63,5110015869141
0,525716110132635	0,914965515136719	63,6110000610352
0,526580784935504	0,916398986816406	63,7109985351563
0,527394586242735	0,917648376464844	63,8110008239746
0,528208445757627	0,919171569824219	63,9109992980957
0,529022188857198	0,920559326171875	64,0110015869141
0,529886921867728	0,921957885742188	64,1110000610352
0,530700664967299	0,9233447265625	64,2109985351563
0,53151446627453	0,924806457519531	64,3109970092773
0,532328325789422	0,926110046386719	64,411003112793
0,533142068888992	0,927710327148438	64,5110015869141
0,533955870196223	0,928972290039063	64,6110000610352
0,534769729711115	0,930595397949219	64,7109985351563
0,535583472810686	0,931904296875	64,8109970092773
0,536397274117917	0,933329467773438	64,911003112793
0,537211133632809	0,934746704101563	65,0110015869141
0,538075750228018	0,936050903320313	65,1110000610352
0,53888960974291	0,937444152832031	65,2109985351563
0,53970335284248	0,938908020019531	65,3109970092773
0,54056802764535	0,940204711914063	65,411003112793
0,541381828952581	0,941666687011719	65,5110015869141
0,542195630259812	0,943007141113281	65,6110000610352
0,543060305062681	0,944578063964844	65,7109985351563
0,543874106369913	0,946123840332031	65,8109970092773
0,544738781172782	0,9475283203125	65,911003112793
0,545552524272352	0,948959411621094	66,0110015869141
0,546417257282883	0,950507507324219	66,1110000610352
0,547231000382453	0,951922424316406	66,2109985351563
0,548095675185323	0,953496826171875	66,3109970092773
0,548960408195853	0,954904052734375	66,411003112793
0,549774151295424	0,956369262695313	66,5110015869141
0,550638826098293	0,957815612792969	66,6110000610352
0,551503500901163	0,959230590820313	66,7109985351563
0,552317302208394	0,960648376464844	66,8109970092773
0,553131103515625	0,96213134765625	66,911003112793
0,553944904822856	0,963754699707031	67,0110015869141
0,554809579625726	0,965025024414063	67,1110000610352
0,555623380932957	0,966279418945313	67,2109985351563
0,556437182240188	0,967791320800781	67,3109970092773
0,557250983547419	0,969201538085938	67,411003112793
0,558064784854651	0,970583923339844	67,5110015869141
0,558878586161882	0,972170349121094	67,6110000610352
0,55974320275709	0,973568725585938	67,7109985351563
0,560557062271982	0,974807312011719	67,8109970092773
0,561370863579214	0,976449157714844	67,911003112793
0,562235538382083	0,977756713867188	68,0110015869141
0,563049339689314	0,979088562011719	68,1110000610352
0,563914014492184	0,980721740722656	68,2109985351563
0,564727757591754	0,981988342285156	68,3109970092773
0,565541558898985	0,983373352050781	68,411003112793
0,566406233701855	0,984726989746094	68,5110015869141
0,567220035009086	0,986383911132813	68,6110000610352
0,568084709811956	0,987673767089844	68,7109985351563
0,568949384614825	0,989139343261719	68,8109970092773
0,569763185922056	0,990704467773438	68,911003112793
0,570576987229288	0,992110229492188	69,0110015869141
0,571441662032157	0,993519836425781	69,1110000610352
0,572255405131727	0,995119140625	69,2109985351563
0,573120138142258	0,996814758300781	69,3109970092773
0,573933881241828	0,997886169433594	69,411003112793
0,57474774075672	0,999103271484375	69,5110015869141
0,575561542063951	1,00043695068359	69,6110000610352
0,576375285163522	1,00188421630859	69,7109985351563
0,577189144678414	1,00339886474609	69,8109970092773
0,578053761273623	1,00471948242188	69,911003112793
0,578867620788515	1,00620111083984	70,0110015869141
0,579681422095746	1,00745513916016	70,1110000610352
0,580495165195316	1,00887713623047	70,2109985351563
0,581309024710208	1,01017352294922	70,3109970092773
0,582122826017439	1,01169281005859	70,411003112793
0,58293656911701	1,013083984375	70,5110015869141
0,583801243919879	1,01459942626953	70,6110000610352
0,58461504522711	1,01598107910156	70,7109985351563
0,585428904742002	1,01725817871094	70,8109970092773
0,586242647841573	1,01860083007813	70,911003112793
0,587107380852103	1,02008215332031	71,0110015869141
0,587921123951674	1,02130169677734	71,1110000610352
0,588785798754543	1,02302758789063	71,2109985351563
0,589650473557413	1,02422485351563	71,3109970092773
0,590464274864644	1,02575244140625	71,411003112793
0,591328891459852	1,027193359375	71,5110015869141
0,592193624470383	1,02869116210938	71,6110000610352
0,593058299273252	1,03006420898438	71,7109985351563
0,593872042372823	1,03141052246094	71,8109970092773
0,594736775383353	1,03280578613281	71,911003112793
0,595550518482924	1,03418676757813	72,0110015869141
0,596415193285793	1,03535229492188	72,1110000610352
0,597228994593024	1,03723901367188	72,2109985351563
0,598093669395894	1,03841943359375	72,3109970092773
0,598907470703125	1,03989855957031	72,411003112793
0,599721272010356	1,04119482421875	72,5110015869141
0,600535073317587	1,04246813964844	72,6110000610352
0,601348874624819	1,04382824707031	72,7109985351563
0,602213549427688	1,04517102050781	72,8109970092773
0,603027350734919	1,04657836914063	72,911003112793
0,603841152042151	1,04803894042969	73,0110015869141
0,604654953349382	1,04911645507813	73,1110000610352
0,60551956994459	1,05073693847656	73,2109985351563
0,606333429459482	1,05199792480469	73,3109970092773
0,607147230766714	1,05336572265625	73,411003112793
0,607960973866284	1,05491235351563	73,5110015869141
0,608825706876814	1,05620300292969	73,6110000610352
0,609639449976385	1,05799853515625	73,7109985351563
0,610453309491277	1,05884289550781	73,8109970092773
0,611317926086485	1,060080078125	73,911003112793
0,612131785601377	1,06146752929688	74,0110015869141
0,612996402196586	1,06304614257813	74,1110000610352
0,613810261711478	1,06441333007813	74,2109985351563
0,614674878306687	1,06587158203125	74,3109970092773
0,615488679613918	1,06721899414063	74,411003112793
0,616353354416788	1,06869421386719	74,5110015869141
0,617167155724019	1,07004248046875	74,6110000610352
0,618031772319227	1,07186437988281	74,7109985351563
0,61884563183412	1,07268298339844	74,8109970092773
0,619659433141351	1,07421398925781	74,911003112793
0,620473234448582	1,07524426269531	75,0110015869141
0,621287035755813	1,07668005371094	75,1110000610352
0,622151652351022	1,07799755859375	75,2109985351563
0,622965511865914	1,07926550292969	75,3109970092773
0,623728439677507	1,080677734375	75,411003112793
0,624593056272715	1,08201843261719	75,5110015869141
0,625406915787607	1,08347241210938	75,6110000610352
0,626220717094839	1,08476220703125	75,7109985351563
0,627034460194409	1,0859560546875	75,8109970092773
0,627848319709301	1,08718298339844	75,911003112793
0,628662121016532	1,08862622070313	76,0110015869141
0,629475864116102	1,08998486328125	76,1110000610352
0,630289723630995	1,09143969726563	76,2109985351563
0,631154340226203	1,09265112304688	76,3109970092773
0,631968199741095	1,09382946777344	76,411003112793
0,632782001048326	1,09505285644531	76,5110015869141
0,633646675851196	1,09713037109375	76,6110000610352
0,634511292446405	1,09811157226563	76,7109985351563
0,635325151961297	1,09936450195313	76,8109970092773
0,636189768556505	1,10086547851563	76,911003112793
0,637003628071398	1,10211267089844	77,0110015869141
0,637868244666606	1,1033681640625	77,1110000610352
0,638682045973837	1,10496643066406	77,2109985351563
0,639546720776707	1,10621447753906	77,3109970092773
0,640411395579576	1,10759118652344	77,411003112793
0,641276070382446	1,10925170898438	77,5110015869141
0,642089871689677	1,110451171875	77,6110000610352
0,642954546492547	1,11146325683594	77,7109985351563
0,643768289592117	1,11287158203125	77,8109970092773
0,644582090899348	1,11392102050781	77,911003112793
0,64539595041424	1,11573950195313	78,0110015869141
0,646260567009449	1,1166787109375	78,1110000610352
0,647074426524341	1,11790515136719	78,2109985351563
0,647888169623911	1,11909143066406	78,3109970092773
0,648701970931143	1,12039953613281	78,411003112793
0,649515830446035	1,121859375	78,5110015869141
0,650380447041243	1,12340783691406	78,6110000610352
0,651194248348475	1,12471411132813	78,7109985351563
0,652008049655706	1,12618737792969	78,8109970092773
0,652821850962937	1,12705773925781	78,911003112793
0,653686525765806	1,12823669433594	79,0110015869141
0,654500327073038	1,1298701171875	79,1110000610352
0,655314128380269	1,1308935546875	79,2109985351563
0,656178744975477	1,13234582519531	79,3109970092773
0,65699260449037	1,13371215820313	79,411003112793
0,657806405797601	1,13511926269531	79,5110015869141
0,65867108060047	1,136107421875	79,6110000610352
0,659484881907701	1,13768896484375	79,7109985351563
0,660349556710571	1,13893054199219	79,8109970092773
0,661163358017802	1,140224609375	79,911003112793
0,662028032820672	1,14166845703125	80,0110015869141
0,66289264941588	1,14357043457031	80,1110000610352
0,663706508930773	1,14436694335938	80,2109985351563
0,664571125525981	1,14555383300781	80,3109970092773
0,665384926833212	1,14684094238281	80,411003112793
0,666198728140444	1,14829443359375	80,5110015869141
0,667063402943313	1,14957287597656	80,6110000610352
0,667877204250544	1,15077648925781	80,7109985351563
0,668691005557776	1,15211279296875	80,8109970092773
0,669504806865007	1,15318115234375	80,911003112793
0,670318608172238	1,15448071289063	81,0110015869141
0,671132409479469	1,15586889648438	81,1110000610352
0,6719462107867	1,15699450683594	81,2109985351563
0,672760012093931	1,15836938476563	81,3109970092773
0,673573813401163	1,1595546875	81,411003112793
0,674387614708394	1,16071020507813	81,5110015869141
0,675201416015625	1,16209143066406	81,6110000610352
0,676015217322856	1,16336291503906	81,7109985351563
0,676879892125726	1,16451818847656	81,8109970092773
0,677693693432957	1,16585192871094	81,911003112793
0,678507494740188	1,16701696777344	82,0110015869141
0,679321296047419	1,16817785644531	82,1110000610352
0,680135097354651	1,16964953613281	82,2109985351563
0,68099977215752	1,17078283691406	82,3109970092773
0,68181351525709	1,17214538574219	82,411003112793
0,682678248267621	1,17354943847656	82,5110015869141
0,68354292307049	1,17479528808594	82,6110000610352
0,684356666170061	1,176099609375	82,7109985351563
0,685221399180591	1,17748693847656	82,8109970092773
0,6860860157758	1,17876257324219	82,911003112793
0,686950690578669	1,18025012207031	83,0110015869141
0,687764491885901	1,18150048828125	83,1110000610352
0,68862916668877	1,18303198242188	83,2109985351563
0,68949384149164	1,18414978027344	83,3109970092773
0,690307642798871	1,1856435546875	83,411003112793
0,69117231760174	1,18669506835938	83,5110015869141
0,691986060701311	1,18816748046875	83,6110000610352
0,692799862008542	1,1892900390625	83,7109985351563
0,693664536811411	1,19067297363281	83,8109970092773
0,694478338118643	1,1918408203125	83,911003112793
0,695292197633535	1,193193359375	84,0110015869141
0,696105940733105	1,19425122070313	84,1110000610352
0,696919742040336	1,19554321289063	84,2109985351563
0,697784416843206	1,19687097167969	84,3109970092773
0,698598218150437	1,19802368164063	84,411003112793
0,699412019457668	1,19922521972656	84,5110015869141
0,700225820764899	1,2005419921875	84,6110000610352
0,701090495567769	1,20180224609375	84,7109985351563
0,701904296875	1,20293811035156	84,8109970092773
0,702718098182231	1,20438256835938	84,911003112793
0,703582772985101	1,20550256347656	85,0110015869141
0,704396574292332	1,20672534179688	85,1110000610352
0,705261249095201	1,20794555664063	85,2109985351563
0,706074992194772	1,20936572265625	85,3109970092773
0,706939725205302	1,21044116210938	85,411003112793
0,707753468304873	1,21184289550781	85,5110015869141
0,708618143107742	1,21308532714844	85,6110000610352
0,709431944414973	1,2143203125	85,7109985351563
0,710296619217843	1,21587145996094	85,8109970092773
0,711110420525074	1,21674853515625	85,911003112793
0,711924280039966	1,21804406738281	86,0110015869141
0,712738023139536	1,219361328125	86,1110000610352
0,713602697942406	1,22069982910156	86,2109985351563
0,714416499249637	1,22169592285156	86,3109970092773
0,715230300556868	1,2228466796875	86,411003112793
0,7160441018641	1,22434252929688	86,5110015869141
0,716857903171331	1,22515661621094	86,6110000610352
0,717671704478562	1,22653649902344	86,7109985351563
0,718434632290155	1,22770629882813	86,8109970092773
0,719248491805047	1,22887805175781	86,911003112793
0,720062234904617	1,22989782714844	87,0110015869141
0,720876036211848	1,23130798339844	87,1110000610352
0,721740711014718	1,23254809570313	87,2109985351563
0,722554512321949	1,2335185546875	87,3109970092773
0,723368371836841	1,23485314941406	87,411003112793
0,724182114936411	1,23623278808594	87,5110015869141
0,725046789739281	1,2372255859375	87,6110000610352
0,725860591046512	1,23849621582031	87,7109985351563
0,726674392353743	1,23933581542969	87,8109970092773
0,727539067156613	1,24093542480469	87,911003112793
0,728352868463844	1,2422568359375	88,0110015869141
0,729217543266714	1,24325085449219	88,1110000610352
0,730031286366284	1,244541015625	88,2109985351563
0,730896019376814	1,24574145507813	88,3109970092773
0,731709762476385	1,24721447753906	88,411003112793
0,732574437279254	1,24839892578125	88,5110015869141
0,733439170289785	1,24975012207031	88,6110000610352
0,734303786884993	1,2512529296875	88,7109985351563
0,735117588192225	1,25204565429688	88,8109970092773
0,735982262995094	1,25371716308594	88,911003112793
0,736796064302325	1,25473254394531	89,0110015869141
0,737609865609556	1,25591540527344	89,1110000610352
0,738474540412426	1,25726037597656	89,2109985351563
0,739288341719657	1,25843188476563	89,3109970092773
0,740102084819227	1,25976342773438	89,411003112793
0,74091594433412	1,26029821777344	89,5110015869141
0,741729745641351	1,2618818359375	89,6110000610352
0,74259442044422	1,26295300292969	89,7109985351563
0,743408221751451	1,26417565917969	89,8109970092773
0,744221964851022	1,26535925292969	89,911003112793
0,745035824365914	1,26643615722656	90,0110015869141
0,745900440961123	1,26775927734375	90,1110000610352
0,746714300476015	1,26881970214844	90,2109985351563
0,747528101783246	1,26988659667969	90,3109970092773
0,748392776586115	1,27126586914063	90,411003112793
0,749206519685686	1,27239624023438	90,5110015869141
0,750071252696216	1,27345007324219	90,6110000610352
0,750884995795786	1,2745888671875	90,7109985351563
0,751749670598656	1,27605346679688	90,8109970092773
0,752563471905887	1,27717907714844	90,911003112793
0,753428146708757	1,27829809570313	91,0110015869141
0,754241948015988	1,27952624511719	91,1110000610352
0,755106622818857	1,28078771972656	91,2109985351563
0,755920424126089	1,28191357421875	91,3109970092773
0,756785098928958	1,28333178710938	91,411003112793
0,757598900236189	1,28428759765625	91,5110015869141
0,75841264333576	1,28553393554688	91,6110000610352
0,759277318138629	1,28652075195313	91,7109985351563
0,76009111944586	1,28767077636719	91,8109970092773
0,760904978960752	1,28896240234375	91,911003112793
0,761718722060323	1,28999377441406	92,0110015869141
0,762532523367554	1,29102062988281	92,1110000610352
0,763346382882446	1,2920771484375	92,2109985351563
0,764160184189677	1,29314453125	92,3109970092773
0,764973927289248	1,29415026855469	92,411003112793
0,76578778680414	1,29611560058594	92,5110015869141
0,766601588111371	1,29644885253906	92,6110000610352
0,767415331210941	1,29770886230469	92,7109985351563
0,768229190725833	1,29855639648438	92,8109970092773
0,769042992033064	1,29977172851563	92,911003112793
0,769907666835934	1,301220703125	93,0110015869141
0,770721409935504	1,302578125	93,1110000610352
0,771535211242735	1,303634765625	93,2109985351563
0,772349070757627	1,30438391113281	93,3109970092773
0,773213687352836	1,30573181152344	93,411003112793
0,774027546867728	1,30679968261719	93,5110015869141
0,774892163462937	1,30801147460938	93,6110000610352
0,775756838265806	1,30920251464844	93,7109985351563
0,776570639573038	1,31084130859375	93,8109970092773
0,777435314375907	1,31137463378906	93,911003112793
0,778249057475477	1,31267712402344	94,0110015869141
0,779113790486008	1,31371398925781	94,1110000610352
0,779978465288877	1,31537341308594	94,2109985351563
0,780843081884086	1,31614245605469	94,3109970092773
0,781656941398978	1,31735339355469	94,411003112793
0,782521557994187	1,31861401367188	94,5110015869141
0,783335359301418	1,31987219238281	94,6110000610352
0,784200034104288	1,32103515625	94,7109985351563
0,785013835411519	1,32190991210938	94,8109970092773
0,78582763671875	1,32310266113281	94,911003112793
0,786641438025981	1,32402526855469	95,0110015869141
0,787506112828851	1,325169921875	95,1110000610352
0,788319914136082	1,32657446289063	95,2109985351563
0,789133715443313	1,32743249511719	95,3109970092773
0,789947516750544	1,32888623046875	95,411003112793
0,790761318057776	1,32977404785156	95,5110015869141
0,791625992860645	1,33049670410156	95,6110000610352
0,792439735960215	1,33164831542969	95,7109985351563
0,793253595475107	1,3330712890625	95,8109970092773
0,794118212070316	1,3342275390625	95,911003112793
0,794932071585208	1,33542810058594	96,0110015869141
0,795745872892439	1,33652331542969	96,1110000610352
0,796610547695309	1,33706799316406	96,2109985351563
0,797424290794879	1,33847143554688	96,3109970092773
0,79823809210211	1,33964318847656	96,411003112793
0,79910276690498	1,34065319824219	96,5110015869141
0,799916568212211	1,34141857910156	96,6110000610352
0,800781243015081	1,34268896484375	96,7109985351563
0,80164591781795	1,34371154785156	96,8109970092773
0,802459719125181	1,34485620117188	96,911003112793
0,803324393928051	1,34622546386719	97,0110015869141
0,804138195235282	1,34707702636719	97,1110000610352
0,804951938334852	1,34836059570313	97,2109985351563
0,805816671345383	1,34915563964844	97,3109970092773
0,806630414444953	1,35040539550781	97,411003112793
0,807444273959845	1,35138110351563	97,5110015869141
0,808258075267076	1,35246362304688	97,6110000610352
0,809071818366647	1,3536728515625	97,7109985351563
0,809885677881539	1,35443420410156	97,8109970092773
0,81069947918877	1,35584948730469	97,911003112793
0,81151322228834	1,35674560546875	98,0110015869141
0,812327081803232	1,3577373046875	98,1110000610352
0,813140883110464	1,35851892089844	98,2109985351563
0,813954626210034	1,3597802734375	98,3109970092773
0,814819359220564	1,36093920898438	98,411003112793
0,815633102320135	1,36187670898438	98,5110015869141
0,816446961835027	1,36283251953125	98,6110000610352
0,817260763142258	1,36392370605469	98,7109985351563
0,818125437945127	1,36476635742188	98,8109970092773
0,818939181044698	1,3660322265625	98,911003112793
0,819803914055228	1,36698706054688	99,0110015869141
0,820617657154799	1,36816540527344	99,1110000610352
0,821482331957668	1,36930212402344	99,2109985351563
0,822296133264899	1,37010119628906	99,3109970092773
0,823160808067769	1,37135412597656	99,411003112793
0,824025424662977	1,37235034179688	99,5110015869141
0,824890157673508	1,37338488769531	99,6110000610352
0,825754832476377	1,37464501953125	99,7109985351563
0,826619449071586	1,3754326171875	99,8109970092773
0,827433308586478	1,37650427246094	99,911003112793
0,828297925181687	1,37761962890625	100,011001586914
0,829111726488918	1,37867504882813	100,111000061035
0,829925527796149	1,37961657714844	100,210998535156
0,830790202599019	1,38072766113281	100,310997009277
0,83160400390625	1,38145556640625	100,411003112793
0,83246867870912	1,38271594238281	100,511001586914
0,833282480016351	1,38361877441406	100,611000061035
0,834096281323582	1,38456274414063	100,710998535156
0,834910082630813	1,38544458007813	100,810997009277
0,835723883938044	1,38637585449219	100,911003112793
0,836537685245276	1,38720703125	101,011001586914
0,837351486552507	1,388408203125	101,111000061035
0,838216103147715	1,3892607421875	101,210998535156
0,839029962662607	1,39037878417969	101,310997009277
0,839843763969839	1,39126428222656	101,411003112793
0,840657507069409	1,39224365234375	101,511001586914
0,841522240079939	1,39302160644531	101,611000061035
0,84233598317951	1,3941416015625	101,710998535156
0,843200657982379	1,39497131347656	101,810997009277
0,84401445928961	1,39614196777344	101,911003112793
0,844828318804502	1,39687524414063	102,011001586914
0,845692935399711	1,39798913574219	102,111000061035
0,846557610202581	1,39898559570313	102,210998535156
0,847371411509812	1,40010729980469	102,310997009277
0,848236086312681	1,40081872558594	102,411003112793
0,849049887619913	1,4018291015625	102,511001586914
0,849863688927144	1,40295568847656	102,611000061035
0,850728305522352	1,40384533691406	102,710998535156
0,851542165037245	1,404666015625	102,810997009277
0,852355966344476	1,40576281738281	102,911003112793
0,853169767651707	1,4064931640625	103,011001586914
0,853983568958938	1,40748510742188	103,111000061035
0,854797370266169	1,40835778808594	103,210998535156
0,855611171573401	1,40929577636719	103,310997009277
0,856424972880632	1,41000927734375	103,411003112793
0,857238774187863	1,41107177734375	103,511001586914
0,858052575495094	1,41165393066406	103,611000061035
0,858866376802325	1,41272082519531	103,710998535156
0,859680178109556	1,41355334472656	103,810997009277
0,860493979416788	1,41432763671875	103,911003112793
0,861307780724019	1,41543579101563	104,011001586914
0,86212158203125	1,41616943359375	104,111000061035
0,86298625683412	1,41703649902344	104,210998535156
0,863800058141351	1,41792822265625	104,310997009277
0,86466473294422	1,41865087890625	104,411003112793
0,865478534251451	1,41954626464844	104,511001586914
0,866292277351022	1,42054626464844	104,611000061035
0,867157010361552	1,42134020996094	104,710998535156
0,868021685164422	1,42235571289063	104,810997009277
0,86888630175963	1,42303918457031	104,911003112793
0,8697509765625	1,42410400390625	105,011001586914
0,870564777869731	1,42466906738281	105,111000061035
0,871429452672601	1,42597045898438	105,210998535156
0,87229412747547	1,42680297851563	105,310997009277
0,873158744070679	1,42761999511719	105,411003112793
0,873972603585571	1,42848876953125	105,511001586914
0,87483722018078	1,42915283203125	105,611000061035
0,875701894983649	1,43020629882813	105,710998535156
0,87651569629088	1,43083911132813	105,810997009277
0,87738037109375	1,43154956054688	105,911003112793
0,878194172400981	1,43239807128906	106,011001586914
0,879007973708212	1,43321411132813	106,111000061035
0,879821775015444	1,43393823242188	106,210998535156
0,880686449818313	1,43481103515625	106,310997009277
0,881500251125544	1,43548400878906	106,411003112793
0,882314052432776	1,43618286132813	106,511001586914
0,883127853740007	1,43693395996094	106,611000061035
0,883992470335215	1,43749328613281	106,710998535156
0,884806329850107	1,43829333496094	106,810997009277
0,885620131157339	1,43903076171875	106,911003112793
0,886433874256909	1,43965515136719	107,011001586914
0,887298607267439	1,4404091796875	107,111000061035
0,88811235036701	1,44093823242188	107,210998535156
0,888926209881902	1,44153820800781	107,310997009277
0,88979082647711	1,44218041992188	107,411003112793
0,890604685992002	1,4428408203125	107,511001586914
0,891469302587211	1,44327124023438	107,611000061035
0,892283162102103	1,44395715332031	107,710998535156
0,893096905201674	1,44449060058594	107,810997009277
0,893961580004543	1,44498095703125	107,911003112793
0,894775381311774	1,4452783203125	108,011001586914
0,895640056114644	1,44577136230469	108,111000061035
0,896504672709852	1,44612365722656	108,210998535156
0,897318532224745	1,44645886230469	108,310997009277
0,898132333531976	1,44664343261719	108,411003112793
0,898997008334845	1,44665563964844	108,511001586914
0,899810809642076	1,44646154785156	108,611000061035
0,900624552741647	1,44563684082031	108,710998535156
0,901438412256539	1,44347778320313	108,810997009277
0,903320324141532	-0,0896950302124023	108,833000183105
