File Path: D:\Ensayos Víctor\Fase III\Virgen\horizontal\Test Run 14 16-05-2019 12 55 39\DAQ- Crosshead; … - (Timed).txt   
Test: ENSAYOS TRACCION PLA 3
Test Run: Test Run 14
Date: 16/05/2019 12:51:42


Crosshead 	Load 	Time 
mm	kN	sec
0,000203450511548908	0,0657146301269531	0,111000001430511
0,000356038412974158	0,0658296890258789	0,210999995470047
0,00086466474158442	0,0663907012939453	0,310999989509583
0,00147501623359858	0,0662167282104492	0,41100001335144
0,00198364250536542	0,0660087280273438	0,510999977588654
0,00244140619543032	0,0662172241210938	0,611000001430511
0,00284830730379326	0,0664107208251953	0,711000025272369
0,00330607099385816	0,0666587982177734	0,810999989509583
0,003814697265625	0,0670266647338867	0,91100001335144
0,00432332353739184	0,0675655899047852	1,0110000371933
0,00498453755426453	0,0680268707275391	1,11099994182587
0,00569661460758653	0,0692768478393555	1,21099996566772
0,00651041636956506	0,0704892959594727	1,31099998950958
0,00732421858629095	0,0716114044189453	1,41100001335144
0,00813802034826949	0,0723313293457031	1,5110000371933
0,00895182347449008	0,0721664276123047	1,61099994182587
0,00981648736342322	0,0722106018066406	1,71099996566772
0,0106302895801491	0,0732493057250977	1,81099998950958
0,011444091796875	0,0730107574462891	1,91100001335144
0,0122578940136009	0,0735012359619141	2,01099991798401
0,0131225588120287	0,0737356185913086	2,11100006103516
0,0139363601192599	0,0738182983398438	2,21099996566772
0,0147501632454805	0,0742630081176758	2,31100010871887
0,0156148271344136	0,0746803588867188	2,41100001335144
0,0164286284416448	0,0749374237060547	2,51099991798401
0,0172424315678654	0,0752194747924805	2,61100006103516
0,0181070954567986	0,0756081695556641	2,71099996566772
0,0189208985830192	0,0757567749023438	2,81100010871887
0,0197855624719523	0,0763264617919922	2,91100001335144
0,0205993655981729	0,0767316970825195	3,01099991798401
0,021464029487106	0,0771954193115234	3,11100006103516
0,0223286951950286	0,0771833953857422	3,21099996566772
0,0231424965022597	0,0780959091186523	3,31100010871887
0,0240071622101823	0,0782403106689453	3,41100001335144
0,0248209635174135	0,0793788681030273	3,51099991798401
0,025685629225336	0,079734245300293	3,61100006103516
0,0264994305325672	0,0804626235961914	3,71099996566772
0,0273640962404897	0,0813974075317383	3,81100010871887
0,0281778957287315	0,0820416641235352	3,91100001335144
0,0289916988549521	0,0824966354370117	4,01100015640259
0,0298055019811727	0,0832899475097656	4,11100006103516
0,0306193032884039	0,0840427856445313	4,21099996566772
0,0314331045956351	0,0851732177734375	4,31099987030029
0,0322469059028663	0,0856476898193359	4,41099977493286
0,0330607108480763	0,0859869613647461	4,51100015640259
0,0338745121553075	0,086520393371582	4,61100006103516
0,0347391760442406	0,087649299621582	4,71099996566772
0,0355529773514718	0,0889333877563477	4,81099987030029
0,036366778658703	0,0900475311279297	4,91099977493286
0,037180583603913	0,0912985229492188	5,01100015640259
0,0379943849111442	0,0926002807617188	5,11100006103516
0,0388081862183753	0,0938048248291016	5,21099996566772
0,0396728501073085	0,0954978561401367	5,31099987030029
0,0404866514145397	0,0970280151367188	5,41099977493286
0,0413513189414516	0,0980646591186523	5,51100015640259
0,0421651202486828	0,099519416809082	5,61100006103516
0,0429789251938928	0,100801864624023	5,71099996566772
0,0438435854448471	0,102444198608398	5,81099987030029
0,0447082529717591	0,103919776916504	5,91099977493286
0,0455220542789903	0,105377182006836	6,01100015640259
0,0463867181679234	0,10711799621582	6,11100006103516
0,0472513856948353	0,108252593994141	6,21099996566772
0,0481160459457897	0,110087287902832	6,31099987030029
0,0489298508909997	0,111903350830078	6,41099977493286
0,0497945147799328	0,112796104431152	6,51100015640259
0,0506591786688659	0,114389205932617	6,61100006103516
0,0514729799760971	0,115624603271484	6,71099996566772
0,0523376475030091	0,11678214263916	6,81099987030029
0,0531514488102403	0,118539489746094	6,91099977493286
0,0539652501174714	0,120251068115234	7,01100015640259
0,0548299140064046	0,120761604309082	7,11100006103516
0,0556437189516146	0,121791656494141	7,21099996566772
0,0564575202588458	0,123105255126953	7,31099987030029
0,0572713215660769	0,12424356842041	7,41099977493286
0,0581359854550101	0,125577079772949	7,51100015640259
0,0589497867622413	0,126399169921875	7,61100006103516
0,0597635917074513	0,126877532958984	7,71099996566772
0,0606282555963844	0,127376625061035	7,81099987030029
0,0614420569036156	0,127786186218262	7,91099977493286
0,0623067171545699	0,128592041015625	8,01099967956543
0,0631205184618011	0,129884246826172	8,11100006103516
0,0639851932646707	0,131120025634766	8,21100044250488
0,0647989872959442	0,132257614135742	8,31099987030029
0,0656636548228562	0,133784164428711	8,41100025177002
0,0664774561300874	0,135127227783203	8,51099967956543
0,0673421236569993	0,13657160949707	8,61100006103516
0,0682067839079537	0,137810455322266	8,71100044250488
0,0690205924911425	0,138426116943359	8,81099987030029
0,0698852527420968	0,139638977050781	8,91100025177002
0,0706990613252856	0,14075227355957	9,01099967956543
0,0715637215762399	0,141198013305664	9,11100006103516
0,0723775228834711	0,14231721496582	9,21100044250488
0,073242190410383	0,143779220581055	9,31099987030029
0,0740559917176142	0,14507568359375	9,41100025177002
0,0748697857488878	0,146050369262695	9,51099967956543
0,0756835943320766	0,147135894775391	9,61100006103516
0,0764973956393078	0,148331726074219	9,71100044250488
0,0773620631662197	0,149476211547852	9,81099987030029
0,0781758644734509	0,150518402099609	9,91100025177002
0,0789896657806821	0,151804641723633	10,0109996795654
0,0798034670879133	0,152639389038086	10,1110000610352
0,0806172683951445	0,154481140136719	10,2110004425049
0,0814819359220564	0,155152435302734	10,3109998703003
0,0822957372292876	0,156338363647461	10,41100025177
0,0831095385365188	0,157338912963867	10,5109996795654
0,08392333984375	0,158442779541016	10,6110000610352
0,0847880000947043	0,159472183227539	10,7110004425049
0,0856018086778931	0,160333343505859	10,8109998703003
0,0864156099851243	0,161326324462891	10,91100025177
0,0872802702360787	0,162364501953125	11,0109996795654
0,0880940788192675	0,163558715820313	11,1110000610352
0,0889587390702218	0,164980163574219	11,2110004425049
0,0897725476534106	0,166094818115234	11,3109998703003
0,0906372079043649	0,167708724975586	11,41100025177
0,0914510092115961	0,169532211303711	11,5109996795654
0,092315676738508	0,170619567871094	11,6110000610352
0,0931294780457392	0,17209342956543	11,7110004425049
0,0939941382966936	0,173542831420898	11,8109998703003
0,0948588058236055	0,175254440307617	11,91100025177
0,0957234733505175	0,176656875610352	12,0109996795654
0,0965881336014718	0,178223052978516	12,1110000610352
0,0974019421846606	0,180392623901367	12,2110004425049
0,0982666024356149	0,181310958862305	12,3109998703003
0,0991312626865692	0,183381546020508	12,41100025177
0,099945071269758	0,184715469360352	12,5109996795654
0,100758872576989	0,186055206298828	12,6110000610352
0,101572666608263	0,187688369750977	12,7110004425049
0,102386475191452	0,18938801574707	12,8109998703003
0,103251135442406	0,190808166503906	12,91100025177
0,104064944025595	0,193029312133789	13,0109996795654
0,104878745332826	0,194292892456055	13,1110000610352
0,105692546640057	0,195782501220703	13,2110004425049
0,106557214166969	0,197206497192383	13,3109998703003
0,107371008198243	0,198926406860352	13,41100025177
0,108184816781431	0,200771560668945	13,5109996795654
0,108998618088663	0,202443542480469	13,6110000610352
0,109863278339617	0,203839431762695	13,7110004425049
0,110677086922806	0,205542877197266	13,8109998703003
0,11154174717376	0,207362976074219	13,91100025177
0,112355555756949	0,208712738037109	14,0109996795654
0,113220216007903	0,210412780761719	14,1110000610352
0,114034017315134	0,212102935791016	14,2110004425049
0,114898684842046	0,213417144775391	14,3109998703003
0,115712486149278	0,215350204467773	14,41100025177
0,116577146400232	0,21696598815918	14,5109996795654
0,117390954983421	0,218376220703125	14,6110000610352
0,118255615234375	0,220697677612305	14,7110004425049
0,119069416541606	0,221902160644531	14,8109998703003
0,119883217848837	0,223582565307617	14,91100025177
0,120747885375749	0,225243179321289	15,0109996795654
0,121561686682981	0,22706266784668	15,1110000610352
0,122375495266169	0,228496429443359	15,2110004425049
0,123189296573401	0,230651031494141	15,3109998703003
0,124003083328716	0,231921890258789	15,41100025177
0,124867758131586	0,233447189331055	15,5109996795654
0,125681559438817	0,236022750854492	15,6110000610352
0,126495360746048	0,236671813964844	15,7110004425049
0,12730916205328	0,238326446533203	15,8109998703003
0,128122963360511	0,240276672363281	15,91100025177
0,128936764667742	0,2418779296875	16,0109996795654
0,129750565974973	0,243454376220703	16,1110000610352
0,13056438183412	0,24514289855957	16,2110004425049
0,131429027533159	0,246732879638672	16,3110008239746
0,132242843392305	0,248556167602539	16,4109992980957
0,133056644699536	0,249830413818359	16,5109996795654
0,133870431454852	0,251993942260742	16,6110000610352
0,134735106257722	0,253803588867188	16,7110004425049
0,135548907564953	0,255166519165039	16,8110008239746
0,136413567815907	0,257048492431641	16,9109992980957
0,137227369123138	0,258693817138672	17,0109996795654
0,138092043926008	0,260202026367188	17,1110000610352
0,138956704176962	0,261986633300781	17,2110004425049
0,139770505484194	0,264061676025391	17,3110008239746
0,140635180287063	0,26551904296875	17,4109992980957
0,141499825986102	0,267366577148438	17,5109996795654
0,142313641845249	0,269336975097656	17,6110000610352
0,143178302096203	0,271171691894531	17,7110004425049
0,144042962347157	0,272723480224609	17,8110008239746
0,144856763654388	0,274551422119141	17,9109992980957
0,145670579513535	0,276324768066406	18,0109996795654
0,146484380820766	0,277922332763672	18,1110000610352
0,14734904107172	0,27946435546875	18,2110004425049
0,148162842378952	0,281432586669922	18,3110008239746
0,148976643686183	0,283326507568359	18,4109992980957
0,149790444993414	0,284944183349609	18,5109996795654
0,150655105244368	0,286910797119141	18,6110000610352
0,151468921103515	0,288519622802734	18,7110004425049
0,152282707858831	0,29028369140625	18,8110008239746
0,153096509166062	0,292019714355469	18,9109992980957
0,153961183968931	0,293705718994141	19,0109996795654
0,154774985276163	0,295862396240234	19,1110000610352
0,155639645527117	0,297354827880859	19,2110004425049
0,156453446834348	0,299066375732422	19,3110008239746
0,157267262693495	0,301311920166016	19,4109992980957
0,158131908392534	0,302576782226563	19,5109996795654
0,15894572425168	0,304302520751953	19,6110000610352
0,159810384502634	0,306029052734375	19,7110004425049
0,160624185809866	0,307899169921875	19,8110008239746
0,16148884606082	0,309651641845703	19,9109992980957
0,162302661919966	0,311790466308594	20,0109996795654
0,163167307619005	0,313469024658203	20,1110000610352
0,164031982421875	0,31513525390625	20,2110004425049
0,164845783729106	0,317004486083984	20,3110008239746
0,165710443980061	0,318547180175781	20,4109992980957
0,166524245287292	0,320442626953125	20,5109996795654
0,167338061146438	0,322156646728516	20,6110000610352
0,168202706845477	0,323990814208984	20,7110004425049
0,169016522704624	0,325785919189453	20,8110008239746
0,169830324011855	0,327175628662109	20,9109992980957
0,170644125319086	0,329220245361328	21,0109996795654
0,171457926626317	0,330810424804688	21,1110000610352
0,172271727933548	0,332491790771484	21,2110004425049
0,17308552924078	0,334478759765625	21,3110008239746
0,173899330548011	0,336137817382813	21,4109992980957
0,174713131855242	0,337741943359375	21,5109996795654
0,175577806658112	0,339555938720703	21,6110000610352
0,176391607965343	0,341409942626953	21,7110004425049
0,177205394720659	0,343228515625	21,8110008239746
0,178070069523528	0,344864807128906	21,9109992980957
0,178883870830759	0,346769378662109	22,0109996795654
0,179697672137991	0,348469360351563	22,1110000610352
0,180562332388945	0,350205841064453	22,2110004425049
0,181376148248091	0,351995239257813	22,3110008239746
0,18224079394713	0,353708099365234	22,4109992980957
0,183054609806277	0,355553833007813	22,5109996795654
0,183919270057231	0,357546417236328	22,6110000610352
0,184733071364462	0,359363739013672	22,7110004425049
0,185597731615417	0,360952941894531	22,8110008239746
0,186411547474563	0,362648712158203	22,9109992980957
0,187276193173602	0,364649688720703	23,0109996795654
0,188090009032749	0,366509063720703	23,1110000610352
0,188954669283703	0,367943939208984	23,2110004425049
0,189819329534657	0,369637084960938	23,3110008239746
0,190633130841888	0,37171533203125	23,4109992980957
0,191446946701035	0,37333935546875	23,5109996795654
0,192311606951989	0,375160430908203	23,6110000610352
0,19312540825922	0,376784881591797	23,7110004425049
0,193939209566452	0,379013763427734	23,8110008239746
0,194753010873683	0,380335845947266	23,9109992980957
0,195566812180914	0,381925109863281	24,0109996795654
0,196380613488145	0,383963989257813	24,1110000610352
0,197194414795376	0,385577972412109	24,2110004425049
0,198008230654523	0,387498809814453	24,3110008239746
0,198872876353562	0,388866790771484	24,4109992980957
0,199686692212708	0,390682250976563	24,5109996795654
0,200500493519939	0,392610229492188	24,6110000610352
0,201365153770894	0,394224548339844	24,7110004425049
0,202178955078125	0,3959306640625	24,8110008239746
0,202992756385356	0,398046752929688	24,9109992980957
0,203857416636311	0,399514495849609	25,0109996795654
0,204671217943542	0,401542083740234	25,1110000610352
0,205535892746411	0,403594207763672	25,2110004425049
0,206349679501727	0,405285003662109	25,3110008239746
0,207214354304597	0,406602874755859	25,4109992980957
0,208028155611828	0,408695068359375	25,5109996795654
0,208892815862782	0,410449371337891	25,6110000610352
0,209706617170013	0,412280548095703	25,7110004425049
0,210571291972883	0,413895751953125	25,8110008239746
0,211385093280114	0,415988189697266	25,9109992980957
0,212249753531069	0,417809387207031	26,0109996795654
0,2130635548383	0,419650512695313	26,1110000610352
0,213877370697446	0,420927429199219	26,2110004425049
0,214691157452762	0,422658142089844	26,3110008239746
0,215555832255632	0,424588592529297	26,4109992980957
0,216369633562863	0,426258453369141	26,5109996795654
0,217183420318179	0,427947418212891	26,6110000610352
0,217997236177325	0,430003509521484	26,7110004425049
0,218811037484556	0,431802642822266	26,8110008239746
0,219624838791788	0,433106994628906	26,9109992980957
0,220438640099019	0,435009796142578	27,0109996795654
0,22125244140625	0,436894989013672	27,1110000610352
0,222066242713481	0,438457214355469	27,2110004425049
0,222880044020712	0,440451232910156	27,3110008239746
0,223693845327944	0,442024963378906	27,4109992980957
0,224507646635175	0,443319000244141	27,5109996795654
0,225372321438044	0,445642395019531	27,6110000610352
0,22618610819336	0,446984832763672	27,7110004425049
0,226999924052507	0,448906677246094	27,8110008239746
0,227864584303461	0,450417633056641	27,9109992980957
0,228678385610692	0,452604949951172	28,0109996795654
0,229543045861647	0,454341644287109	28,1110000610352
0,230356861720793	0,456462951660156	28,2110004425049
0,231221507419832	0,457891357421875	28,3110008239746
0,232086182222702	0,459395751953125	28,4109992980957
0,232899983529933	0,461286682128906	28,5109996795654
0,233764643780887	0,46318701171875	28,6110000610352
0,234629318583757	0,46536669921875	28,7110004425049
0,235443119890988	0,466711273193359	28,8110008239746
0,236307780141942	0,468609588623047	28,9109992980957
0,237121581449173	0,470634826660156	29,0109996795654
0,237986256252043	0,471872436523438	29,1110000610352
0,238800043007359	0,473993804931641	29,2110004425049
0,23961384431459	0,475751831054688	29,3110008239746
0,240427660173737	0,477562561035156	29,4109992980957
0,241292305872776	0,479119964599609	29,5109996795654
0,242106121731922	0,481032012939453	29,6110000610352
0,242919923039153	0,482915344238281	29,7110004425049
0,243784597842023	0,484550567626953	29,8110008239746
0,244598399149254	0,48625732421875	29,9109992980957
0,245412171352655	0,48784619140625	30,0109996795654
0,246226001763716	0,489969329833984	30,1110000610352
0,247090647462755	0,491391052246094	30,2110004425049
0,247904477873817	0,493463836669922	30,3110008239746
0,248718250077218	0,494971832275391	30,4109992980957
0,249582924880087	0,496590881347656	30,5109996795654
0,250396726187319	0,498533538818359	30,6110000610352
0,251261371886358	0,500253326416016	30,7110004425049
0,252075202297419	0,501859802246094	30,8110008239746
0,252939847996458	0,503723602294922	30,9109992980957
0,25375364930369	0,505456970214844	31,0109996795654
0,254618324106559	0,507187713623047	31,1110000610352
0,25543212541379	0,509013580322266	31,2110004425049
0,256296771112829	0,510919799804688	31,3110008239746
0,257110601523891	0,513024169921875	31,4109992980957
0,257924402831122	0,514437561035156	31,5109996795654
0,258789048530161	0,5164833984375	31,6110000610352
0,259602878941223	0,518036376953125	31,7110004425049
0,260467524640262	0,520544311523438	31,8110008239746
0,261281355051324	0,521929260253906	31,9109992980957
0,262095127254725	0,5231005859375	32,0110015869141
0,262908928561956	0,524770874023438	32,1110000610352
0,263722758973017	0,527120788574219	32,2109985351563
0,264536531176418	0,52856689453125	32,3110008239746
0,265350332483649	0,530450927734375	32,4109992980957
0,266164162894711	0,532190002441406	32,5110015869141
0,266977935098112	0,533767578125	32,6110000610352
0,267842609900981	0,535967468261719	32,7109985351563
0,268656411208212	0,537120971679688	32,8110008239746
0,269470212515444	0,5390419921875	32,9109992980957
0,270284013822675	0,541269348144531	33,0110015869141
0,271148688625544	0,542596374511719	33,1110000610352
0,271962489932776	0,544682861328125	33,2109985351563
0,272827135631815	0,546373718261719	33,3110008239746
0,273640966042876	0,548140563964844	33,4109992980957
0,274454738246277	0,549922302246094	33,5110015869141
0,275319413049147	0,551641296386719	33,6110000610352
0,276184087852016	0,553312377929688	33,7109985351563
0,276997889159247	0,554980712890625	33,8110008239746
0,277862534858286	0,556882019042969	33,9109992980957
0,278727209661156	0,558825805664063	34,0110015869141
0,279591884464026	0,560560852050781	34,1110000610352
0,280456530163065	0,563223999023438	34,2109985351563
0,281321204965934	0,564585998535156	34,3110008239746
0,282185879768804	0,566385803222656	34,4109992980957
0,282999651972204	0,568070373535156	34,5110015869141
0,283864355878904	0,569930908203125	34,6110000610352
0,284678128082305	0,572188110351563	34,7109985351563
0,285542802885175	0,573438415527344	34,8110008239746
0,286356604192406	0,575137023925781	34,9109992980957
0,287170405499637	0,57710205078125	35,0110015869141
0,287984235910699	0,578555419921875	35,1110000610352
0,2887980081141	0,580485961914063	35,2109985351563
0,289662682916969	0,582105041503906	35,3110008239746
0,2904764842242	0,583951782226563	35,4109992980957
0,291290285531431	0,585434387207031	35,5110015869141
0,292104086838663	0,587830932617188	35,6110000610352
0,292917888145894	0,589160339355469	35,7109985351563
0,293782562948763	0,590829406738281	35,8110008239746
0,294596335152164	0,592506286621094	35,9109992980957
0,295410165563226	0,594078430175781	36,0110015869141
0,296274811262265	0,596238647460938	36,1110000610352
0,297088612569496	0,597997131347656	36,2109985351563
0,297902442980558	0,599616027832031	36,3110008239746
0,298767088679597	0,601408752441406	36,4109992980957
0,299580889986828	0,60338623046875	36,5110015869141
0,300445564789698	0,604875122070313	36,6110000610352
0,301259366096929	0,606731018066406	36,7109985351563
0,302073138300329	0,608753051757813	36,8110008239746
0,302937842207029	0,610100830078125	36,9109992980957
0,30375161441043	0,611957458496094	37,0110015869141
0,304565415717661	0,613679626464844	37,1110000610352
0,305430090520531	0,615430236816406	37,2109985351563
0,306243891827762	0,617585571289063	37,3110008239746
0,307057722238824	0,619009948730469	37,4109992980957
0,307871494442225	0,620624267578125	37,5110015869141
0,308685295749456	0,6222216796875	37,6110000610352
0,309499126160517	0,624048950195313	37,7109985351563
0,310312898363918	0,625792541503906	37,8110008239746
0,311126699671149	0,627566528320313	37,9109992980957
0,311940530082211	0,629339294433594	38,0110015869141
0,312754302285612	0,63117724609375	38,1110000610352
0,313568103592843	0,632825256347656	38,2109985351563
0,314381934003904	0,634806030273438	38,3110008239746
0,315195706207305	0,635813354492188	38,4109992980957
0,316060381010175	0,637921142578125	38,5110015869141
0,316874182317406	0,6396337890625	38,6110000610352
0,317687983624637	0,641331787109375	38,7109985351563
0,318552629323676	0,643082275390625	38,8110008239746
0,319366459734738	0,644669982910156	38,9109992980957
0,320180261041969	0,646136108398438	39,0110015869141
0,321044935844839	0,6481259765625	39,1110000610352
0,32185873715207	0,649818725585938	39,2109985351563
0,322723382851109	0,652205505371094	39,3110008239746
0,323537213262171	0,653525390625	39,4109992980957
0,32440185896121	0,655322875976563	39,5110015869141
0,325266504660249	0,6569169921875	39,6110000610352
0,32608033507131	0,658871337890625	39,7109985351563
0,32694498077035	0,660416381835938	39,8110008239746
0,327809655573219	0,6625048828125	39,9109992980957
0,32862345688045	0,664317443847656	40,0110015869141
0,32948813168332	0,665931640625	40,1110000610352
0,330301903886721	0,6674892578125	40,2109985351563
0,331115734297782	0,669251525878906	40,3110008239746
0,331980379996821	0,671356506347656	40,4109992980957
0,332794181304052	0,672416015625	40,5110015869141
0,333608011715114	0,674297668457031	40,6110000610352
0,334421783918515	0,67656201171875	40,7109985351563
0,335235585225746	0,6777646484375	40,8110008239746
0,336100260028616	0,679316955566406	40,9109992980957
0,336914061335847	0,681145141601563	41,0110015869141
0,337727862643078	0,682969970703125	41,1110000610352
0,338541663950309	0,684776916503906	41,2109985351563
0,33935546525754	0,686467834472656	41,3110008239746
0,340220110956579	0,688289367675781	41,4109992980957
0,341033941367641	0,69039599609375	41,5110015869141
0,341847742674872	0,691948059082031	41,6110000610352
0,342712388373911	0,69338720703125	41,7109985351563
0,343526218784973	0,695187438964844	41,8110008239746
0,344390864484012	0,696924438476563	41,9109992980957
0,345204694895074	0,69901318359375	42,0110015869141
0,346069340594113	0,7005947265625	42,1110000610352
0,346883141901344	0,702133666992188	42,2109985351563
0,347696943208575	0,704201416015625	42,3110008239746
0,348561618011445	0,705714416503906	42,4109992980957
0,349375390214846	0,707444763183594	42,5110015869141
0,350240094121546	0,709208557128906	42,6110000610352
0,351053866324946	0,710846618652344	42,7109985351563
0,351918541127816	0,712743225097656	42,8110008239746
0,352732342435047	0,714227111816406	42,9109992980957
0,353546143742278	0,716293090820313	43,0110015869141
0,354359945049509	0,717941589355469	43,1110000610352
0,355224619852379	0,719458435058594	43,2109985351563
0,35603842115961	0,721342590332031	43,3110008239746
0,356801348971203	0,722963500976563	43,4109992980957
0,357666023774073	0,724948120117188	43,5110015869141
0,358479825081304	0,7263603515625	43,6110000610352
0,359293597284704	0,727677490234375	43,7109985351563
0,360107427695766	0,729786376953125	43,8110008239746
0,360921229002997	0,731351989746094	43,9109992980957
0,361735030310228	0,733209655761719	44,0110015869141
0,36254883161746	0,735405700683594	44,1110000610352
0,363362632924691	0,736386291503906	44,2109985351563
0,36422730772756	0,73818603515625	44,3110008239746
0,365041109034792	0,739889282226563	44,4109992980957
0,365854881238192	0,741645751953125	44,5110015869141
0,366719585144892	0,743466491699219	44,6110000610352
0,367584230843931	0,745307067871094	44,7109985351563
0,368398032151163	0,747071044921875	44,8110008239746
0,369262706954032	0,748850646972656	44,9109992980957
0,370127352653071	0,750864074707031	45,0110015869141
0,370941153960302	0,752353637695313	45,1110000610352
0,371805828763172	0,754224914550781	45,2109985351563
0,372619630070403	0,755946594238281	45,3110008239746
0,373484275769442	0,757571838378906	45,4109992980957
0,374348979676142	0,759440368652344	45,5110015869141
0,375162751879543	0,761166809082031	45,6110000610352
0,376027426682413	0,76289208984375	45,7109985351563
0,376841227989644	0,76463232421875	45,8110008239746
0,377655029296875	0,766162170410156	45,9109992980957
0,378519674995914	0,767931274414063	46,0110015869141
0,379333505406976	0,76949658203125	46,1110000610352
0,380147306714207	0,77123291015625	46,2109985351563
0,380961078917608	0,772921569824219	46,3110008239746
0,381774909328669	0,774589599609375	46,4109992980957
0,382588710635901	0,776189392089844	46,5110015869141
0,383402482839301	0,778030395507813	46,6110000610352
0,384267186746001	0,77980859375	46,7109985351563
0,385080958949402	0,781503540039063	46,8110008239746
0,385894789360464	0,783252136230469	46,9109992980957
0,386708590667695	0,784759460449219	47,0110015869141
0,387573236366734	0,786556213378906	47,1110000610352
0,388387066777796	0,78820263671875	47,2109985351563
0,389200838981196	0,789995910644531	47,3110008239746
0,390065513784066	0,791739013671875	47,4109992980957
0,390879315091297	0,793550720214844	47,5110015869141
0,391743989894167	0,795204162597656	47,6110000610352
0,392557762097567	0,796895568847656	47,7109985351563
0,393422466004267	0,798679565429688	47,8110008239746
0,394236238207668	0,800558654785156	47,9109992980957
0,395100913010538	0,802248413085938	48,0110015869141
0,395965587813407	0,8040986328125	48,1110000610352
0,396779389120638	0,805801025390625	48,2109985351563
0,397644034819677	0,807497131347656	48,3110008239746
0,398457865230739	0,80918896484375	48,4109992980957
0,39927163743414	0,810721008300781	48,5110015869141
0,400136312237009	0,812384460449219	48,6110000610352
0,400950113544241	0,814128112792969	48,7109985351563
0,401763914851472	0,815794799804688	48,8110008239746
0,402577716158703	0,817408630371094	48,9109992980957
0,403340673074126	0,819443298339844	49,0110015869141
0,404154445277527	0,820855285644531	49,1110000610352
0,404968275688589	0,822551025390625	49,2109985351563
0,40578207699582	0,824277099609375	49,3110008239746
0,406595849199221	0,826048461914063	49,4109992980957
0,407460553105921	0,827168823242188	49,5110015869141
0,408274325309321	0,829106262207031	49,6110000610352
0,409088126616552	0,830713745117188	49,7109985351563
0,409901957027614	0,832377197265625	49,8110008239746
0,410766602726653	0,834140930175781	49,9109992980957
0,411580404033884	0,835938049316406	50,0110015869141
0,412394205341116	0,838046264648438	50,1110000610352
0,413258880143985	0,838975891113281	50,2109985351563
0,414072652347386	0,841226989746094	50,3110008239746
0,414937356254086	0,8429599609375	50,4109992980957
0,415751128457487	0,844504516601563	50,5110015869141
0,416615803260356	0,846099304199219	50,6110000610352
0,417480478063226	0,847960571289063	50,7109985351563
0,418294279370457	0,849540283203125	50,8110008239746
0,419158925069496	0,851256286621094	50,9109992980957
0,420023599872366	0,853014892578125	51,0110015869141
0,420837401179597	0,854546508789063	51,1110000610352
0,421702046878636	0,857051879882813	51,2109985351563
0,422515877289698	0,857977478027344	51,3110008239746
0,423380522988737	0,860154541015625	51,4109992980957
0,424194324295968	0,861543518066406	51,5110015869141
0,425008154707029	0,863962158203125	51,6110000610352
0,42582192691043	0,865076232910156	51,7109985351563
0,4266866017133	0,866584289550781	51,8110008239746
0,427500403020531	0,867986328125	51,9109992980957
0,428314204327762	0,869826843261719	52,0110015869141
0,429128034738824	0,871533325195313	52,1110000610352
0,429941806942225	0,873355529785156	52,2109985351563
0,430806481745094	0,875075012207031	52,3110008239746
0,431620283052325	0,876605895996094	52,4109992980957
0,432434084359556	0,878593017578125	52,5110015869141
0,433247885666788	0,880006164550781	52,6110000610352
0,434112560469657	0,881797180175781	52,7109985351563
0,434926361776888	0,883627502441406	52,8110008239746
0,435791007475927	0,88517041015625	52,9109992980957
0,436604837886989	0,886684509277344	53,0110015869141
0,437469483586028	0,888335632324219	53,1110000610352
0,438283284893259	0,890335693359375	53,2109985351563
0,439147959696129	0,891869262695313	53,3110008239746
0,43996176100336	0,89343896484375	53,4109992980957
0,440826406702399	0,895134643554688	53,5110015869141
0,441640237113461	0,897203430175781	53,6110000610352
0,4425048828125	0,898545837402344	53,7109985351563
0,443318684119731	0,900253173828125	53,8110008239746
0,444132485426962	0,901965209960938	53,9109992980957
0,444946286734194	0,903508239746094	54,0110015869141
0,445810932433233	0,905149841308594	54,1110000610352
0,446624762844294	0,906806335449219	54,2109985351563
0,447438564151526	0,908765014648438	54,3110008239746
0,448252336354926	0,910298400878906	54,4109992980957
0,449066166765988	0,91180078125	54,5110015869141
0,449879968073219	0,913483215332031	54,6110000610352
0,45069376938045	0,915145080566406	54,7109985351563
0,451456697192043	0,9168662109375	54,8110008239746
0,452321371994913	0,918488525390625	54,9109992980957
0,453135173302144	0,920203125	55,0110015869141
0,453948974609375	0,92178662109375	55,1110000610352
0,454762775916606	0,923528076171875	55,2109985351563
0,455576577223837	0,925190307617188	55,3110008239746
0,456390378531069	0,926865661621094	55,4109992980957
0,457255024230108	0,928470520019531	55,5110015869141
0,458068854641169	0,930424011230469	55,6110000610352
0,458933500340208	0,931966918945313	55,7109985351563
0,45974730164744	0,933580444335938	55,8110008239746
0,460611976450309	0,935595336914063	55,9109992980957
0,46142577775754	0,936858215332031	56,0110015869141
0,462290423456579	0,938807861328125	56,1110000610352
0,463104253867641	0,940295593261719	56,2109985351563
0,46396889956668	0,942252502441406	56,3110008239746
0,46483357436955	0,944174133300781	56,4109992980957
0,465698249172419	0,945926635742188	56,5110015869141
0,466512050479651	0,947235290527344	56,6110000610352
0,46737669617869	0,949096496582031	56,7109985351563
0,468241370981559	0,950696899414063	56,8110008239746
0,46905517228879	0,952363891601563	56,9109992980957
0,469919817987829	0,954356140136719	57,0110015869141
0,470733648398891	0,956011901855469	57,1110000610352
0,471547449706122	0,957878234863281	57,2109985351563
0,472361251013353	0,95925634765625	57,3110008239746
0,473225925816223	0,960990295410156	57,4109992980957
0,474039698019624	0,962400756835938	57,5110015869141
0,474853528430685	0,964232299804688	57,6110000610352
0,475667329737917	0,965771240234375	57,7109985351563
0,476531975436956	0,9672685546875	57,8110008239746
0,477345805848017	0,969087585449219	57,9109992980957
0,478159578051418	0,970835083007813	58,0110015869141
0,478973379358649	0,972231079101563	58,1110000610352
0,479838054161519	0,974679077148438	58,2109985351563
0,48065185546875	0,975862915039063	58,3110008239746
0,481516501167789	0,977360168457031	58,4109992980957
0,482330331578851	0,979259338378906	58,5110015869141
0,48319497727789	0,980767272949219	58,6110000610352
0,484008778585121	0,982421325683594	58,7109985351563
0,484822608996183	0,984094970703125	58,8110008239746
0,485687254695222	0,985804382324219	58,9109992980957
0,486501056002453	0,98741845703125	59,0110015869141
0,487365730805323	0,989221008300781	59,1110000610352
0,488179532112554	0,990642395019531	59,2109985351563
0,488993304315954	0,992433898925781	59,3110008239746
0,489857979118824	0,994015869140625	59,4109992980957
0,490671780426055	0,995564697265625	59,5110015869141
0,491485581733286	0,9973955078125	59,6110000610352
0,492350256536156	0,999004821777344	59,7109985351563
0,493164057843387	1,00067742919922	59,8110008239746
0,493977859150618	1,00206872558594	59,9109992980957
0,49479166045785	1,00367388916016	60,0110015869141
0,495605461765081	1,00569415283203	60,1110000610352
0,496419263072312	1,00709210205078	60,2109985351563
0,497233064379543	1,00862054443359	60,3110008239746
0,498046865686774	1,01031665039063	60,4109992980957
0,498860666994005	1,01194854736328	60,5110015869141
0,499674468301237	1,01375714111328	60,6110000610352
0,500539143104106	1,01509625244141	60,7109985351563
0,501352944411337	1,01676287841797	60,8110008239746
0,502166745718569	1,01887536621094	60,9109992980957
0,5029805470258	1,02012078857422	61,0110015869141
0,503845221828669	1,02188702392578	61,1110000610352
0,504659023135901	1,02324792480469	61,2109985351563
0,505472824443132	1,02489562988281	61,3110008239746
0,50633744103834	1,02656115722656	61,4109992980957
0,507151300553232	1,0283095703125	61,5110015869141
0,508015917148441	1,02981237792969	61,6110000610352
0,508829776663333	1,03170825195313	61,7109985351563
0,509694393258542	1,03314916992188	61,8110008239746
0,510508252773434	1,03487561035156	61,9109992980957
0,511372869368643	1,03662158203125	62,0110015869141
0,512237544171512	1,03848034667969	62,1110000610352
0,513102218974382	1,04001708984375	62,2109985351563
0,513916020281613	1,04174060058594	62,3110008239746
0,514780695084482	1,04326306152344	62,4109992980957
0,515594496391714	1,04485314941406	62,5110015869141
0,516459171194583	1,04665063476563	62,6110000610352
0,517272972501814	1,04835583496094	62,7109985351563
0,518137647304684	1,04997229003906	62,8110008239746
0,518951390404254	1,05147082519531	62,9109992980957
0,519765191711485	1,05320703125	63,0110015869141
0,520579051226377	1,05481628417969	63,1110000610352
0,521392794325948	1,05641088867188	63,2109985351563
0,522206595633179	1,05804187011719	63,3110008239746
0,523071270436049	1,05969689941406	63,4109992980957
0,52388507174328	1,06146350097656	63,5110015869141
0,524749746546149	1,06317749023438	63,6110000610352
0,52556354785338	1,06473449707031	63,7109985351563
0,526377407368273	1,06629638671875	63,8110008239746
0,527191150467843	1,06794482421875	63,9109992980957
0,528055825270712	1,06942297363281	64,0110015869141
0,528869626577944	1,07082739257813	64,1110000610352
0,529734301380813	1,07255700683594	64,2109985351563
0,530548102688044	1,07429870605469	64,3109970092773
0,531361903995276	1,07598754882813	64,411003112793
0,532226578798145	1,07769470214844	64,5110015869141
0,533040321897715	1,07919921875	64,6110000610352
0,533905054908246	1,08093139648438	64,7109985351563
0,534718798007816	1,08247485351563	64,8109970092773
0,535583472810686	1,08417761230469	64,911003112793
0,536397274117917	1,08573010253906	65,0110015869141
0,537211133632809	1,08807067871094	65,1110000610352
0,538075750228018	1,0888466796875	65,2109985351563
0,53888960974291	1,09066015625	65,3109970092773
0,53970335284248	1,09237097167969	65,411003112793
0,540517154149711	1,09404455566406	65,5110015869141
0,541331013664603	1,09529736328125	65,6110000610352
0,542144756764174	1,09709265136719	65,7109985351563
0,542958558071405	1,09861608886719	65,8109970092773
0,543772417586297	1,10003186035156	65,911003112793
0,544586160685867	1,10156945800781	66,0110015869141
0,545450893696398	1,10339660644531	66,1110000610352
0,546264636795968	1,10504614257813	66,2109985351563
0,547078438103199	1,10632312011719	66,3109970092773
0,547892297618091	1,10794006347656	66,411003112793
0,5487569142133	1,10963122558594	66,5110015869141
0,549570715520531	1,11099389648438	66,6110000610352
0,550384516827762	1,1129775390625	66,7109985351563
0,551249191630632	1,11436657714844	66,8109970092773
0,552062992937863	1,11596826171875	66,911003112793
0,552876794245094	1,11746228027344	67,0110015869141
0,553741469047964	1,11955993652344	67,1110000610352
0,554555212147534	1,12107141113281	67,2109985351563
0,555419945158064	1,12233264160156	67,3109970092773
0,556284619960934	1,12394641113281	67,411003112793
0,557149236556143	1,125625	67,5110015869141
0,557963096071035	1,12764013671875	67,6110000610352
0,558827712666243	1,12907836914063	67,7109985351563
0,559692387469113	1,13097790527344	67,8109970092773
0,560557062271982	1,13224829101563	67,911003112793
0,561370863579214	1,13452673339844	68,0110015869141
0,562235538382083	1,13557556152344	68,1110000610352
0,563049339689314	1,13710620117188	68,2109985351563
0,563863082788885	1,13889672851563	68,3109970092773
0,564676942303777	1,14049877929688	68,411003112793
0,565490743611008	1,14216149902344	68,5110015869141
0,566304486710578	1,14369555664063	68,6110000610352
0,567169161513448	1,14519750976563	68,7109985351563
0,567982962820679	1,14662133789063	68,8109970092773
0,568796822335571	1,148173828125	68,911003112793
0,569610623642802	1,1502392578125	69,0110015869141
0,570424366742373	1,15133947753906	69,1110000610352
0,571289041545242	1,15337609863281	69,2109985351563
0,572102842852473	1,15474987792969	69,3109970092773
0,572916702367365	1,15617614746094	69,411003112793
0,573730445466936	1,15772192382813	69,5110015869141
0,574595178477466	1,15907958984375	69,6110000610352
0,575408921577036	1,16068078613281	69,7109985351563
0,576222722884268	1,16264721679688	69,8109970092773
0,577087397687137	1,16413488769531	69,911003112793
0,577901198994368	1,16553454589844	70,0110015869141
0,578765873797238	1,1674111328125	70,1110000610352
0,579579675104469	1,1688583984375	70,2109985351563
0,580444349907339	1,17046325683594	70,3109970092773
0,581309024710208	1,17218432617188	70,411003112793
0,582122826017439	1,17435949707031	70,5110015869141
0,582987500820309	1,17509448242188	70,6110000610352
0,583801243919879	1,17701220703125	70,7109985351563
0,58461504522711	1,17881176757813	70,8109970092773
0,585428904742002	1,1801826171875	70,911003112793
0,586242647841573	1,18173278808594	71,0110015869141
0,587056449148804	1,18304797363281	71,1110000610352
0,587870308663696	1,18496215820313	71,2109985351563
0,588684109970927	1,18683618164063	71,3109970092773
0,589497853070498	1,18802075195313	71,411003112793
0,59031171258539	1,18910827636719	71,5110015869141
0,591125513892621	1,19149206542969	71,6110000610352
0,591939256992191	1,19218823242188	71,7109985351563
0,592753116507083	1,19398608398438	71,8109970092773
0,593566917814314	1,19532458496094	71,911003112793
0,594431592617184	1,19684753417969	72,0110015869141
0,595245335716754	1,19849084472656	72,1110000610352
0,596059137023985	1,20046435546875	72,2109985351563
0,596872996538877	1,20171118164063	72,3109970092773
0,597737613134086	1,203880859375	72,411003112793
0,598551472648978	1,20482592773438	72,5110015869141
0,599416089244187	1,20652575683594	72,6110000610352
0,600229890551418	1,208236328125	72,7109985351563
0,601094565354288	1,21021813964844	72,8109970092773
0,601908366661519	1,21158923339844	72,911003112793
0,602772983256727	1,213021484375	73,0110015869141
0,603637716267258	1,21456774902344	73,1110000610352
0,604502391070127	1,21637622070313	73,2109985351563
0,605367007665336	1,21789404296875	73,3109970092773
0,606180867180228	1,21930261230469	73,411003112793
0,607045483775437	1,22100207519531	73,5110015869141
0,607859285082668	1,22283044433594	73,6110000610352
0,608673086389899	1,22435388183594	73,7109985351563
0,609537761192769	1,22575512695313	73,8109970092773
0,6103515625	1,2274287109375	73,911003112793
0,611165363807231	1,22926550292969	74,0110015869141
0,612030038610101	1,23012878417969	74,1110000610352
0,612843839917332	1,23194653320313	74,2109985351563
0,613657641224563	1,233541015625	74,3109970092773
0,614471442531794	1,23524951171875	74,411003112793
0,615336117334664	1,2366845703125	74,5110015869141
0,616149918641895	1,23847631835938	74,6110000610352
0,616963661741465	1,239703125	74,7109985351563
0,617828394751996	1,24123937988281	74,8109970092773
0,618642137851566	1,24280578613281	74,911003112793
0,619455997366458	1,24443664550781	75,0110015869141
0,620320613961667	1,24660888671875	75,1110000610352
0,621134473476559	1,2476767578125	75,2109985351563
0,621948216576129	1,24923596191406	75,3109970092773
0,62281294958666	1,25081726074219	75,411003112793
0,62362669268623	1,252662109375	75,5110015869141
0,6244913674891	1,25414282226563	75,6110000610352
0,625305168796331	1,2554365234375	75,7109985351563
0,6261698435992	1,25693322753906	75,8109970092773
0,626983644906431	1,25848559570313	75,911003112793
0,627848319709301	1,26031811523438	76,0110015869141
0,628662121016532	1,26166394042969	76,1110000610352
0,629526795819402	1,26302380371094	76,2109985351563
0,630340597126633	1,26486865234375	76,3109970092773
0,631154340226203	1,26636633300781	76,411003112793
0,632019015029073	1,26795715332031	76,5110015869141
0,632832816336304	1,269330078125	76,6110000610352
0,633646675851196	1,27074291992188	76,7109985351563
0,634409603662789	1,27247814941406	76,8109970092773
0,63522340497002	1,27383459472656	76,911003112793
0,63603714806959	1,27570178222656	77,0110015869141
0,636851007584482	1,27683898925781	77,1110000610352
0,637664808891714	1,27832580566406	77,2109985351563
0,638478551991284	1,28021765136719	77,3109970092773
0,639292411506176	1,28123645019531	77,411003112793
0,640157028101385	1,28288586425781	77,5110015869141
0,640970887616277	1,28474536132813	77,6110000610352
0,641784688923508	1,28605017089844	77,7109985351563
0,642598432023078	1,28761804199219	77,8109970092773
0,643463106825948	1,28915734863281	77,911003112793
0,644276908133179	1,29068322753906	78,0110015869141
0,645141582936049	1,29215588378906	78,1110000610352
0,64595538424328	1,29414831542969	78,2109985351563
0,646820059046149	1,29562646484375	78,3109970092773
0,64763386035338	1,29704931640625	78,411003112793
0,64849853515625	1,29848583984375	78,5110015869141
0,64936320995912	1,30010949707031	78,6110000610352
0,650227826554328	1,30173937988281	78,7109985351563
0,65104168606922	1,303484375	78,8109970092773
0,651906302664429	1,30500732421875	78,911003112793
0,652770977467299	1,306314453125	79,0110015869141
0,65358477877453	1,30808520507813	79,1110000610352
0,654449453577399	1,30960021972656	79,2109985351563
0,65526325488463	1,31114624023438	79,3109970092773
0,6561279296875	1,31278845214844	79,411003112793
0,656941730994731	1,31447900390625	79,5110015869141
0,657755532301962	1,31588537597656	79,6110000610352
0,658620207104832	1,317318359375	79,7109985351563
0,659434008412063	1,31897827148438	79,8109970092773
0,660247809719294	1,32026147460938	79,911003112793
0,661061611026526	1,32156591796875	80,0110015869141
0,661875412333757	1,32322644042969	80,1110000610352
0,662689213640988	1,32487414550781	80,2109985351563
0,663553888443857	1,32615087890625	80,3109970092773
0,664367689751089	1,32775805664063	80,411003112793
0,665181432850659	1,32938854980469	80,5110015869141
0,665995292365551	1,33067614746094	80,6110000610352
0,66685990896076	1,33224255371094	80,7109985351563
0,667673768475652	1,33393212890625	80,8109970092773
0,668487569782883	1,33545422363281	80,911003112793
0,669352244585752	1,33695874023438	81,0110015869141
0,670165987685323	1,33845202636719	81,1110000610352
0,671030720695853	1,34008813476563	81,2109985351563
0,671844463795424	1,34156860351563	81,3109970092773
0,672709138598293	1,34302465820313	81,411003112793
0,673573813401163	1,34454138183594	81,5110015869141
0,674387614708394	1,34625964355469	81,6110000610352
0,675252231303602	1,34767346191406	81,7109985351563
0,676066090818495	1,34937805175781	81,8109970092773
0,676930707413703	1,35070227050781	81,911003112793
0,677744566928595	1,35230688476563	82,0110015869141
0,678558368235826	1,35378869628906	82,1110000610352
0,679372111335397	1,355017578125	82,2109985351563
0,680185970850289	1,35654040527344	82,3109970092773
0,68099977215752	1,35792565917969	82,411003112793
0,68181351525709	1,3595	82,5110015869141
0,682627374771982	1,36100219726563	82,6110000610352
0,683491991367191	1,36239587402344	82,7109985351563
0,684305850882083	1,36372546386719	82,8109970092773
0,685119652189314	1,36521020507813	82,911003112793
0,685933395288885	1,36707153320313	83,0110015869141
0,686747254803777	1,36842687988281	83,1110000610352
0,687611871398985	1,36989978027344	83,2109985351563
0,688425730913877	1,37139721679688	83,3109970092773
0,689239474013448	1,37295385742188	83,411003112793
0,690104207023978	1,37448291015625	83,5110015869141
0,690917950123549	1,37580700683594	83,6110000610352
0,69173175143078	1,37725634765625	83,7109985351563
0,692596426233649	1,37863122558594	83,8109970092773
0,69341022754088	1,38029321289063	83,911003112793
0,694224087055773	1,38180493164063	84,0110015869141
0,695088703650981	1,383388671875	84,1110000610352
0,695953378453851	1,38483947753906	84,2109985351563
0,696767179761082	1,38627368164063	84,3109970092773
0,697631854563951	1,38813830566406	84,411003112793
0,698496529366821	1,38981237792969	84,5110015869141
0,699310330674052	1,39116772460938	84,6110000610352
0,700175005476922	1,39272766113281	84,7109985351563
0,70103962207213	1,39444384765625	84,8109970092773
0,701853481587023	1,39575610351563	84,911003112793
0,702718098182231	1,39731335449219	85,0110015869141
0,703531899489462	1,39840380859375	85,1110000610352
0,704345700796694	1,4001640625	85,2109985351563
0,705210375599563	1,40186474609375	85,3109970092773
0,706024176906794	1,40343188476563	85,411003112793
0,706837978214026	1,40460620117188	85,5110015869141
0,707651779521257	1,40648791503906	85,6110000610352
0,708465580828488	1,40772082519531	85,7109985351563
0,709330255631357	1,4088349609375	85,8109970092773
0,710144056938589	1,41054895019531	85,911003112793
0,710957800038159	1,41255859375	86,0110015869141
0,711771659553051	1,41356945800781	86,1110000610352
0,71263627614826	1,415287109375	86,2109985351563
0,713450135663152	1,41651049804688	86,3109970092773
0,714263936970383	1,41774304199219	86,411003112793
0,715128611773252	1,41955224609375	86,5110015869141
0,715942354872823	1,42109533691406	86,6110000610352
0,716807087883353	1,42240637207031	86,7109985351563
0,717620830982924	1,42390307617188	86,8109970092773
0,718434632290155	1,42533520507813	86,911003112793
0,719299307093024	1,42679833984375	87,0110015869141
0,720113108400255	1,42827868652344	87,1110000610352
0,720977783203125	1,42989465332031	87,2109985351563
0,721791584510356	1,43133813476563	87,3109970092773
0,722605385817587	1,43303918457031	87,411003112793
0,723470060620457	1,43434106445313	87,5110015869141
0,724283861927688	1,43602661132813	87,6110000610352
0,725097663234919	1,43738269042969	87,7109985351563
0,725911464542151	1,43902612304688	87,8109970092773
0,726725265849382	1,44001599121094	87,911003112793
0,727539067156613	1,44156726074219	88,0110015869141
0,728352868463844	1,4434541015625	88,1110000610352
0,729166669771075	1,44434899902344	88,2109985351563
0,729980471078306	1,44568103027344	88,3109970092773
0,730794272385538	1,44722705078125	88,411003112793
0,731608073692769	1,44858276367188	88,5110015869141
0,732421875	1,45007531738281	88,6110000610352
0,73328654980287	1,4511953125	88,7109985351563
0,734100351110101	1,45304943847656	88,8109970092773
0,734914152417332	1,45415234375	88,911003112793
0,735727953724563	1,45547338867188	89,0110015869141
0,736592570319772	1,45704846191406	89,1110000610352
0,737406429834664	1,45848889160156	89,2109985351563
0,738220231141895	1,46024865722656	89,3109970092773
0,739084905944765	1,46163879394531	89,411003112793
0,739898707251996	1,46325109863281	89,5110015869141
0,740763382054865	1,46429321289063	89,6110000610352
0,741627998650074	1,46584106445313	89,7109985351563
0,742492673452944	1,46728137207031	89,8109970092773
0,743306474760175	1,46863781738281	89,911003112793
0,744171149563044	1,47041137695313	90,0110015869141
0,745035824365914	1,47159973144531	90,1110000610352
0,745849625673145	1,47355688476563	90,2109985351563
0,746714300476015	1,47443835449219	90,3109970092773
0,747528101783246	1,47587829589844	90,411003112793
0,748392776586115	1,47788500976563	90,5110015869141
0,749206519685686	1,47915490722656	90,6110000610352
0,750020320992917	1,48042919921875	90,7109985351563
0,750834180507809	1,48173681640625	90,8109970092773
0,751698797103018	1,48304431152344	90,911003112793
0,75251265661791	1,48478247070313	91,0110015869141
0,75332639971748	1,48600170898438	91,1110000610352
0,754140201024711	1,48777746582031	91,2109985351563
0,754954060539603	1,48887854003906	91,3109970092773
0,755767803639174	1,49068859863281	91,411003112793
0,756632478442043	1,49165466308594	91,5110015869141
0,757446279749274	1,49318371582031	91,6110000610352
0,758260081056505	1,49449658203125	91,7109985351563
0,759124755859375	1,49589855957031	91,8109970092773
0,759938557166606	1,49722546386719	91,911003112793
0,760752358473837	1,49914501953125	92,0110015869141
0,761617033276707	1,50030334472656	92,1110000610352
0,762430834583938	1,50168225097656	92,2109985351563
0,763295451179147	1,50330847167969	92,3109970092773
0,764109310694039	1,50456750488281	92,411003112793
0,764973927289248	1,50583361816406	92,5110015869141
0,76578778680414	1,50756750488281	92,6110000610352
0,766652403399348	1,50918029785156	92,7109985351563
0,76746626291424	1,510568359375	92,8109970092773
0,768330879509449	1,51194262695313	92,911003112793
0,769144739024341	1,51334069824219	93,0110015869141
0,77000935561955	1,51471704101563	93,1110000610352
0,770823156926781	1,516201171875	93,2109985351563
0,771636958234012	1,51751232910156	93,3109970092773
0,772450759541243	1,51904113769531	93,411003112793
0,773264560848475	1,52073059082031	93,5110015869141
0,774078362155706	1,52166931152344	93,6110000610352
0,774892163462937	1,52327587890625	93,7109985351563
0,775705964770168	1,52441577148438	93,8109970092773
0,776519766077399	1,52574340820313	93,911003112793
0,77733356738463	1,52719177246094	94,0110015869141
0,778147426899523	1,52831408691406	94,1110000610352
0,778961169999093	1,52969055175781	94,2109985351563
0,779774971306324	1,53133117675781	94,3109970092773
0,780639646109194	1,53247961425781	94,411003112793
0,781453447416425	1,53399328613281	94,5110015869141
0,782267248723656	1,53528356933594	94,6110000610352
0,783081050030887	1,53681909179688	94,7109985351563
0,783945724833757	1,53819592285156	94,8109970092773
0,784759526140988	1,53953430175781	94,911003112793
0,785624200943857	1,54115197753906	95,0110015869141
0,786438002251089	1,54210266113281	95,1110000610352
0,787302677053958	1,54363391113281	95,2109985351563
0,788167293649167	1,54529724121094	95,3109970092773
0,789031968452036	1,54664819335938	95,411003112793
0,789896643254906	1,54826428222656	95,5110015869141
0,790761318057776	1,549783203125	95,6110000610352
0,791625992860645	1,55099035644531	95,7109985351563
0,792439735960215	1,55244189453125	95,8109970092773
0,793304468970746	1,55403356933594	95,911003112793
0,794118212070316	1,55529711914063	96,0110015869141
0,794932071585208	1,55666479492188	96,1110000610352
0,795796688180417	1,55817333984375	96,2109985351563
0,796610547695309	1,55940490722656	96,3109970092773
0,797424290794879	1,56057385253906	96,411003112793
0,79823809210211	1,56211474609375	96,5110015869141
0,79910276690498	1,56352490234375	96,6110000610352
0,799916568212211	1,56470336914063	96,7109985351563
0,800730427727103	1,56607507324219	96,8109970092773
0,801544170826674	1,5673134765625	96,911003112793
0,802357972133905	1,5688447265625	97,0110015869141
0,803222646936774	1,57022631835938	97,1110000610352
0,804036448244005	1,571912109375	97,2109985351563
0,804850307758898	1,57317346191406	97,3109970092773
0,805664050858468	1,57423547363281	97,411003112793
0,806528725661337	1,576224609375	97,5110015869141
0,807342526968569	1,57712133789063	97,6110000610352
0,8081563282758	1,578611328125	97,7109985351563
0,809021003078669	1,57994226074219	97,8109970092773
0,809834804385901	1,58169128417969	97,911003112793
0,81069947918877	1,58303820800781	98,0110015869141
0,81151322228834	1,58390222167969	98,1110000610352
0,812377955298871	1,5861748046875	98,2109985351563
0,813191698398441	1,58712463378906	98,3109970092773
0,814056373201311	1,58822827148438	98,411003112793
0,814921106211841	1,58981103515625	98,5110015869141
0,815734849311411	1,59105212402344	98,6110000610352
0,816548650618643	1,59259619140625	98,7109985351563
0,817362510133535	1,59376196289063	98,8109970092773
0,818227126728743	1,59518420410156	98,911003112793
0,819040928035975	1,59656616210938	99,0110015869141
0,819854729343206	1,59816088867188	99,1110000610352
0,820668530650437	1,59925231933594	99,2109985351563
0,821482331957668	1,60083874511719	99,3109970092773
0,822296133264899	1,60201513671875	99,411003112793
0,82310993457213	1,60319396972656	99,5110015869141
0,823923794087023	1,60506604003906	99,6110000610352
0,824737537186593	1,60628125	99,7109985351563
0,825551338493824	1,60698742675781	99,8109970092773
0,826365198008716	1,60852221679688	99,911003112793
0,827229814603925	1,60950720214844	100,011001586914
0,828043615911156	1,61128601074219	100,111000061035
0,828857417218387	1,61279321289063	100,210998535156
0,829722092021257	1,61373327636719	100,310997009277
0,830535893328488	1,61490539550781	100,411003112793
0,831400568131357	1,61627856445313	100,511001586914
0,832214369438589	1,61823754882813	100,611000061035
0,833079044241458	1,61879650878906	100,710998535156
0,833943660836667	1,62035009765625	100,810997009277
0,834757520351559	1,6216953125	100,911003112793
0,835622136946768	1,62337939453125	101,011001586914
0,836486811749637	1,62527331542969	101,111000061035
0,837300613056868	1,62590673828125	101,210998535156
0,838165287859738	1,62737915039063	101,310997009277
0,839029962662607	1,62861645507813	101,411003112793
0,839843763969839	1,63004504394531	101,511001586914
0,840657507069409	1,63169995117188	101,611000061035
0,841522240079939	1,63294250488281	101,710998535156
0,84233598317951	1,63417614746094	101,810997009277
0,843149842694402	1,63527001953125	101,911003112793
0,84401445928961	1,63639294433594	102,011001586914
0,844828318804502	1,63806384277344	102,111000061035
0,845642061904073	1,63926513671875	102,210998535156
0,846455863211304	1,64061242675781	102,310997009277
0,847269722726196	1,64184265136719	102,411003112793
0,848083524033427	1,6432265625	102,511001586914
0,848948198836297	1,64473950195313	102,611000061035
0,849761941935867	1,6461357421875	102,710998535156
0,850575743243098	1,64698828125	102,810997009277
0,851440418045968	1,648373046875	102,911003112793
0,852254219353199	1,64996789550781	103,011001586914
0,853068078868091	1,65122973632813	103,111000061035
0,8539326954633	1,65259265136719	103,210998535156
0,854746496770531	1,65367138671875	103,310997009277
0,855611171573401	1,65515588378906	103,411003112793
0,856424972880632	1,65617163085938	103,511001586914
0,85728958947584	1,65777478027344	103,611000061035
0,858103448990732	1,65883471679688	103,710998535156
0,858968065585941	1,66060974121094	103,810997009277
0,859781925100833	1,66150451660156	103,911003112793
0,860646541696042	1,663373046875	104,011001586914
0,861460401210934	1,66419519042969	104,111000061035
0,862274144310504	1,66563903808594	104,210998535156
0,863138877321035	1,66702624511719	104,310997009277
0,863952620420605	1,66873229980469	104,411003112793
0,864766421727836	1,66917028808594	104,511001586914
0,865580281242728	1,67042175292969	104,611000061035
0,866394024342299	1,67176086425781	104,710998535156
0,86720782564953	1,67266662597656	104,810997009277
0,867970753461123	1,67398608398438	104,911003112793
0,868784612976015	1,67529357910156	105,011001586914
0,869598414283246	1,67624243164063	105,111000061035
0,870412157382816	1,67788928222656	105,210998535156
0,871276832185686	1,67893981933594	105,310997009277
0,872090633492917	1,68046118164063	105,411003112793
0,872904493007809	1,68152355957031	105,511001586914
0,873718236107379	1,68318225097656	105,611000061035
0,87453203741461	1,68407824707031	105,710998535156
0,87539671221748	1,68542907714844	105,810997009277
0,876210513524711	1,68677038574219	105,911003112793
0,877075188327581	1,68815417480469	106,011001586914
0,877888989634812	1,68949560546875	106,111000061035
0,878753664437681	1,69053466796875	106,210998535156
0,879618339240551	1,69187060546875	106,310997009277
0,880432140547782	1,69329772949219	106,411003112793
0,881296815350652	1,6949228515625	106,511001586914
0,88216143194586	1,69584326171875	106,611000061035
0,88302610674873	1,69695080566406	106,710998535156
0,8838907815516	1,69819665527344	106,810997009277
0,884704582858831	1,69952758789063	106,911003112793
0,8855692576617	1,70093640136719	107,011001586914
0,886383058968931	1,7019921875	107,111000061035
0,887247733771801	1,70357287597656	107,210998535156
0,888061535079032	1,70474951171875	107,310997009277
0,888875278178602	1,70605883789063	107,411003112793
0,889689137693495	1,70746911621094	107,511001586914
0,890553754288703	1,70869079589844	107,611000061035
0,891367613803595	1,70965454101563	107,710998535156
0,892181415110826	1,71110107421875	107,810997009277
0,893046089913696	1,71243359375	107,911003112793
0,893859891220927	1,71380395507813	108,011001586914
0,894673634320498	1,71443273925781	108,111000061035
0,89548749383539	1,71571337890625	108,210998535156
0,896301295142621	1,71727624511719	108,310997009277
0,89716596994549	1,71835510253906	108,411003112793
0,897979713045061	1,71947973632813	108,511001586914
0,898793514352292	1,72081884765625	108,611000061035
0,899658189155161	1,72226928710938	108,710998535156
0,900471990462393	1,72352380371094	108,810997009277
0,901336665265262	1,72490051269531	108,911003112793
0,902150466572493	1,72622094726563	109,011001586914
0,903015141375363	1,72703674316406	109,111000061035
0,903879816178232	1,72821362304688	109,210998535156
0,904693617485464	1,72981262207031	109,310997009277
0,905558292288333	1,73089221191406	109,411003112793
0,906422908883542	1,73239880371094	109,511001586914
0,907236768398434	1,73348156738281	109,611000061035
0,908101384993643	1,73434436035156	109,710998535156
0,908915244508535	1,73564770507813	109,810997009277
0,909728987608105	1,73708508300781	109,911003112793
0,910542788915336	1,73817102050781	110,011001586914
0,911356648430228	1,73948596191406	110,111000061035
0,912170391529799	1,74034753417969	110,210998535156
0,91298419283703	1,74160363769531	110,310997009277
0,913798052351922	1,74301733398438	110,411003112793
0,914611795451492	1,74418872070313	110,511001586914
0,915425596758723	1,74522607421875	110,611000061035
0,916239456273615	1,74644323730469	110,710998535156
0,917053199373186	1,7476396484375	110,810997009277
0,917867000680417	1,7488935546875	110,911003112793
0,918680860195309	1,7498388671875	111,011001586914
0,919545476790518	1,75110144042969	111,111000061035
0,92035933630541	1,75230090332031	111,210998535156
0,92117307940498	1,75352954101563	111,310997009277
0,92203775420785	1,75490661621094	111,411003112793
0,922851555515081	1,75599377441406	111,511001586914
0,923665356822312	1,75730895996094	111,611000061035
0,924530031625181	1,75853527832031	111,710998535156
0,925394706428051	1,75959265136719	111,810997009277
0,926208507735282	1,76097314453125	111,911003112793
0,927073182538152	1,76255541992188	112,011001586914
0,92793779913336	1,7633994140625	112,111000061035
0,92880247393623	1,76502966308594	112,210998535156
0,929616275243461	1,76583825683594	112,310997009277
0,930480950046331	1,7669091796875	112,411003112793
0,9313456248492	1,76812475585938	112,511001586914
0,932159426156431	1,76925817871094	112,611000061035
0,933024100959301	1,77067614746094	112,710998535156
0,933837902266532	1,77176599121094	112,810997009277
0,934702577069402	1,77322583007813	112,911003112793
0,935516378376633	1,7741904296875	113,011001586914
0,936330121476203	1,77532568359375	113,111000061035
0,937143980991095	1,77632470703125	113,210998535156
0,938008597586304	1,77751062011719	113,310997009277
0,938822457101196	1,77859167480469	113,411003112793
0,939636258408427	1,77994262695313	113,511001586914
0,940450001507998	1,78126171875	113,611000061035
0,94126386102289	1,78215307617188	113,710998535156
0,942077662330121	1,78312145996094	113,810997009277
0,942891405429691	1,78443176269531	113,911003112793
0,943705264944583	1,78537463378906	114,011001586914
0,944569881539792	1,78663122558594	114,111000061035
0,945383741054684	1,78755493164063	114,210998535156
0,946197484154254	1,78900732421875	114,310997009277
0,947062217164785	1,79002612304688	114,411003112793
0,947875960264355	1,79115246582031	114,511001586914
0,948740635067225	1,79222668457031	114,611000061035
0,949554436374456	1,7935537109375	114,710998535156
0,950419111177325	1,79462963867188	114,810997009277
0,951232912484556	1,79550744628906	114,911003112793
0,952097587287426	1,79686315917969	115,011001586914
0,952911388594657	1,79839599609375	115,111000061035
0,953776063397527	1,79938549804688	115,210998535156
0,954589864704758	1,80048596191406	115,310997009277
0,955403607804328	1,80175549316406	115,411003112793
0,956268282607198	1,80283923339844	115,511001586914
0,957082083914429	1,8038935546875	115,611000061035
0,957895943429321	1,80497631835938	115,710998535156
0,958709744736552	1,80582653808594	115,810997009277
0,959523487836123	1,80717517089844	115,911003112793
0,960337347351015	1,80807946777344	116,011001586914
0,961151148658246	1,80941259765625	116,111000061035
0,961964891757816	1,81020007324219	116,210998535156
0,962778751272708	1,81199841308594	116,310997009277
0,963592552579939	1,81257080078125	116,411003112793
0,96440629567951	1,81355578613281	116,511001586914
0,965270970482379	1,81478918457031	116,611000061035
0,96608477178961	1,81577258300781	116,710998535156
0,966898631304502	1,81697058105469	116,810997009277
0,967763247899711	1,81812646484375	116,911003112793
0,968577107414603	1,81932080078125	117,011001586914
0,969441724009812	1,82025561523438	117,111000061035
0,970255525317043	1,82150927734375	117,210998535156
0,971120200119913	1,82279650878906	117,310997009277
0,971934001427144	1,82364782714844	117,411003112793
0,972798618022352	1,82480688476563	117,511001586914
0,973663351032883	1,82627563476563	117,611000061035
0,974477094132453	1,82720617675781	117,710998535156
0,975341768935323	1,82863842773438	117,810997009277
0,976206501945853	1,82954296875	117,911003112793
0,977071118541062	1,83058825683594	118,011001586914
0,977935735136271	1,83187023925781	118,111000061035
0,978749594651163	1,83311804199219	118,210998535156
0,979614211246371	1,83396545410156	118,310997009277
0,980478944256902	1,83499963378906	118,411003112793
0,981292687356472	1,83587646484375	118,511001586914
0,982106546871364	1,83703442382813	118,611000061035
0,982920406386256	1,83804418945313	118,710998535156
0,983734149485826	1,8389189453125	118,810997009277
0,984547892585397	1,84029736328125	118,911003112793
0,985412625595927	1,84119519042969	119,011001586914
0,986226368695498	1,84243176269531	119,111000061035
0,98704022821039	1,84350048828125	119,210998535156
0,98785397130996	1,8444765625	119,310997009277
0,988667830824852	1,84559313964844	119,411003112793
0,989532447420061	1,84667797851563	119,511001586914
0,990346306934953	1,84820825195313	119,611000061035
0,991160050034523	1,84886315917969	119,710998535156
0,992024666629732	1,85025927734375	119,810997009277
0,992838526144624	1,85092114257813	119,911003112793
0,993652385659516	1,85177856445313	120,011001586914
0,994517002254725	1,85320861816406	120,111000061035
0,995330861769617	1,85401647949219	120,210998535156
0,996195478364825	1,85522863769531	120,310997009277
0,997009221464396	1,85589489746094	120,411003112793
0,997873954474926	1,85746057128906	120,511001586914
0,998687697574496	1,8584453125	120,611000061035
0,999552430585027	1,85937133789063	120,710998535156
1,0003661736846	1,86036767578125	120,810997009277
1,00123079027981	1,8614326171875	120,911003112793
1,0020446497947	1,86211169433594	121,011001586914
1,00285850930959	1,86362109375	121,111000061035
1,00367225240916	1,86445825195313	121,210998535156
1,00448611192405	1,86597473144531	121,310997009277
1,00529997143894	1,86668054199219	121,411003112793
1,00611359812319	1,86724829101563	121,511001586914
1,00692745763808	1,86850024414063	121,611000061035
1,00779207423329	1,86936462402344	121,710998535156
1,00860593374819	1,87034826660156	121,810997009277
1,00941979326308	1,87157751464844	121,911003112793
1,01023353636265	1,87259069824219	122,011001586914
1,01104739587754	1,87325549316406	122,111000061035
1,01186125539243	1,8741943359375	122,210998535156
1,01267488207668	1,87525415039063	122,310997009277
1,01353961508721	1,87643701171875	122,411003112793
1,01435335818678	1,87769030761719	122,511001586914
1,01521809119731	1,87828234863281	122,611000061035
1,01603183429688	1,8793662109375	122,710998535156
1,01684569381177	1,88023156738281	122,810997009277
1,01771031040698	1,88062158203125	122,911003112793
1,01857504341751	1,88172192382813	123,011001586914
1,01943966001272	1,88280017089844	123,111000061035
1,02030427660793	1,88395458984375	123,210998535156
1,02111813612282	1,88460363769531	123,310997009277
1,02198275271803	1,88602429199219	123,411003112793
1,02284748572856	1,88708447265625	123,511001586914
1,02371210232377	1,887994140625	123,611000061035
1,02452596183866	1,888984375	123,710998535156
1,02539057843387	1,88992053222656	123,810997009277
1,02620443794876	1,89116198730469	123,911003112793
1,02701818104833	1,89249133300781	124,011001586914
1,02788291405886	1,89292626953125	124,111000061035
1,02869665715843	1,89390930175781	124,210998535156
1,02951051667333	1,89468359375	124,310997009277
1,03037513326854	1,89564465332031	124,411003112793
1,03118899278343	1,89664343261719	124,511001586914
1,03200285229832	1,89751501464844	124,611000061035
1,03286746889353	1,89894384765625	124,710998535156
1,03368132840842	1,90006750488281	124,810997009277
1,03449495509267	1,90064013671875	124,911003112793
1,03530881460756	1,9014345703125	125,011001586914
1,03612267412245	1,90225012207031	125,111000061035
1,03693641722202	1,9035478515625	125,210998535156
1,03780115023255	1,90453747558594	125,310997009277
1,03861489333212	1,90534008789063	125,411003112793
1,03942875284702	1,90655163574219	125,511001586914
1,04029336944222	1,906888671875	125,611000061035
1,04110722895712	1,90823315429688	125,710998535156
1,04197184555233	1,90913256835938	125,810997009277
1,0427855886519	1,91021533203125	125,911003112793
1,04365032166243	1,91089477539063	126,011001586914
1,044464064762	1,91203479003906	126,111000061035
1,0453286813572	1,91294519042969	126,210998535156
1,0461425408721	1,91389831542969	126,310997009277
1,04695640038699	1,91467700195313	126,411003112793
1,0478210169822	1,91581262207031	126,511001586914
1,04863487649709	1,91630993652344	126,611000061035
1,04944861959666	1,9174296875	126,710998535156
1,05026247911155	1,91808215332031	126,810997009277
1,05107633862644	1,91937646484375	126,911003112793
1,05188996531069	1,91989990234375	127,011001586914
1,05265295132995	1,92057385253906	127,111000061035
1,05346681084484	1,92152258300781	127,210998535156
1,05428067035973	1,92264196777344	127,310997009277
1,0550944134593	1,92364208984375	127,411003112793
1,05590815655887	1,92410803222656	127,511001586914
1,05672201607376	1,92482165527344	127,611000061035
1,05753575917333	1,92567309570313	127,710998535156
1,05840049218386	1,92652868652344	127,810997009277
1,05921423528343	1,9271220703125	127,911003112793
1,06002809479833	1,92843859863281	128,011001586914
1,06089271139354	1,92935974121094	128,110992431641
1,06170657090843	1,92997253417969	128,210998535156
1,06252043042332	1,93073083496094	128,311004638672
1,06338504701853	1,93179370117188	128,410995483398
1,06424966361374	1,93287365722656	128,511001586914
1,06511439662427	1,93370361328125	128,610992431641
1,06592813972384	1,93469897460938	128,710998535156
1,06679287273437	1,93523120117188	128,811004638672
1,06765748932958	1,9362294921875	128,910995483398
1,06852210592479	1,93719250488281	129,011001586914
1,06933596543968	1,93806176757813	129,110992431641
1,07020058203489	1,93895361328125	129,210998535156
1,07106531504542	1,94013110351563	129,311004638672
1,07187905814499	1,94048205566406	129,410995483398
1,07274379115552	1,94152978515625	129,511001586914
1,07355753425509	1,942458984375	129,610992431641
1,07442226726562	1,94310400390625	129,710998535156
1,07523601036519	1,94390966796875	129,811004638672
1,07604975346476	1,9447705078125	129,910995483398
1,07686361297965	1,94568542480469	130,011001586914
1,07772822957486	1,94687194824219	130,110992431641
1,07854208908975	1,94723400878906	130,210998535156
1,07935583218932	1,94767712402344	130,311004638672
1,08022056519985	1,94777453613281	130,410995483398
1,08103430829942	1,94881909179688	130,511001586914
1,08184816781431	1,94951818847656	130,610992431641
1,08266202732921	1,95035986328125	130,710998535156
1,08352664392442	1,95138928222656	130,811004638672
1,08434050343931	1,95190979003906	130,910995483398
1,08515413012356	1,95278198242188	131,011001586914
1,08601886313409	1,95341564941406	131,110992431641
1,08688359614462	1,9542314453125	131,210998535156
1,08769733924419	1,9551640625	131,311004638672
1,0885619558394	1,95602160644531	131,410995483398
1,08942668884993	1,95681970214844	131,511001586914
1,09029142186046	1,95779260253906	131,610992431641
1,09115603845567	1,95848876953125	131,710998535156
1,09196989797056	1,95906384277344	131,811004638672
1,09283451456577	1,95983471679688	131,910995483398
1,09364825766534	1,96080541992188	132,011001586914
1,09446200076491	1,96149731445313	132,110992431641
1,09532673377544	1,96226123046875	132,210998535156
1,09614047687501	1,96281359863281	132,311004638672
1,0969543363899	1,96380505371094	132,410995483398
1,09776819590479	1,96462463378906	132,511001586914
1,09858193900436	1,96510607910156	132,610992431641
1,09939579851925	1,96585168457031	132,710998535156
1,10020954161882	1,96670703125	132,811004638672
1,10102328471839	1,9671484375	132,910995483398
1,10183714423329	1,96776831054688	133,011001586914
1,10265100374818	1,96932238769531	133,110992431641
1,10346474684775	1,96933227539063	133,210998535156
1,10432947985828	1,96996691894531	133,311004638672
1,10514322295785	1,9707861328125	133,410995483398
1,10595708247274	1,97162890625	133,511001586914
1,10677082557231	1,97207104492188	133,610992431641
1,10763544216752	1,97249047851563	133,710998535156
1,10844930168241	1,97360607910156	133,811004638672
1,10926304478198	1,97432641601563	133,910995483398
1,11012777779251	1,97490832519531	134,011001586914
1,11099239438772	1,97554174804688	134,110992431641
1,11180625390261	1,97637255859375	134,210998535156
1,11267087049782	1,97696643066406	134,311004638672
1,11353548709303	1,97779931640625	134,410995483398
1,11440022010356	1,97861535644531	134,511001586914
1,11526483669877	1,97953015136719	134,610992431641
1,11607869621366	1,97984655761719	134,710998535156
1,11694331280887	1,98095874023438	134,811004638672
1,11780792940408	1,98156286621094	134,910995483398
1,11862178891897	1,9822822265625	135,011001586914
1,11948640551418	1,98294213867188	135,110992431641
1,12030026502907	1,98358129882813	135,210998535156
1,12116488162428	1,98404296875	135,311004638672
1,12197874113917	1,98477807617188	135,410995483398
1,12279260065407	1,985234375	135,511001586914
1,12360634375364	1,985998046875	135,610992431641
1,12447107676417	1,98642761230469	135,710998535156
1,12528481986374	1,98685217285156	135,811004638672
1,12614955287427	1,98784228515625	135,910995483398
1,12696329597384	1,98817065429688	136,011001586914
1,12777715548873	1,98879772949219	136,110992431641
1,1285908985883	1,98946887207031	136,210998535156
1,12945551518351	1,98984484863281	136,311004638672
1,1302693746984	1,99078674316406	136,410995483398
1,13108311779797	1,99120104980469	136,511001586914
1,1319478508085	1,991703125	136,610992431641
1,13276159390807	1,99272326660156	136,710998535156
1,13357545342296	1,99289733886719	136,811004638672
1,13444007001817	1,99364184570313	136,910995483398
1,13525392953306	1,99417358398438	137,011001586914
1,13611854612827	1,99493322753906	137,110992431641
1,13693240564317	1,99538513183594	137,210998535156
1,13779702223837	1,99604174804688	137,311004638672
1,13861088175327	1,99663122558594	137,410995483398
1,13942462485284	1,99713488769531	137,511001586914
1,14028935786337	1,99778796386719	137,610992431641
1,14110310096294	1,99805712890625	137,710998535156
1,14191684406251	1,99876147460938	137,811004638672
1,1427307035774	1,99946606445313	137,910995483398
1,14354456309229	2,00008935546875	138,011001586914
1,14435830619186	2,00054040527344	138,110992431641
1,14517216570675	2,00117858886719	138,210998535156
1,14598590880632	2,00164514160156	138,311004638672
1,14679965190589	2,00216442871094	138,410995483398
1,14761351142079	2,00281372070313	138,511001586914
1,14842737093568	2,00306726074219	138,610992431641
1,14924111403525	2,003646484375	138,710998535156
1,15005497355014	2,00404992675781	138,811004638672
1,15086871664971	2,00421813964844	138,910995483398
1,15168245974928	2,0050322265625	139,011001586914
1,15249631926417	2,00540454101563	139,110992431641
1,15331017877907	2,00606762695313	139,210998535156
1,15417479537427	2,00667333984375	139,311004638672
1,15498865488917	2,00732958984375	139,410995483398
1,15580239798874	2,00772277832031	139,511001586914
1,15666713099927	2,00829663085938	139,610992431641
1,15748087409884	2,00875329589844	139,710998535156
1,15834560710937	2,00933911132813	139,811004638672
1,15921022370458	2,00995629882813	139,910995483398
1,16007484029979	2,01059289550781	140,011001586914
1,16093957331032	2,01109631347656	140,110992431641
1,16180418990552	2,0114560546875	140,210998535156
1,16261804942042	2,01197229003906	140,311004638672
1,16348266601563	2,01258251953125	140,410995483398
1,16434728261083	2,01293786621094	140,511001586914
1,16521201562136	2,01350122070313	140,610992431641
1,16602575872093	2,0141298828125	140,710998535156
1,16689049173146	2,01451135253906	140,811004638672
1,16770423483104	2,01459606933594	140,910995483398
1,16851809434593	2,01560070800781	141,011001586914
1,16933195386082	2,01545397949219	141,110992431641
1,17019657045603	2,01628698730469	141,210998535156
1,17101042997092	2,01622546386719	141,311004638672
1,17182405665517	2,01670495605469	141,410995483398
1,17263791617006	2,01742797851563	141,511001586914
1,17345177568495	2,01787805175781	141,610992431641
1,17431639228016	2,018224609375	141,710998535156
1,17513025179505	2,01893237304688	141,811004638672
1,17594399489462	2,01905554199219	141,910995483398
1,17680872790515	2,01973010253906	142,011001586914
1,17762247100472	2,02017797851563	142,110992431641
1,17843633051962	2,02044348144531	142,210998535156
1,17930094711483	2,02128674316406	142,311004638672
1,1801146902144	2,02153283691406	142,410995483398
1,18097942322493	2,02171704101563	142,511001586914
1,18184415623546	2,02270202636719	142,610992431641
1,1826577829197	2,02291430664063	142,710998535156
1,18352263234556	2,02333264160156	142,811004638672
1,18433625902981	2,02367333984375	142,910995483398
1,18520099204034	2,02410131835938	143,011001586914
1,18601473513991	2,02458190917969	143,110992431641
1,1868285946548	2,025216796875	143,210998535156
1,18764245416969	2,02547778320313	143,311004638672
1,1885070707649	2,02556945800781	143,410995483398
1,18932093027979	2,02543041992188	143,511001586914
1,19013467337936	2,02568896484375	143,610992431641
1,19094853289425	2,02617993164063	143,710998535156
1,19176227599382	2,02660192871094	143,811004638672
1,19257601909339	2,02695959472656	143,910995483398
1,19338987860829	2,0271650390625	144,011001586914
1,19420373812318	2,02745727539063	144,110992431641
1,19501748122275	2,02808679199219	144,210998535156
1,19583134073764	2,02832153320313	144,311004638672
1,19664508383721	2,02879052734375	144,410995483398
1,19745882693678	2,0291103515625	144,511001586914
1,19832355994731	2,02948950195313	144,610992431641
1,19913730304688	2,03025793457031	144,710998535156
1,19995116256177	2,030326171875	144,811004638672
1,20081577915698	2,03052404785156	144,910995483398
1,20162963867188	2,03106274414063	145,011001586914
1,20249425526708	2,03145361328125	145,110992431641
1,20335898827761	2,03177575683594	145,210998535156
1,20422360487282	2,03247387695313	145,311004638672
1,20508822146803	2,0326240234375	145,410995483398
1,20595295447856	2,03348205566406	145,511001586914
1,20681757107377	2,033353515625	145,610992431641
1,2076823040843	2,0340048828125	145,710998535156
1,20849604718387	2,03444604492188	145,811004638672
1,20936066377908	2,03458264160156	145,910995483398
1,21017452329397	2,03518603515625	146,011001586914
1,21103913988918	2,03498425292969	146,110992431641
1,21185299940407	2,03562121582031	146,210998535156
1,21271761599928	2,035880859375	146,311004638672
1,21353147551417	2,036009765625	146,410995483398
1,21434533502907	2,03625854492188	146,511001586914
1,21515907812864	2,03688098144531	146,610992431641
1,21597293764353	2,03715930175781	146,710998535156
1,21683755423874	2,03734716796875	146,811004638672
1,21765141375363	2,03773486328125	146,910995483398
1,2184651568532	2,03796716308594	147,011001586914
1,21927889995277	2,03791552734375	147,110992431641
1,22009275946766	2,03873547363281	147,210998535156
1,22090661898255	2,0385458984375	147,311004638672
1,22172036208212	2,038861328125	147,410995483398
1,22258509509265	2,03934094238281	147,511001586914
1,22339883819222	2,0398544921875	147,610992431641
1,22426357120276	2,04010607910156	147,710998535156
1,22507731430233	2,04006713867188	147,811004638672
1,22594204731286	2,04084741210938	147,910995483398
1,22675579041243	2,04091772460938	148,011001586914
1,22762052342296	2,04089025878906	148,110992431641
1,2284341501072	2,040849609375	148,210998535156
1,22929899953306	2,04170764160156	148,311004638672
1,23016361612827	2,04170666503906	148,410995483398
1,23097735922784	2,0416279296875	148,511001586914
1,23184209223837	2,04159680175781	148,610992431641
1,23270670883358	2,04191003417969	148,710998535156
1,23352045193315	2,04232653808594	148,811004638672
1,23433431144804	2,04242834472656	148,910995483398
1,23514805454761	2,04277795410156	149,011001586914
1,2359619140625	2,04296130371094	149,110992431641
1,23677577357739	2,04320178222656	149,210998535156
1,23758951667696	2,04344262695313	149,311004638672
1,23840337619185	2,04386303710938	149,410995483398
1,23921711929142	2,04361059570313	149,511001586914
1,240030862391	2,04392211914063	149,610992431641
1,24089559540153	2,044162109375	149,710998535156
1,2417093385011	2,04449951171875	149,811004638672
1,24252319801599	2,04498095703125	149,910995483398
1,24333705753088	2,04485461425781	150,011001586914
1,24415080063045	2,045052734375	150,110992431641
1,24496454373002	2,04506213378906	150,210998535156
1,24582927674055	2,04547338867188	150,311004638672
1,24664301984012	2,04581774902344	150,410995483398
1,24745687935501	2,04578625488281	150,511001586914
1,24832149595022	2,04653930664063	150,610992431641
1,24913535546511	2,04698254394531	150,710998535156
1,24999997206032	2,04664465332031	150,811004638672
1,25086458865553	2,04710400390625	150,910995483398
1,25172932166606	2,04704040527344	151,011001586914
1,25254306476563	2,04742358398438	151,110992431641
1,25340779777616	2,0483759765625	151,210998535156
1,25427241437137	2,04816137695313	151,311004638672
1,25508627388626	2,04863159179688	151,410995483398
1,25595089048147	2,04867504882813	151,511001586914
1,25681550707668	2,04890307617188	151,610992431641
1,25762936659157	2,0488466796875	151,710998535156
1,25844322610646	2,0490419921875	151,811004638672
1,25930784270167	2,04907006835938	151,910995483398
1,26012170221657	2,04945922851563	152,011001586914
1,26093544531614	2,04946508789063	152,110992431641
1,26174930483103	2,04969775390625	152,210998535156
1,26256316434592	2,04992749023438	152,311004638672
1,26337679103017	2,05010571289063	152,410995483398
1,2642415240407	2,05021264648438	152,511001586914
1,26505526714027	2,05025073242188	152,610992431641
1,26586912665516	2,050654296875	152,710998535156
1,26673374325037	2,05092138671875	152,811004638672
1,26754760276526	2,05066625976563	152,910995483398
1,26836146228015	2,05112255859375	153,011001586914
1,26922607887536	2,05125830078125	153,110992431641
1,27003993839026	2,0515458984375	153,210998535156
1,27090455498546	2,05170727539063	153,311004638672
1,27176917158067	2,05164428710938	153,410995483398
1,27258303109556	2,05199340820313	153,511001586914
1,27344764769077	2,05193994140625	153,610992431641
1,27426150720567	2,0520361328125	153,710998535156
1,27512612380087	2,05205859375	153,811004638672
1,2759908568114	2,05223803710938	153,910995483398
1,27680459991097	2,05256591796875	154,011001586914
1,27761845942587	2,05267749023438	154,110992431641
1,27848307602108	2,05266918945313	154,210998535156
1,27929681912065	2,052884765625	154,311004638672
1,28011067863554	2,0528896484375	154,410995483398
1,28092442173511	2,05299975585938	154,511001586914
1,28178915474564	2,05319311523438	154,610992431641
1,28260289784521	2,05330541992188	154,710998535156
1,2834167573601	2,05316137695313	154,811004638672
1,28423061687499	2,05324682617188	154,910995483398
1,28504435997456	2,05358544921875	155,011001586914
1,2858072295785	2,05350439453125	155,110992431641
1,28662108909339	2,05391796875	155,210998535156
1,2874857056886	2,0535849609375	155,311004638672
1,28829956520349	2,05382446289063	155,410995483398
1,28911342471838	2,054015625	155,511001586914
1,28992716781795	2,05367211914063	155,610992431641
1,29074091091752	2,05372094726563	155,710998535156
1,29155477043241	2,05366821289063	155,811004638672
1,29241938702762	2,0535830078125	155,910995483398
1,29323324654251	2,05385571289063	156,011001586914
1,29409786313772	2,05398559570313	156,110992431641
1,29491172265261	2,05457006835938	156,210998535156
1,29572546575218	2,05434887695313	156,311004638672
1,29659019876271	2,05422021484375	156,410995483398
1,29745481535792	2,0545361328125	156,511001586914
1,29826867487282	2,05470166015625	156,610992431641
1,29913329146802	2,05478247070313	156,710998535156
1,29999790806323	2,05517602539063	156,811004638672
1,30086264107376	2,05528076171875	156,910995483398
1,30172725766897	2,05527465820313	157,011001586914
1,30259187426418	2,05537963867188	157,110992431641
1,30345660727471	2,0555947265625	157,210998535156
1,30427035037428	2,0556591796875	157,311004638672
1,30508420988917	2,05586669921875	157,410995483398
1,30594882648438	2,05597412109375	157,511001586914
1,30676268599927	2,05601000976563	157,610992431641
1,30762730259448	2,05611572265625	157,710998535156
1,30844116210938	2,05610986328125	157,811004638672
1,30925502162427	2,05626000976563	157,910995483398
1,31011963821948	2,0561396484375	158,011001586914
1,31093349773437	2,056216796875	158,110992431641
1,31174724083394	2,056314453125	158,210998535156
1,31256098393351	2,056294921875	158,311004638672
1,3133748434484	2,05649780273438	158,410995483398
1,31423946004361	2,05692626953125	158,511001586914
1,3150533195585	2,05641333007813	158,610992431641
1,31591793615371	2,05664233398438	158,710998535156
1,3167317956686	2,05651098632813	158,811004638672
1,31759641226381	2,0567080078125	158,910995483398
1,3184102717787	2,05673364257813	159,011001586914
1,31927488837391	2,05691479492188	159,110992431641
1,3200887478888	2,05683178710938	159,210998535156
1,32095336448401	2,0568564453125	159,311004638672
1,32181798107922	2,05713134765625	159,410995483398
1,32263184059411	2,05711694335938	159,511001586914
1,32349645718932	2,05735546875	159,610992431641
1,32431031670421	2,05714721679688	159,710998535156
1,32517493329942	2,05735717773438	159,811004638672
1,32598879281431	2,05731274414063	159,910995483398
1,32680265232921	2,0572880859375	160,011001586914
1,32761627901345	2,05720703125	160,110992431641
1,32843013852835	2,05725659179688	160,210998535156
1,32924399804324	2,05725219726563	160,311004638672
1,33005774114281	2,05719506835938	160,410995483398
1,3308716006577	2,05722900390625	160,511001586914
1,33168546017259	2,05709521484375	160,610992431641
1,33249920327216	2,05725415039063	160,710998535156
1,33331294637173	2,05717041015625	160,811004638672
1,33412680588663	2,05700341796875	160,910995483398
1,3349405489862	2,057267578125	161,011001586914
1,33575440850109	2,05722509765625	161,110992431641
1,33656826801598	2,05714575195313	161,210998535156
1,33738201111555	2,05697534179688	161,311004638672
1,33819575421512	2,05656103515625	161,410995483398
1,33906037081033	2,05674584960938	161,511001586914
1,33987423032522	2,05653881835938	161,610992431641
1,34068808984011	2,05681787109375	161,710998535156
1,34155270643532	2,056955078125	161,811004638672
1,34236656595021	2,05684497070313	161,910995483398
1,34323118254542	2,05672534179688	162,011001586914
1,34409579914063	2,05701000976563	162,110992431641
1,34496053215116	2,05705834960938	162,210998535156
1,34582514874637	2,05705981445313	162,311004638672
1,34668976534158	2,0570078125	162,410995483398
1,34750362485647	2,05720556640625	162,511001586914
1,34836824145168	2,05724609375	162,610992431641
1,34923297446221	2,057115234375	162,710998535156
1,35004671756178	2,05728295898438	162,811004638672
1,35091145057231	2,05746484375	162,910995483398
1,35172519367188	2,05723168945313	163,011001586914
1,35253905318677	2,057138671875	163,110992431641
1,35335291270167	2,0572998046875	163,210998535156
1,35421752929688	2,05713061523438	163,311004638672
1,35503138881177	2,05706518554688	163,410995483398
1,35584513191134	2,056732421875	163,511001586914
1,35665899142623	2,05693969726563	163,610992431641
1,3574727345258	2,05697192382813	163,710998535156
1,35833735112101	2,056888671875	163,811004638672
1,3591512106359	2,05679418945313	163,910995483398
1,35996495373547	2,05693212890625	164,011001586914
1,360829686746	2,0566953125	164,110992431641
1,36164342984557	2,05700610351563	164,210998535156
1,36245728936046	2,05682250976563	164,311004638672
1,36332190595567	2,0566962890625	164,410995483398
1,36413576547056	2,05661694335938	164,511001586914
1,36494962498546	2,05663208007813	164,610992431641
1,36581424158067	2,05657348632813	164,710998535156
1,36667885817587	2,0567099609375	164,811004638672
1,36749271769077	2,0566142578125	164,910995483398
1,36835733428597	2,05676831054688	165,011001586914
1,36917119380087	2,05662060546875	165,110992431641
1,36998493690044	2,05659521484375	165,210998535156
1,37084955349565	2,05655419921875	165,311004638672
1,37166341301054	2,05631665039063	165,410995483398
1,37247715611011	2,05618383789063	165,511001586914
1,373291015625	2,05608349609375	165,610992431641
1,37410487513989	2,05611987304688	165,710998535156
1,37491861823946	2,0558271484375	165,811004638672
1,37573247775435	2,05582055664063	165,910995483398
1,37654622085392	2,055798828125	166,011001586914
1,3773599639535	2,0560244140625	166,110992431641
1,37817382346839	2,05549633789063	166,210998535156
1,37898768298328	2,05567236328125	166,311004638672
1,37980142608285	2,05538012695313	166,410995483398
1,38066615909338	2,055529296875	166,511001586914
1,38147990219295	2,055197265625	166,610992431641
1,38229364529252	2,05527392578125	166,710998535156
1,38310750480741	2,05499365234375	166,811004638672
1,38397212140262	2,05526220703125	166,910995483398
1,38478598091751	2,0550380859375	167,011001586914
1,38559972401708	2,05494506835938	167,110992431641
1,38646445702761	2,05503198242188	167,210998535156
1,38732907362282	2,0549599609375	167,311004638672
1,38819369021803	2,05501831054688	167,410995483398
1,38905842322856	2,05494799804688	167,511001586914
1,38992303982377	2,05487939453125	167,610992431641
1,39073689933866	2,05480981445313	167,710998535156
1,39160151593387	2,05477465820313	167,811004638672
1,39246613252908	2,05474145507813	167,910995483398
1,39333098195493	2,05455688476563	168,011001586914
1,39419559855014	2,05450732421875	168,110992431641
1,39506021514535	2,05451879882813	168,210998535156
1,39587407466024	2,05448291015625	168,311004638672
1,39673869125545	2,05440161132813	168,410995483398
1,39755243435502	2,05422265625	168,511001586914
1,39841716736555	2,0540869140625	168,610992431641
1,39923091046512	2,05409765625	168,710998535156
1,40004476998001	2,05381884765625	168,811004638672
1,40090938657522	2,05376391601563	168,910995483398
1,40172324609011	2,05377221679688	169,011001586914
1,40253698918968	2,05357299804688	169,110992431641
1,40340172220021	2,05366943359375	169,210998535156
1,40421546529979	2,05334545898438	169,311004638672
1,40502932481468	2,05317260742188	169,410995483398
1,40584318432957	2,05266845703125	169,511001586914
1,40665681101382	2,05278125	169,610992431641
1,40752166043967	2,0520771484375	169,710998535156
1,40833528712392	2,05193994140625	169,811004638672
1,40920002013445	2,05195458984375	169,910995483398
1,41006475314498	2,05186865234375	170,011001586914
1,41087849624455	2,05158935546875	170,110992431641
1,41174311283976	2,051537109375	170,210998535156
1,41260784585029	2,05121069335938	170,311004638672
1,41342158894986	2,05130810546875	170,410995483398
1,41428620554507	2,05107739257813	170,511001586914
1,41515105497092	2,05129663085938	170,610992431641
1,41596468165517	2,050908203125	170,710998535156
1,41677854117006	2,05098999023438	170,811004638672
1,41764315776527	2,05066870117188	170,910995483398
1,41845701728016	2,0507470703125	171,011001586914
1,41927087679505	2,05059228515625	171,110992431641
1,42008461989462	2,05039477539063	171,210998535156
1,42089847940952	2,05007861328125	171,311004638672
1,42171222250909	2,0504619140625	171,410995483398
1,42252596560866	2,04967724609375	171,511001586914
1,42333982512355	2,04924731445313	171,610992431641
1,42415368463844	2,04950073242188	171,710998535156
1,42496742773801	2,04925366210938	171,811004638672
1,4257812872529	2,049201171875	171,910995483398
1,4265951467678	2,04879541015625	172,011001586914
1,42740877345204	2,04898388671875	172,110992431641
1,42827350646257	2,04861206054688	172,210998535156
1,42908724956214	2,04852563476563	172,311004638672
1,42990110907704	2,04833544921875	172,410995483398
1,43071496859193	2,048255859375	172,511001586914
1,43157958518714	2,04797546386719	172,610992431641
1,43239344470203	2,048048828125	172,710998535156
1,4332071878016	2,04775024414063	172,811004638672
1,43407192081213	2,0475712890625	172,910995483398
1,4348856639117	2,04779284667969	173,011001586914
1,43575039692223	2,04766857910156	173,110992431641
1,43661501351744	2,0471201171875	173,210998535156
1,43747963011265	2,04724633789063	173,311004638672
1,43834436312318	2,04718347167969	173,410995483398
1,43915810622275	2,04709155273438	173,511001586914
1,44002283923328	2,04705407714844	173,610992431641
1,44088745582849	2,04664465332031	173,710998535156
1,4417520724237	2,04672351074219	173,811004638672
1,44261680543423	2,04656372070313	173,910995483398
1,44348142202944	2,04645483398438	174,011001586914
1,44429528154433	2,04637524414063	174,110992431641
1,4451090246439	2,04627270507813	174,210998535156
1,44597375765443	2,04623620605469	174,311004638672
1,446787500754	2,04582690429688	174,410995483398
1,44760136026889	2,0457392578125	174,511001586914
1,4484659768641	2,04539807128906	174,610992431641
1,44927983637899	2,04528955078125	174,710998535156
1,45009357947856	2,04490258789063	174,811004638672
1,45090732257813	2,04489660644531	174,910995483398
1,45172118209302	2,04471374511719	175,011001586914
1,45258579868823	2,04433337402344	175,110992431641
1,45339965820313	2,04436450195313	175,210998535156
1,45421351771802	2,04393041992188	175,311004638672
1,45507813431323	2,04387719726563	175,410995483398
1,45589199382812	2,04376867675781	175,511001586914
1,45670573692769	2,04368017578125	175,610992431641
1,45757046993822	2,04293249511719	175,710998535156
1,45838421303779	2,04272802734375	175,811004638672
1,45924894604832	2,04278283691406	175,910995483398
1,46011356264353	2,04285986328125	176,011001586914
1,46092742215842	2,04259362792969	176,110992431641
1,46179203875363	2,04231896972656	176,210998535156
1,4626057818532	2,04224523925781	176,311004638672
1,46347051486373	2,041728515625	176,410995483398
1,4642842579633	2,04135168457031	176,511001586914
1,46509800106287	2,04131701660156	176,610992431641
1,46591186057776	2,04102087402344	176,710998535156
1,46672572009265	2,04082202148438	176,811004638672
1,46759033668786	2,04065417480469	176,910995483398
1,46840419620276	2,03984326171875	177,011001586914
1,46921793930233	2,04004016113281	177,110992431641
1,4700316824019	2,03971704101563	177,210998535156
1,47084554191679	2,03953479003906	177,311004638672
1,47165928501636	2,0392421875	177,410995483398
1,47247314453125	2,03894848632813	177,511001586914
1,47328700404614	2,03862060546875	177,610992431641
1,47410074714571	2,03834069824219	177,710998535156
1,4749146066606	2,03802136230469	177,811004638672
1,47572834976017	2,03758215332031	177,910995483398
1,47659296635538	2,03755163574219	178,011001586914
1,47740682587028	2,03728002929688	178,110992431641
1,47827144246548	2,03728295898438	178,210998535156
1,47908530198038	2,03699865722656	178,311004638672
1,47994991857558	2,03655493164063	178,410995483398
1,48076377809048	2,03646215820313	178,511001586914
1,48162839468569	2,03618090820313	178,610992431641
1,48249301128089	2,03591296386719	178,710998535156
1,48335774429142	2,03606420898438	178,811004638672
1,48422236088663	2,03583422851563	178,910995483398
1,48508709389716	2,03540991210938	179,011001586914
1,48595182690769	2,03520593261719	179,110992431641
1,48676545359194	2,03503039550781	179,210998535156
1,4876303030178	2,03471569824219	179,311004638672
1,48844392970204	2,03446948242188	179,410995483398
1,48930866271257	2,03434020996094	179,511001586914
1,49012240581214	2,03398596191406	179,610992431641
1,49093626532704	2,033701171875	179,710998535156
1,49180088192225	2,03347180175781	179,811004638672
1,49261474143714	2,03325109863281	179,910995483398
1,49342860095203	2,0328505859375	180,011001586914
1,4942423440516	2,03271496582031	180,110992431641
1,49510707706213	2,03244409179688	180,210998535156
1,4959208201617	2,03194763183594	180,311004638672
1,49673456326127	2,03183471679688	180,410995483398
1,49754842277616	2,03155847167969	180,511001586914
1,49841303937137	2,03136901855469	180,610992431641
1,49922689888626	2,03105554199219	180,710998535156
1,50004064198583	2,03056335449219	180,811004638672
1,50090537499636	2,0302099609375	180,910995483398
1,50171911809593	2,02977185058594	181,011001586914
1,50253297761083	2,02945556640625	181,110992431641
1,50339759420604	2,02925170898438	181,210998535156
1,50421145372093	2,028984375	181,311004638672
1,50507607031614	2,02860900878906	181,410995483398
1,50594080332667	2,02846105957031	181,511001586914
1,50680541992188	2,02812670898438	181,610992431641
1,50761927943677	2,02760302734375	181,710998535156
1,50848389603198	2,02743823242188	181,811004638672
1,50934851262718	2,02708947753906	181,910995483398
1,51016237214208	2,02680822753906	182,011001586914
1,51102698873729	2,02660827636719	182,110992431641
1,51189172174782	2,0261376953125	182,210998535156
1,51270546484739	2,02574328613281	182,311004638672
1,51351932436228	2,02539416503906	182,410995483398
1,51433318387717	2,02500451660156	182,511001586914
1,51514681056142	2,024552734375	182,610992431641
1,51596067007631	2,02435302734375	182,710998535156
1,5167745295912	2,0235400390625	182,811004638672
1,51758827269077	2,02340466308594	182,910995483398
1,5184530057013	2,02277294921875	183,011001586914
1,51926674880087	2,02248840332031	183,110992431641
1,52008060831577	2,02189416503906	183,210998535156
1,52089435141534	2,02166821289063	183,311004638672
1,52170809451491	2,02101110839844	183,410995483398
1,52257282752544	2,02064514160156	183,511001586914
1,52338657062501	2,02062463378906	183,610992431641
1,5242004301399	2,0201171875	183,710998535156
1,52506504673511	2,01929797363281	183,811004638672
1,52587890625	2,018869140625	183,910995483398
1,52674352284521	2,01852368164063	184,011001586914
1,5275573823601	2,01804138183594	184,110992431641
1,52842199895531	2,01746044921875	184,210998535156
1,52928673196584	2,0171962890625	184,311004638672
1,53010047506541	2,01671533203125	184,410995483398
1,53096520807594	2,01625146484375	184,511001586914
1,53182982467115	2,01559045410156	184,610992431641
1,53269444126636	2,01490087890625	184,710998535156
1,53350830078125	2,01453637695313	184,811004638672
1,53437291737646	2,01354870605469	184,910995483398
1,53518677689135	2,01360766601563	185,011001586914
1,53600063640624	2,01292980957031	185,110992431641
1,53686525300145	2,01259265136719	185,210998535156
1,53767911251634	2,01133764648438	185,311004638672
1,53849285561591	2,01098937988281	185,410995483398
1,53935758862644	2,0105634765625	185,511001586914
1,54017121531069	2,00950158691406	185,610992431641
1,54098507482558	2,00919299316406	185,710998535156
1,54184969142079	2,00819360351563	185,811004638672
1,54266355093569	2,00771447753906	185,910995483398
1,54347741045058	2,00673461914063	186,011001586914
1,54429115355015	2,00609948730469	186,110992431641
1,54515588656068	2,00544848632813	186,210998535156
1,54596962966025	2,0047373046875	186,311004638672
1,54678348917514	2,00392858886719	186,410995483398
1,54764810577035	2,00295275878906	186,511001586914
1,54851283878088	2,00221130371094	186,610992431641
1,54932658188045	2,00133544921875	186,710998535156
1,55014032498002	2,00028735351563	186,811004638672
1,55100505799055	1,9988125	186,910995483398
1,55181880109012	1,99734448242188	187,011001586914
1,55268341768533	1,9946005859375	187,110992431641
1,55349727720022	1,99056604003906	187,210998535156
1,55436189379543	1,98596691894531	187,311004638672
1,55517575331032	1,9813125	187,410995483398
1,55604036990553	1,9769912109375	187,511001586914
1,55685422942042	1,97178686523438	187,610992431641
1,55766808893532	1,9659072265625	187,710998535156
1,55853270553052	1,95946435546875	187,811004638672
1,55934656504542	1,95233166503906	187,910995483398
1,56016030814499	1,94397277832031	188,011001586914
1,56097416765988	1,90945300292969	188,110992431641
1,56366976443678	-0,163346008300781	188,132995605469
