File Path: D:\Ensayos Víctor\Fase II\PLA virgen\Test Run 1 16-05-2019 10 36 54\DAQ- Crosshead; … - (Timed).txt   
Test: ENSAYOS TRACCION PLA 2
Test Run: Test Run 1
Date: 16/05/2019 10:33:33


Crosshead 	Load 	Time 
mm	kN	sec
0,000254313135883422	0,062232120513916	0,162000000476837
0,000762939464493684	0,0622799491882324	0,261999994516373
0,00137329107019468	0,0624585151672363	0,361999988555908
0,00188191734196153	0,0625981788635254	0,462000012397766
0,00244140619543032	0,0626715431213379	0,561999976634979
0,00284830730379326	0,0628108711242676	0,662000000476837
0,00335693357556011	0,0629088401794434	0,762000024318695
0,0039164224290289	0,0634008445739746	0,861999988555908
0,00457763690064894	0,064317626953125	0,962000012397766
0,00534057608092553	0,0653923034667969	1,06200003623962
0,00615437829765142	0,066090950012207	1,16199994087219
0,00696818005962996	0,0663513565063477	1,26199996471405
0,0078328448580578	0,0665147247314453	1,36199998855591
0,00864664707478369	0,066775016784668	1,46200001239777
0,00946044929150958	0,0670169677734375	1,56200003623962
0,0103251140899374	0,0671511001586914	1,66199994087219
0,0111389163066633	0,0673316802978516	1,76199996471405
0,0119527176138945	0,0676355895996094	1,86199998855591
0,0128173824123223	0,0678130493164063	1,96200001239777
0,0136311846290482	0,0679950714111328	2,06200003623962
0,0144449868457741	0,0681520843505859	2,16199994087219
0,0152587890625	0,0686308670043945	2,26200008392334
0,0160725921887206	0,0688627243041992	2,36199998855591
0,0168863934959518	0,0692125015258789	2,46199989318848
0,017700194803183	0,0694445724487305	2,56200003623962
0,0185648586921161	0,0699146728515625	2,66199994087219
0,0193786618183367	0,0702092666625977	2,76200008392334
0,0201924649445573	0,0707797546386719	2,86199998855591
0,0210571288334904	0,0711725158691406	2,96199989318848
0,021870931959711	0,071567497253418	3,06200003623962
0,0227355958486442	0,0721065063476563	3,16199994087219
0,0236002597375773	0,0722138366699219	3,26200008392334
0,0244140628637979	0,0727518920898438	3,36199998855591
0,025278726752731	0,0729692916870117	3,46199989318848
0,0260925298789516	0,073142578125	3,56200003623962
0,0269571937678847	0,0735419616699219	3,66199994087219
0,0278218594758073	0,0739818954467773	3,76200008392334
0,0286356607830385	0,0743820648193359	3,86199998855591
0,029500326490961	0,0745841827392578	3,96199989318848
0,0303649903798942	0,074870719909668	4,06199979782104
0,0311787916871253	0,0750575180053711	4,16200017929077
0,0320434555760585	0,0753196792602539	4,26200008392334
0,0328572568832897	0,0758252868652344	4,36199998855591
0,0337219244102016	0,0761375732421875	4,46199989318848
0,0345357257174328	0,0763388366699219	4,56199979782104
0,0353495306626428	0,0767788619995117	4,66200017929077
0,0362141909135971	0,0770829238891602	4,76200008392334
0,0370279958588071	0,077402961730957	4,86199998855591
0,0378417971660383	0,0778269653320313	4,96199989318848
0,0386555984732695	0,0781630935668945	5,06199979782104
0,0394694034184795	0,0786306991577148	5,16200017929077
0,0402832047257107	0,0790485763549805	5,26200008392334
0,0411478686146438	0,0798650360107422	5,36199998855591
0,041961669921875	0,0807154312133789	5,46199989318848
0,0427754712291062	0,0813730163574219	5,56199979782104
0,0436401351180393	0,08266748046875	5,66200017929077
0,0444539364252705	0,0833915634155273	5,76200008392334
0,0453186039521825	0,0841602554321289	5,86199998855591
0,0461324052594136	0,0849630126953125	5,96199989318848
0,0469970691483468	0,0860727844238281	6,06199979782104
0,047810870455578	0,0868802032470703	6,16200017929077
0,0486755379824899	0,0876352233886719	6,26200008392334
0,0494893392897211	0,0888043060302734	6,36199998855591
0,0503540031786542	0,0897193298339844	6,46199989318848
0,0512186707055662	0,0911005706787109	6,56199979782104
0,0520324720127974	0,0916410446166992	6,66200017929077
0,0528971359017305	0,0929992446899414	6,76200008392334
0,0537109372089617	0,0940890274047852	6,86199998855591
0,0545756047358736	0,0953758926391602	6,96199989318848
0,0553894060431048	0,0965996856689453	7,06199979782104
0,0562032037123572	0,0976041488647461	7,16200017929077
0,0570678712392692	0,0989482040405273	7,26200008392334
0,0578816725465003	0,100026306152344	7,36199998855591
0,0586954774917103	0,101323211669922	7,46199989318848
0,0595092787989415	0,102689628601074	7,56199979782104
0,0603230764681939	0,104059509277344	7,66200017929077
0,0611368814134039	0,105430191040039	7,76200008392334
0,0619506827206351	0,106666397094727	7,86199998855591
0,0627644913038239	0,108000587463379	7,96199989318848
0,0635782853350975	0,109611778259277	8,0620002746582
0,0643920866423287	0,110733016967773	8,16199970245361
0,0652567541692406	0,112286804199219	8,26200008392334
0,0660705554764718	0,113351913452148	8,36200046539307
0,0668843640596606	0,114839691162109	8,46199989318848
0,0677490243106149	0,116056770324707	8,5620002746582
0,0685628256178461	0,117450202941895	8,66199970245361
0,069427493144758	0,119003898620605	8,76200008392334
0,0702412944519892	0,120209411621094	8,86200046539307
0,0711059547029436	0,121670532226563	8,96199989318848
0,0719197632861324	0,122752731323242	9,0620002746582
0,0727844235370867	0,124036972045898	9,16199970245361
0,073649083788041	0,125267547607422	9,26200008392334
0,0745137585909106	0,126232368469238	9,36200046539307
0,0753275526221842	0,127188591003418	9,46199989318848
0,0761922201490961	0,128238845825195	9,5620002746582
0,077056887676008	0,129166946411133	9,66199970245361
0,0778706889832392	0,130076553344727	9,76200008392334
0,0787353492341936	0,130707611083984	9,86200046539307
0,0796000167611055	0,131588851928711	9,96199989318848
0,0804138180683367	0,132220520019531	10,0620002746582
0,081278478319291	0,132810028076172	10,1619997024536
0,0820922869024798	0,133213485717773	10,2620000839233
0,082906088209711	0,134008544921875	10,3620004653931
0,0837198895169422	0,134716201782227	10,4619998931885
0,0845336908241734	0,135334213256836	10,5620002746582
0,0853983510751277	0,136094802856445	10,6619997024536
0,0862121596583165	0,137001983642578	10,7620000839233
0,0870259609655477	0,137680847167969	10,8620004653931
0,0878906284924597	0,138570251464844	10,9619998931885
0,0887044297996908	0,13949951171875	11,0620002746582
0,0895182238309644	0,140467468261719	11,1619997024536
0,0903320324141532	0,141379516601563	11,2620000839233
0,0911966926651075	0,142182235717773	11,3620004653931
0,0920105012482964	0,143219848632813	11,4619998931885
0,0928751614992507	0,144085571289063	11,5620002746582
0,0936889628064819	0,145102676391602	11,6619997024536
0,0945536303333938	0,146104415893555	11,7620000839233
0,095367431640625	0,147336654663086	11,8620004653931
0,0962320918915793	0,148796875	11,9619998931885
0,0970459004747681	0,15044221496582	12,0620002746582
0,0979105607257225	0,152067794799805	12,1619997024536
0,0987243620329537	0,153703216552734	12,2620000839233
0,0995890295598656	0,155337295532227	12,3620004653931
0,100402830867097	0,156779022216797	12,4619998931885
0,101216639450286	0,158447540283203	12,5620002746582
0,10208129970124	0,159968170166016	12,6619997024536
0,102895101008471	0,161528823852539	12,7620000839233
0,103708902315702	0,163273727416992	12,8620004653931
0,104522703622933	0,164713272094727	12,9619998931885
0,105336512206122	0,166284530639648	13,0620002746582
0,106150306237396	0,167755325317383	13,1619997024536
0,106964114820585	0,169455780029297	13,2620000839233
0,107777916127816	0,171024993896484	13,3620004653931
0,108591710159089	0,172505096435547	13,4619998931885
0,109405518742278	0,174174102783203	13,5620002746582
0,110219320049509	0,17575	13,6619997024536
0,111083987576421	0,177492874145508	13,7620000839233
0,111897788883653	0,178929550170898	13,8620004653931
0,112711582914926	0,1806025390625	13,9619998931885
0,113525391498115	0,182318588256836	14,0620002746582
0,114390051749069	0,183853424072266	14,1619997024536
0,115203860332258	0,185539703369141	14,2620000839233
0,116068520583212	0,187511596679688	14,3620004653931
0,116882321890444	0,189036712646484	14,4619998931885
0,117746989417356	0,190679748535156	14,5620002746582
0,118560790724587	0,192629440307617	14,6619997024536
0,119425450975541	0,194369232177734	14,7620000839233
0,12023925955873	0,196146423339844	14,8620004653931
0,121103919809684	0,197855728149414	14,9619998931885
0,121968587336596	0,199656860351563	15,0620002746582
0,122833254863508	0,201582214355469	15,1619997024536
0,123647056170739	0,203168029785156	15,2620000839233
0,124511716421694	0,205012542724609	15,3620004653931
0,125376391224563	0,206672943115234	15,4619998931885
0,126190192531794	0,208483795166016	15,5620002746582
0,12700397928711	0,210188430786133	15,6619997024536
0,12786865408998	0,212238983154297	15,7620000839233
0,128682455397211	0,213504043579102	15,8620004653931
0,129496256704442	0,215451873779297	15,9619998931885
0,130360916955397	0,216955322265625	16,0620002746582
0,131174732814543	0,219331924438477	16,1620006561279
0,131988519569859	0,220427062988281	16,261999130249
0,13280232087709	0,222462844848633	16,3619995117188
0,133616136736237	0,224270050048828	16,4619998931885
0,134480782435276	0,226268997192383	16,5620002746582
0,135294598294422	0,22767333984375	16,6620006561279
0,136108399601653	0,22943424987793	16,761999130249
0,136973074404523	0,231051788330078	16,8619995117188
0,137786861159839	0,233262222290039	16,9619998931885
0,138651535962708	0,234678009033203	17,0620002746582
0,139465337269939	0,236746963500977	17,1620006561279
0,140329997520894	0,238700485229492	17,261999130249
0,141143798828125	0,240290267944336	17,3619995117188
0,142008473630995	0,242279983520508	17,4619998931885
0,142822260386311	0,244389694213867	17,5620002746582
0,14368693518918	0,246002838134766	17,6620006561279
0,144500736496411	0,247970474243164	17,761999130249
0,145314523251727	0,249746154785156	17,8619995117188
0,146179198054597	0,251647979736328	17,9619998931885
0,147043872857466	0,253534729003906	18,0620002746582
0,147857659612782	0,255081756591797	18,1620006561279
0,148671460920013	0,257537078857422	18,261999130249
0,14948527677916	0,258377655029297	18,3619995117188
0,150299078086391	0,260978393554688	18,4619998931885
0,151112864841707	0,26218017578125	18,5620002746582
0,151926680700853	0,264337341308594	18,6620006561279
0,152740482008085	0,265723846435547	18,761999130249
0,153554268763401	0,268092926025391	18,8619995117188
0,154368084622547	0,269587951660156	18,9619998931885
0,155232744873501	0,272001861572266	19,0620002746582
0,156046560732648	0,273478210449219	19,1620006561279
0,156860347487964	0,275788238525391	19,261999130249
0,157674148795195	0,277161285400391	19,3619995117188
0,158487964654341	0,279527557373047	19,4619998931885
0,15935261035338	0,281131805419922	19,5620002746582
0,160166426212527	0,283466613769531	19,6620006561279
0,161031086463481	0,285162353515625	19,761999130249
0,161844887770712	0,287380859375	19,8619995117188
0,162709548021667	0,289253784179688	19,9619998931885
0,163574222824536	0,291264312744141	20,0620002746582
0,164388009579852	0,293027465820313	20,1620006561279
0,165201825438999	0,295136688232422	20,261999130249
0,166066485689953	0,296985473632813	20,3619995117188
0,166931145940907	0,299356292724609	20,4619998931885
0,167744947248138	0,300964874267578	20,5620002746582
0,168609622051008	0,303151885986328	20,6620006561279
0,169474282301962	0,304893493652344	20,761999130249
0,170288083609194	0,306969116210938	20,8619995117188
0,171152758412063	0,308965057373047	20,9619998931885
0,171966559719294	0,310788848876953	21,0620002746582
0,17278034647461	0,312665679931641	21,1620006561279
0,17364502127748	0,314664215087891	21,261999130249
0,174458822584711	0,316555572509766	21,3619995117188
0,175272623891942	0,318446685791016	21,4619998931885
0,176086425199173	0,32048193359375	21,5620002746582
0,176900226506405	0,322512634277344	21,6620006561279
0,177714027813636	0,324184173583984	21,761999130249
0,178527829120867	0,326031066894531	21,8619995117188
0,179392503923737	0,327927795410156	21,9619998931885
0,180206305230968	0,330140075683594	22,0620002746582
0,181020091986284	0,331907440185547	22,1620006561279
0,181884766789153	0,333913482666016	22,261999130249
0,182698568096384	0,336032897949219	22,3619995117188
0,183563228347339	0,337869720458984	22,4619998931885
0,18437702965457	0,339803405761719	22,5620002746582
0,185190845513716	0,341700073242188	22,6620006561279
0,186055491212755	0,343636322021484	22,761999130249
0,186869307071902	0,345477447509766	22,8619995117188
0,187733967322856	0,347705627441406	22,9619998931885
0,188547768630087	0,349519592285156	23,0620002746582
0,189412428881042	0,351552978515625	23,1620006561279
0,190226244740188	0,353423004150391	23,261999130249
0,191090890439227	0,355398620605469	23,3619995117188
0,191904706298374	0,357397857666016	23,4619998931885
0,192769366549328	0,359507629394531	23,5620002746582
0,193583182408474	0,361226654052734	23,6620006561279
0,194447828107513	0,363363159179688	23,761999130249
0,19526164396666	0,364989044189453	23,8619995117188
0,196075445273891	0,367186737060547	23,9619998931885
0,196889232029207	0,368884521484375	24,0620002746582
0,197703047888353	0,370683898925781	24,1620006561279
0,198516849195585	0,372649017333984	24,261999130249
0,199330635950901	0,374517791748047	24,3619995117188
0,200144451810047	0,376536407470703	24,4619998931885
0,200958253117278	0,378247039794922	24,5620002746582
0,201772054424509	0,380069793701172	24,6620006561279
0,202636714675464	0,381963653564453	24,761999130249
0,203450515982695	0,383841430664063	24,8619995117188
0,204264331841841	0,385864807128906	24,9619998931885
0,20512897754088	0,387729278564453	25,0620002746582
0,205942793400027	0,389700897216797	25,1620006561279
0,206807453650981	0,391598205566406	25,261999130249
0,207621254958212	0,393633666992188	25,3619995117188
0,208435056265444	0,395637176513672	25,4619998931885
0,209299731068313	0,3974208984375	25,5620002746582
0,210113532375544	0,399394836425781	25,6620006561279
0,210978192626499	0,401471893310547	25,761999130249
0,21179199393373	0,403296783447266	25,8619995117188
0,212656668736599	0,405222198486328	25,9619998931885
0,213521314435638	0,407153656005859	26,0620002746582
0,214335130294785	0,409249938964844	26,1620006561279
0,215199790545739	0,411101257324219	26,261999130249
0,21601359185297	0,413218872070313	26,3619995117188
0,216878252103925	0,415287567138672	26,4619998931885
0,217692067963071	0,417253387451172	26,5620002746582
0,21855671366211	0,418805755615234	26,6620006561279
0,219370529521257	0,420911926269531	26,761999130249
0,220184330828488	0,422703521728516	26,8619995117188
0,220998117583804	0,424379333496094	26,9619998931885
0,22181193344295	0,426490661621094	27,0620002746582
0,222676593693905	0,428660003662109	27,1620006561279
0,223490395001136	0,430373016357422	27,261999130249
0,224304196308367	0,432295379638672	27,3619995117188
0,225117997615598	0,434160705566406	27,4619998931885
0,225982672418468	0,436251678466797	27,5620002746582
0,226796459173784	0,438049377441406	27,6620006561279
0,22761027503293	0,440066101074219	27,761999130249
0,228474935283884	0,442048492431641	27,8619995117188
0,229288736591116	0,443883209228516	27,9619998931885
0,230102537898347	0,446005249023438	28,0620002746582
0,230967212701216	0,447805938720703	28,1620006561279
0,231780999456532	0,449738677978516	28,261999130249
0,232645674259402	0,451742340087891	28,3619995117188
0,233459475566633	0,453650482177734	28,4619998931885
0,234324135817587	0,455507446289063	28,5620002746582
0,235137937124819	0,457477691650391	28,6620006561279
0,236002611927688	0,459530151367188	28,761999130249
0,236816413234919	0,461325958251953	28,8619995117188
0,237681073485874	0,463300628662109	28,9619998931885
0,238494874793105	0,4651826171875	29,0620002746582
0,239359549595974	0,467029266357422	29,1620006561279
0,24017333635129	0,46897216796875	29,261999130249
0,240987137658522	0,470821807861328	29,3619995117188
0,241800953517668	0,472764190673828	29,4619998931885
0,242614740272984	0,474712463378906	29,5620002746582
0,243428541580215	0,476504058837891	29,6620006561279
0,244242342887446	0,478299133300781	29,761999130249
0,245056144194677	0,48007470703125	29,8619995117188
0,245869945501909	0,482159210205078	29,9619998931885
0,24668377591297	0,483932525634766	30,0620002746582
0,247497548116371	0,485785552978516	30,1620006561279
0,248311349423602	0,487789001464844	30,261999130249
0,249125179834664	0,489706787109375	30,3619995117188
0,249938952038065	0,491594787597656	30,4619998931885
0,250803626840934	0,49352734375	30,5620002746582
0,251617428148165	0,495470825195313	30,6620006561279
0,252431229455397	0,497470733642578	30,761999130249
0,253295904258266	0,499302459716797	30,8619995117188
0,254109705565497	0,501207641601563	30,9619998931885
0,254974351264536	0,503337005615234	31,0620002746582
0,255788181675598	0,505227325439453	31,1620006561279
0,256601953878999	0,507256011962891	31,261999130249
0,257466657785699	0,509029357910156	31,3619995117188
0,258331303484738	0,511099884033203	31,4619998931885
0,259145104791969	0,513262817382813	31,5620002746582
0,260009779594839	0,51496484375	31,6620006561279
0,26082358090207	0,51690771484375	31,761999130249
0,261688226601109	0,518873474121094	31,8619995117188
0,262552901403978	0,520929077148438	31,9619998931885
0,26336670271121	0,522746337890625	32,0620002746582
0,264231348410249	0,524885437011719	32,1619987487793
0,26504517882131	0,526673828125	32,2620010375977
0,265858980128542	0,528597412109375	32,3619995117188
0,266672752331942	0,530383911132813	32,4620018005371
0,267537456238642	0,532369812011719	32,5620002746582
0,268351228442043	0,5343193359375	32,6619987487793
0,269165029749274	0,536472351074219	32,7620010375977
0,269978860160336	0,5381943359375	32,8619995117188
0,270792632363737	0,540135070800781	32,9620018005371
0,271657307166606	0,542089294433594	33,0620002746582
0,272471108473837	0,543655639648438	33,1619987487793
0,273284909781069	0,545849304199219	33,2620010375977
0,274149555480108	0,54803759765625	33,3619995117188
0,274963385891169	0,549693908691406	33,4620018005371
0,275828031590208	0,551525695800781	33,5620002746582
0,27664183289744	0,553481018066406	33,6619987487793
0,277506507700309	0,555472534179688	33,7620010375977
0,27832030900754	0,5573427734375	33,8619995117188
0,279184954706579	0,559114135742188	33,9620018005371
0,279998785117641	0,561130859375	34,0620002746582
0,280812586424872	0,563019958496094	34,1619987487793
0,281677232123911	0,564982788085938	34,2620010375977
0,282491062534973	0,566883117675781	34,3619995117188
0,283355708234012	0,568679931640625	34,4620018005371
0,284169538645074	0,570773559570313	34,5620002746582
0,285034184344113	0,572613037109375	34,6619987487793
0,285847985651344	0,574523498535156	34,7620010375977
0,286712660454214	0,576374328613281	34,8619995117188
0,287526461761445	0,578396301269531	34,9620018005371
0,288340233964846	0,580274719238281	35,0620002746582
0,289154064375907	0,582189758300781	35,1619987487793
0,289967865683138	0,58416552734375	35,2620010375977
0,290781637886539	0,58578466796875	35,3619995117188
0,291595468297601	0,5876904296875	35,4620018005371
0,292409269604832	0,589625	35,5620002746582
0,293223041808233	0,591091003417969	35,6619987487793
0,294036872219294	0,593492065429688	35,7620010375977
0,294850673526526	0,595492492675781	35,8619995117188
0,295664445729926	0,597134765625	35,9620018005371
0,296478276140988	0,599197387695313	36,0620002746582
0,297292077448219	0,600964782714844	36,1619987487793
0,298156752251089	0,603003234863281	36,2620010375977
0,29897055355832	0,604794250488281	36,3619995117188
0,299784325761721	0,6067099609375	36,4620018005371
0,300649029668421	0,60856591796875	36,5620002746582
0,301462801871821	0,610359741210938	36,6619987487793
0,302276603179052	0,612576843261719	36,7620010375977
0,303141277981922	0,614416625976563	36,8619995117188
0,303955079289153	0,616401245117188	36,9620018005371
0,304819724988192	0,61820263671875	37,0620002746582
0,305684428894892	0,620296142578125	37,1619987487793
0,306498201098293	0,622276550292969	37,2620010375977
0,307362875901163	0,624339538574219	37,3619995117188
0,308227550704032	0,626332092285156	37,4620018005371
0,309041352011263	0,628278991699219	37,5620002746582
0,309905997710302	0,63023779296875	37,6619987487793
0,310770672513172	0,632055908203125	37,7620010375977
0,311584473820403	0,63415234375	37,8619995117188
0,312449119519442	0,636023193359375	37,9620018005371
0,313262949930504	0,637752319335938	38,0620002746582
0,314076751237735	0,639784912109375	38,1619987487793
0,314890523441136	0,641550720214844	38,2620010375977
0,315755227347836	0,643436462402344	38,3619995117188
0,316568999551237	0,645340637207031	38,4620018005371
0,317382800858468	0,647173156738281	38,5620002746582
0,318196631269529	0,649092834472656	38,6619987487793
0,31901040347293	0,650907592773438	38,7620010375977
0,3198750782758	0,652960632324219	38,8619995117188
0,320688879583031	0,654731506347656	38,9620018005371
0,321502680890262	0,656661315917969	39,0620002746582
0,322367326589301	0,658638671875	39,1619987487793
0,323181157000363	0,660620056152344	39,2620010375977
0,324045802699402	0,662559936523438	39,3619995117188
0,324859633110464	0,664472045898438	39,4620018005371
0,325673434417695	0,666288757324219	39,5620002746582
0,326538080116734	0,668168273925781	39,6619987487793
0,327351910527796	0,669995788574219	39,7620010375977
0,328216556226835	0,671773071289063	39,8619995117188
0,329030357534066	0,67400732421875	39,9620018005371
0,329895032336935	0,675781921386719	40,0620002746582
0,330708833644167	0,67755224609375	40,1619987487793
0,331573479343206	0,679840759277344	40,2620010375977
0,332387309754267	0,681438598632813	40,3619995117188
0,333201081957668	0,683398193359375	40,4620018005371
0,334014883264899	0,685254760742188	40,5620002746582
0,334879558067769	0,687251892089844	40,6619987487793
0,335693359375	0,689046813964844	40,7620010375977
0,336507160682231	0,691034362792969	40,8619995117188
0,337320961989462	0,692808837890625	40,9620018005371
0,338134763296694	0,694741943359375	41,0620002746582
0,338948564603925	0,696360290527344	41,1619987487793
0,339813239406794	0,698364013671875	41,2620010375977
0,340627040714026	0,700053100585938	41,3619995117188
0,341440812917426	0,701965576171875	41,4620018005371
0,342254643328488	0,703818298339844	41,5620002746582
0,343068444635719	0,70575244140625	41,6619987487793
0,34388224594295	0,707627075195313	41,7620010375977
0,34474692074582	0,709289001464844	41,8619995117188
0,345560692949221	0,711454956054688	41,9620018005371
0,346374523360282	0,713117309570313	42,0620002746582
0,347239169059321	0,715225402832031	42,1619987487793
0,348052970366552	0,716992492675781	42,2620010375977
0,348917645169422	0,718940368652344	42,3619995117188
0,349731446476653	0,720868103027344	42,4620018005371
0,350596092175692	0,722770141601563	42,5620002746582
0,351460796082392	0,72471337890625	42,6619987487793
0,352274568285793	0,726541809082031	42,7620010375977
0,353139243088663	0,728600463867188	42,8619995117188
0,354003917891532	0,730466430664063	42,9620018005371
0,354817719198763	0,732306274414063	43,0620002746582
0,355682364897802	0,734445983886719	43,1619987487793
0,356496195308864	0,736162536621094	43,2620010375977
0,357360841007903	0,737930114746094	43,3619995117188
0,358174642315134	0,739846435546875	43,4620018005371
0,359039317118004	0,741885803222656	43,5620002746582
0,359853118425235	0,743664306640625	43,6619987487793
0,360666890628636	0,745397155761719	43,7620010375977
0,361480721039698	0,747344665527344	43,8619995117188
0,362294522346929	0,749263305664063	43,9620018005371
0,363159168045968	0,751146118164063	44,0620002746582
0,363972998457029	0,752875854492188	44,1619987487793
0,36478677066043	0,754883361816406	44,2620010375977
0,365600571967661	0,756811279296875	44,3619995117188
0,366414402378723	0,7584609375	44,4620018005371
0,367279048077762	0,760521301269531	44,5620002746582
0,368092878488824	0,762328247070313	44,6619987487793
0,368906650692225	0,764237060546875	44,7620010375977
0,369771325495094	0,766199584960938	44,8619995117188
0,370585126802325	0,768024658203125	44,9620018005371
0,371449801605195	0,769800231933594	45,0620002746582
0,372263573808596	0,771795349121094	45,1619987487793
0,373077404219657	0,77379296875	45,2620010375977
0,373942049918696	0,775578491210938	45,3619995117188
0,374755851225927	0,777399047851563	45,4620018005371
0,375620526028797	0,779206665039063	45,5620002746582
0,376434327336028	0,78097216796875	45,6619987487793
0,377298973035067	0,783147644042969	45,7620010375977
0,378112803446129	0,785014282226563	45,8619995117188
0,378977449145168	0,786852905273438	45,9620018005371
0,379791250452399	0,788718688964844	46,0620002746582
0,380605080863461	0,790462219238281	46,1619987487793
0,381418853066862	0,792612060546875	46,2620010375977
0,382232654374093	0,794386535644531	46,3619995117188
0,383046484785154	0,795995483398438	46,4620018005371
0,383860256988555	0,798046691894531	46,5620002746582
0,384674058295786	0,799829162597656	46,6619987487793
0,385487888706848	0,801462707519531	46,7620010375977
0,386301660910249	0,80345458984375	46,8619995117188
0,38711549132131	0,805270812988281	46,9620018005371
0,38798013702035	0,8070107421875	47,0620002746582
0,388793938327581	0,808911743164063	47,1619987487793
0,389607768738642	0,810660827636719	47,2620010375977
0,390421540942043	0,81225048828125	47,3619995117188
0,391235342249274	0,814306213378906	47,4620018005371
0,392100017052144	0,816292419433594	47,5620002746582
0,392964691855013	0,818365356445313	47,6619987487793
0,393778464058414	0,819938720703125	47,7620010375977
0,394592294469476	0,82177685546875	47,8619995117188
0,395456940168515	0,823661010742188	47,9620018005371
0,396270741475746	0,825422607421875	48,0620002746582
0,397135416278616	0,827443786621094	48,1619987487793
0,398000091081485	0,829344116210938	48,2620010375977
0,398813863284886	0,831139221191406	48,3619995117188
0,399678567191586	0,833211242675781	48,4620018005371
0,400543212890625	0,834965454101563	48,5620002746582
0,401357014197856	0,836885620117188	48,6619987487793
0,402221689000726	0,838636474609375	48,7620010375977
0,403035490307957	0,840541748046875	48,8619995117188
0,403900136006996	0,842447021484375	48,9620018005371
0,404713966418058	0,8440302734375	49,0620002746582
0,405527738621458	0,846256164550781	49,1619987487793
0,406392413424328	0,847926391601563	49,2620010375977
0,407206214731559	0,849719604492188	49,3619995117188
0,40802001603879	0,851659851074219	49,4620018005371
0,408833817346022	0,853282775878906	49,5620002746582
0,409647618653253	0,855123596191406	49,6619987487793
0,410461419960484	0,857197326660156	49,7620010375977
0,411275250371546	0,858873046875	49,8619995117188
0,412139896070585	0,860884094238281	49,9620018005371
0,412953697377816	0,862493103027344	50,0620002746582
0,413767498685047	0,864354553222656	50,1619987487793
0,414581299992278	0,866173278808594	50,2620010375977
0,415445945691317	0,868120483398438	50,3619995117188
0,416259776102379	0,869627014160156	50,4620018005371
0,417124421801418	0,871459167480469	50,5620002746582
0,417938223108649	0,873549255371094	50,6619987487793
0,418752053519711	0,875414672851563	50,7620010375977
0,41961669921875	0,877456909179688	50,8619995117188
0,420430500525981	0,879194396972656	50,9620018005371
0,421295175328851	0,881040466308594	51,0620002746582
0,42215982102789	0,882832214355469	51,1619987487793
0,422973622335121	0,884917358398438	51,2620010375977
0,423838297137991	0,886739562988281	51,3619995117188
0,42470297194086	0,888478759765625	51,4620018005371
0,425516744144261	0,890256164550781	51,5620002746582
0,426330574555323	0,892238647460938	51,6619987487793
0,427144375862554	0,893955505371094	51,7620010375977
0,428009021561593	0,89590966796875	51,8619995117188
0,428822851972654	0,897759399414063	51,9620018005371
0,429636624176055	0,899370544433594	52,0620002746582
0,430450425483286	0,901041320800781	52,1619987487793
0,431264255894348	0,903034057617188	52,2620010375977
0,432078028097749	0,904760498046875	52,3619995117188
0,43289185850881	0,906589233398438	52,4620018005371
0,433705659816042	0,908166137695313	52,5620002746582
0,434519432019442	0,910155090332031	52,6619987487793
0,435333262430504	0,911992065429688	52,7620010375977
0,436197908129543	0,913851745605469	52,8619995117188
0,437011709436774	0,915621887207031	52,9620018005371
0,437825539847836	0,917526977539063	53,0620002746582
0,438690185546875	0,919199829101563	53,1619987487793
0,439503986854106	0,921145141601563	53,2620010375977
0,440317788161337	0,9230888671875	53,3619995117188
0,441182462964207	0,924683166503906	53,4620018005371
0,441996235167608	0,926767639160156	53,5620002746582
0,442860939074308	0,928564514160156	53,6619987487793
0,443674711277708	0,930408996582031	53,7620010375977
0,444539386080578	0,9321875	53,8619995117188
0,445404060883448	0,933979553222656	53,9620018005371
0,446217862190679	0,936050109863281	54,0620002746582
0,447082507889718	0,937671936035156	54,1619987487793
0,447896338300779	0,939652465820313	54,2620010375977
0,448760983999819	0,941426574707031	54,3619995117188
0,44957478530705	0,943289489746094	54,4620018005371
0,450439460109919	0,945185363769531	54,5620002746582
0,451253261417151	0,947056030273438	54,6619987487793
0,452067033620551	0,948575744628906	54,7620010375977
0,452880864031613	0,950444885253906	54,8619995117188
0,453745509730652	0,952531921386719	54,9620018005371
0,454559340141714	0,954188049316406	55,0620002746582
0,455373141448945	0,955946655273438	55,1619987487793
0,456186913652346	0,957765502929688	55,2620010375977
0,457000744063407	0,959626220703125	55,3619995117188
0,457865389762446	0,96168212890625	55,4620018005371
0,458679191069677	0,963279663085938	55,5620002746582
0,459493021480739	0,965049438476563	55,6619987487793
0,46030679368414	0,96694970703125	55,7620010375977
0,461171468487009	0,968499633789063	55,8619995117188
0,461985269794241	0,970527893066406	55,9620018005371
0,46284994459711	0,972384643554688	56,0620002746582
0,463663716800511	0,97423583984375	56,1619987487793
0,464477547211573	0,975846252441406	56,2620010375977
0,465342192910612	0,977695861816406	56,3619995117188
0,466206867713481	0,979587219238281	56,4620018005371
0,467020669020712	0,981377807617188	56,5620002746582
0,467885343823582	0,983284240722656	56,6619987487793
0,468699116026983	0,985255187988281	56,7620010375977
0,469563819933683	0,987031127929688	56,8619995117188
0,470428465632722	0,988835693359375	56,9620018005371
0,471242266939953	0,990738159179688	57,0620002746582
0,472106941742823	0,992537353515625	57,1619987487793
0,472920743050054	0,994337158203125	57,2620010375977
0,473734515253454	0,996012512207031	57,3619995117188
0,474548345664516	0,997750061035156	57,4620018005371
0,475362146971747	0,999462463378906	57,5620002746582
0,476175948278978	1,00117077636719	57,6619987487793
0,47698974958621	1,00286511230469	57,7620010375977
0,477803550893441	1,00459692382813	57,8619995117188
0,478617352200672	1,00654852294922	57,9620018005371
0,479431153507903	1,00830609130859	58,0620002746582
0,480244954815134	1,01003509521484	58,1619987487793
0,481058756122366	1,01176867675781	58,2620010375977
0,481872557429597	1,01361920166016	58,3619995117188
0,482737203128636	1,01538641357422	58,4620018005371
0,483551033539698	1,01725726318359	58,5620002746582
0,484364834846929	1,01910607910156	58,6619987487793
0,485229480545968	1,02093493652344	58,7620010375977
0,486043310957029	1,02257745361328	58,8619995117188
0,486907956656069	1,02425451660156	58,9620018005371
0,4877217579633	1,02620983886719	59,0620002746582
0,488535559270531	1,02804479980469	59,1619987487793
0,489400234073401	1,02985827636719	59,2620010375977
0,49026490887627	1,03166064453125	59,3619995117188
0,491078710183501	1,03338244628906	59,4620018005371
0,491943384986371	1,03530847167969	59,5620002746582
0,492808001581579	1,03711535644531	59,6619987487793
0,493621802888811	1,03905883789063	59,7620010375977
0,49448647769168	1,04104736328125	59,8619995117188
0,495300278998911	1,04269384765625	59,9620018005371
0,496164953801781	1,04465393066406	60,0620002746582
0,496978755109012	1,04651293945313	60,1619987487793
0,497843429911882	1,048046875	60,2620010375977
0,498657231219113	1,04976098632813	60,3619995117188
0,499471032526344	1,05181127929688	60,4620018005371
0,500335707329214	1,05330053710938	60,5620002746582
0,501149450428784	1,05522119140625	60,6619987487793
0,501963309943676	1,05698181152344	60,7620010375977
0,502777111250907	1,05878430175781	60,8619995117188
0,503641786053777	1,06036364746094	60,9620018005371
0,504455587361008	1,06210620117188	61,0620002746582
0,505269330460578	1,06407592773438	61,1619987487793
0,506134005263448	1,06589611816406	61,2620010375977
0,506947806570679	1,0676201171875	61,3619995117188
0,507761666085571	1,06928955078125	61,4620018005371
0,50862628268078	1,07099926757813	61,5620002746582
0,509440142195672	1,07280407714844	61,6619987487793
0,51030475879088	1,07448950195313	61,7620010375977
0,511118618305773	1,07656030273438	61,8619995117188
0,511932361405343	1,07815173339844	61,9620018005371
0,512797036208212	1,07995422363281	62,0620002746582
0,513610837515444	1,0818427734375	62,1619987487793
0,514475512318313	1,08367175292969	62,2620010375977
0,515289313625544	1,08523596191406	62,3619995117188
0,516103114932776	1,0872109375	62,4620018005371
0,516967789735645	1,0890322265625	62,5620002746582
0,517781532835215	1,09066284179688	62,6619987487793
0,518595392350107	1,09225939941406	62,7620010375977
0,519460008945316	1,09415393066406	62,8619995117188
0,520273868460208	1,09589392089844	62,9620018005371
0,521087669767439	1,09761669921875	63,0620002746582
0,52190141286701	1,09919506835938	63,1619987487793
0,522715272381902	1,10103967285156	63,2620010375977
0,523529073689133	1,102798828125	63,3619995117188
0,524342816788703	1,10429174804688	63,4620018005371
0,525156676303595	1,10612707519531	63,5620002746582
0,525970477610826	1,1077841796875	63,6619987487793
0,526784220710397	1,10968054199219	63,7620010375977
0,527598080225289	1,11152783203125	63,8619995117188
0,52841188153252	1,1131025390625	63,9620018005371
0,52922562463209	1,11502172851563	64,0619964599609
0,530090357642621	1,11680749511719	64,1620025634766
0,530904100742191	1,11850805664063	64,2620010375977
0,531717960257083	1,12017346191406	64,3619995117188
0,532582576852292	1,12220703125	64,4619979858398
0,533396436367184	1,12391577148438	64,5619964599609
0,534210179466754	1,12564807128906	64,6620025634766
0,535074912477285	1,12741979980469	64,7620010375977
0,535888655576855	1,12924353027344	64,8619995117188
0,536753330379725	1,13109143066406	64,9619979858398
0,537618005182594	1,13282421875	65,0619964599609
0,538431806489825	1,13467077636719	65,1620025634766
0,539296423085034	1,136419921875	65,2620010375977
0,540161156095564	1,1381640625	65,3619995117188
0,540974899195135	1,13993994140625	65,4619979858398
0,541839573998004	1,14195727539063	65,5619964599609
0,542704307008535	1,14367248535156	65,6620025634766
0,543518050108105	1,14532067871094	65,7620010375977
0,544382724910975	1,14719470214844	65,8619995117188
0,545196526218206	1,14911560058594	65,9619979858398
0,546010327525437	1,15067260742188	66,0619964599609
0,546824128832668	1,15259020996094	66,1620025634766
0,547688803635538	1,15428088378906	66,2620010375977
0,548502604942769	1,15591845703125	66,3619995117188
0,54931640625	1,15756994628906	66,4619979858398
0,550130207557231	1,15923034667969	66,5619964599609
0,550994882360101	1,16103491210938	66,6620025634766
0,551808683667332	1,16276220703125	66,7620010375977
0,552622484974563	1,16454089355469	66,8619995117188
0,553487101569772	1,16616906738281	66,9619979858398
0,554300961084664	1,1681044921875	67,0619964599609
0,555165577679873	1,16960119628906	67,1620025634766
0,555979437194765	1,17157556152344	67,2620010375977
0,556793238501996	1,17327368164063	67,3619995117188
0,557657913304865	1,1750224609375	67,4619979858398
0,558471656404436	1,17678723144531	67,5619964599609
0,559336389414966	1,17842358398438	67,6620025634766
0,560150132514536	1,18026745605469	67,7620010375977
0,561014807317406	1,18218762207031	67,8619995117188
0,561828608624637	1,18388500976563	67,9619979858398
0,562693283427507	1,18554809570313	68,0619964599609
0,563507084734738	1,187087890625	68,1620025634766
0,564320886041969	1,18909460449219	68,2620010375977
0,565185560844839	1,19055004882813	68,3619995117188
0,565999303944409	1,19235876464844	68,4619979858398
0,566813163459301	1,19423449707031	68,5619964599609
0,567626964766532	1,19585620117188	68,6620025634766
0,568440707866102	1,19737780761719	68,7620010375977
0,569254567380995	1,19929052734375	68,8619995117188
0,570068368688226	1,20079772949219	68,9619979858398
0,570882169995457	1,20267602539063	69,0619964599609
0,571695971302688	1,20427355957031	69,1620025634766
0,572509772609919	1,20593054199219	69,2620010375977
0,573374447412789	1,20769775390625	69,3619995117188
0,57418824872002	1,20950146484375	69,4619979858398
0,57500199181959	1,21116687011719	69,5619964599609
0,575815851334482	1,21265246582031	69,6620025634766
0,576629652641714	1,21488110351563	69,7620010375977
0,577443395741284	1,21637438964844	69,8619995117188
0,578308128751814	1,21810827636719	69,9619979858398
0,579121871851385	1,2197021484375	70,0619964599609
0,579935731366277	1,22137316894531	70,1620025634766
0,580800347961485	1,22331665039063	70,2620010375977
0,581614207476377	1,2248515625	70,3619995117188
0,582478824071586	1,22680541992188	70,4619979858398
0,583343498874456	1,22844262695313	70,5619964599609
0,584157300181687	1,23025	70,6620025634766
0,585021974984556	1,23196875	70,7620010375977
0,585886649787426	1,23374890136719	70,8619995117188
0,586751266382635	1,2353681640625	70,9619979858398
0,587615941185504	1,23730346679688	71,0619964599609
0,588429742492735	1,23901086425781	71,1620025634766
0,589294417295605	1,24074780273438	71,2620010375977
0,590108218602836	1,24254760742188	71,3619995117188
0,590922078117728	1,24412438964844	71,4619979858398
0,591735821217299	1,24570654296875	71,5619964599609
0,592600496020168	1,24754382324219	71,6620025634766
0,593414297327399	1,249177734375	71,7620010375977
0,59422809863463	1,25069116210938	71,8619995117188
0,595041958149523	1,25259155273438	71,9619979858398
0,595855701249093	1,25433911132813	72,0619964599609
0,596720376051962	1,25576574707031	72,1620025634766
0,597534177359194	1,25762731933594	72,2620010375977
0,598347978666425	1,25930407714844	72,3619995117188
0,599212653469294	1,26100061035156	72,4619979858398
0,600026454776526	1,26272082519531	72,5619964599609
0,600840256083757	1,26416015625	72,6620025634766
0,601704872678965	1,26605261230469	72,7620010375977
0,602518732193857	1,26777258300781	72,8619995117188
0,603383348789066	1,26960180664063	72,9619979858398
0,604197208303958	1,27138159179688	73,0619964599609
0,605011009611189	1,272783203125	73,1620025634766
0,605875684414059	1,27469665527344	73,2620010375977
0,606740301009268	1,27656091308594	73,3619995117188
0,60755416052416	1,27835095214844	73,4619979858398
0,608418777119368	1,27998901367188	73,5619964599609
0,6092325784266	1,2815390625	73,6620025634766
0,610046379733831	1,28333666992188	73,7620010375977
0,6109110545367	1,28508471679688	73,8619995117188
0,611724855843931	1,28664099121094	73,9619979858398
0,612538657151163	1,28852490234375	74,0619964599609
0,613352458458394	1,28999328613281	74,1620025634766
0,614166259765625	1,2917880859375	74,2620010375977
0,614980061072856	1,29335778808594	74,3619995117188
0,615793862380087	1,29507360839844	74,4619979858398
0,616607663687319	1,29681958007813	74,5619964599609
0,61742146499455	1,29828845214844	74,6620025634766
0,618235266301781	1,29995837402344	74,7620010375977
0,619099941104651	1,30177014160156	74,8619995117188
0,619913742411882	1,30332727050781	74,9619979858398
0,620727543719113	1,30498364257813	75,0619964599609
0,621541345026344	1,30671960449219	75,1620025634766
0,622355146333575	1,30831494140625	75,2620010375977
0,623219762928784	1,30988879394531	75,3619995117188
0,624033622443676	1,31152282714844	75,4619979858398
0,624847423750907	1,31345434570313	75,5619964599609
0,625712098553777	1,31511755371094	75,6620025634766
0,626576715148985	1,31678967285156	75,7620010375977
0,627390574663877	1,31849499511719	75,8619995117188
0,628255191259086	1,32013208007813	75,9619979858398
0,629069050773978	1,32197595214844	76,0619964599609
0,629933667369187	1,32348474121094	76,1620025634766
0,630747468676418	1,32524169921875	76,2620010375977
0,631612143479288	1,32695617675781	76,3619995117188
0,632476818282157	1,32879089355469	76,4619979858398
0,633341493085027	1,33004248046875	76,5619964599609
0,634155294392258	1,33206481933594	76,6620025634766
0,635019969195127	1,33380969238281	76,7620010375977
0,635833712294698	1,33551843261719	76,8619995117188
0,636698445305228	1,33723278808594	76,9619979858398
0,637512188404799	1,33867004394531	77,0619964599609
0,638376863207668	1,34074035644531	77,1620025634766
0,639190664514899	1,34235095214844	77,2620010375977
0,64000446582213	1,3439755859375	77,3619995117188
0,640818325337023	1,34576501464844	77,4619979858398
0,641632068436593	1,34724951171875	77,5619964599609
0,642496743239462	1,34881286621094	77,6620025634766
0,643310544546694	1,35053515625	77,7620010375977
0,644124345853925	1,35232531738281	77,8619995117188
0,644989020656794	1,35410668945313	77,9619979858398
0,645802821964026	1,3554814453125	78,0619964599609
0,646616623271257	1,35697900390625	78,1620025634766
0,647430424578488	1,35885192871094	78,2620010375977
0,648295099381357	1,36048669433594	78,3619995117188
0,649108900688589	1,36213793945313	78,4619979858398
0,649973575491458	1,36388195800781	78,5619964599609
0,650787376798689	1,36540209960938	78,6620025634766
0,65160111989826	1,36714965820313	78,7620010375977
0,652465794701129	1,36886535644531	78,8619995117188
0,65333052771166	1,37048327636719	78,9619979858398
0,65414427081123	1,3719521484375	79,0619964599609
0,6550089456141	1,37402893066406	79,1620025634766
0,655873620416969	1,37574475097656	79,2620010375977
0,6566874217242	1,37734558105469	79,3619995117188
0,657552038319409	1,37907202148438	79,4619979858398
0,658365897834301	1,38059375	79,5619964599609
0,659179699141532	1,38232250976563	79,6620025634766
0,659993442241102	1,38383239746094	79,7620010375977
0,660807301755995	1,38536962890625	79,8619995117188
0,661621103063226	1,38693054199219	79,9619979858398
0,662434904370457	1,38857214355469	80,0619964599609
0,663248705677688	1,39018603515625	80,1620025634766
0,664062506984919	1,39172436523438	80,2620010375977
0,664876308292151	1,39320422363281	80,3619995117188
0,665690109599382	1,39515966796875	80,4619979858398
0,666503910906613	1,39636987304688	80,5619964599609
0,667368585709482	1,39793469238281	80,6620025634766
0,668182387016714	1,39972436523438	80,7620010375977
0,668996130116284	1,40148400878906	80,8619995117188
0,669809989631176	1,40291052246094	80,9619979858398
0,670674606226385	1,40463830566406	81,0619964599609
0,671488465741277	1,40627514648438	81,1620025634766
0,672302267048508	1,40803015136719	81,2620010375977
0,673166941851377	1,40954833984375	81,3619995117188
0,673980684950948	1,41126989746094	81,4619979858398
0,674845417961478	1,41273779296875	81,5619964599609
0,675659161061049	1,41436499023438	81,6620025634766
0,676523835863918	1,41609008789063	81,7620010375977
0,677337637171149	1,41764440917969	81,8619995117188
0,678202311974019	1,41940979003906	81,9619979858398
0,679066928569227	1,42117541503906	82,0619964599609
0,67988078808412	1,42269494628906	82,1620025634766
0,680745404679328	1,42432312011719	82,2620010375977
0,681610079482198	1,42594018554688	82,3619995117188
0,682423880789429	1,42756555175781	82,4619979858398
0,683237740304321	1,42936291503906	82,5619964599609
0,68410235689953	1,43084057617188	82,6620025634766
0,684916216414422	1,43251171875	82,7620010375977
0,685729959513992	1,434166015625	82,8619995117188
0,686543760821223	1,43565100097656	82,9619979858398
0,687408435624093	1,43733386230469	83,0619964599609
0,688222236931324	1,43880749511719	83,1620025634766
0,689036096446216	1,44070300292969	83,2620010375977
0,689849839545786	1,44218359375	83,3619995117188
0,690663640853018	1,44364965820313	83,4619979858398
0,691528315655887	1,44534558105469	83,5619964599609
0,692342116963118	1,446892578125	83,6620025634766
0,693206791765988	1,44862145996094	83,7620010375977
0,694020593073219	1,45014392089844	83,8619995117188
0,694885267876089	1,45175732421875	83,9619979858398
0,695699010975659	1,45342199707031	84,0619964599609
0,696512870490551	1,4550224609375	84,1620025634766
0,69737748708576	1,45645654296875	84,2620010375977
0,698242161888629	1,45829602050781	84,3619995117188
0,69905596319586	1,45976843261719	84,4619979858398
0,69992063799873	1,46155944824219	84,5619964599609
0,700734439305961	1,46296728515625	84,6620025634766
0,701599114108831	1,4645302734375	84,7620010375977
0,702412915416062	1,46633422851563	84,8619995117188
0,703226716723293	1,46781140136719	84,9619979858398
0,704091391526163	1,46938977050781	85,0619964599609
0,704905192833394	1,47100573730469	85,1620025634766
0,705718994140625	1,47276098632813	85,2620010375977
0,706532795447856	1,47428173828125	85,3619995117188
0,707346596755087	1,47581225585938	85,4619979858398
0,708160398062319	1,47757775878906	85,5619964599609
0,70897419936955	1,4788466796875	85,6620025634766
0,709788000676781	1,48046044921875	85,7620010375977
0,710601801984012	1,481853515625	85,8619995117188
0,711415603291243	1,48375830078125	85,9619979858398
0,712229404598475	1,48516455078125	86,0619964599609
0,713094079401344	1,48658459472656	86,1620025634766
0,713907880708575	1,488259765625	86,2620010375977
0,714721682015806	1,48972717285156	86,3619995117188
0,715535483323038	1,49138269042969	86,4619979858398
0,716349284630269	1,4929306640625	86,5619964599609
0,717213901225477	1,49448999023438	86,6620025634766
0,71802776074037	1,49608569335938	86,7620010375977
0,718841562047601	1,49764270019531	86,8619995117188
0,71970623685047	1,49935913085938	86,9619979858398
0,720520038157701	1,50075073242188	87,0619964599609
0,721384712960571	1,50223828125	87,1620025634766
0,722198514267802	1,50393408203125	87,2620010375977
0,723063189070672	1,50569970703125	87,3619995117188
0,723876932170242	1,50713854980469	87,4619979858398
0,724741665180773	1,50895300292969	87,5619964599609
0,725606281775981	1,51056237792969	87,6620025634766
0,726420083083212	1,51205798339844	87,7620010375977
0,727284757886082	1,51361303710938	87,8619995117188
0,728098559193313	1,5154697265625	87,9619979858398
0,728912360500544	1,51683422851563	88,0619964599609
0,729777035303414	1,51836364746094	88,1620025634766
0,730590836610645	1,51999951171875	88,2620010375977
0,731404579710215	1,52140649414063	88,3619995117188
0,732218439225107	1,5230556640625	88,4619979858398
0,733032240532339	1,52437646484375	88,5619964599609
0,733845983631909	1,52593115234375	88,6620025634766
0,734710716642439	1,52751220703125	88,7620010375977
0,73552445974201	1,52885375976563	88,8619995117188
0,736338319256902	1,53065893554688	88,9619979858398
0,737152120564133	1,53208947753906	89,0619964599609
0,738016795367002	1,53377807617188	89,1620025634766
0,738830538466573	1,53518542480469	89,2620010375977
0,739695271477103	1,53669482421875	89,3619995117188
0,740509014576674	1,53833728027344	89,4619979858398
0,741373689379543	1,53999853515625	89,5619964599609
0,742187490686774	1,54154235839844	89,6620025634766
0,743001291994005	1,54314172363281	89,7620010375977
0,743865966796875	1,54456188964844	89,8619995117188
0,744730641599745	1,54638525390625	89,9619979858398
0,745544442906976	1,54782788085938	90,0619964599609
0,746409117709845	1,54955834960938	90,1620025634766
0,747222919017076	1,55111169433594	90,2620010375977
0,748087593819946	1,55263684082031	90,3619995117188
0,748901395127177	1,55396020507813	90,4619979858398
0,749766069930047	1,5555888671875	90,5619964599609
0,750579813029617	1,55713439941406	90,6620025634766
0,751393614336848	1,55859741210938	90,7620010375977
0,752258289139718	1,56018542480469	90,8619995117188
0,753072090446949	1,56173034667969	90,9619979858398
0,753885949961841	1,5628935546875	91,0619964599609
0,754699693061411	1,56448071289063	91,1620025634766
0,755513494368643	1,56590478515625	91,2620010375977
0,756327353883535	1,56740185546875	91,3619995117188
0,757141096983105	1,56917614746094	91,4619979858398
0,757954898290336	1,57028076171875	91,5619964599609
0,758768757805228	1,5718544921875	91,6620025634766
0,759582500904799	1,57361596679688	91,7620010375977
0,76039630221203	1,57495422363281	91,8619995117188
0,761260977014899	1,57653234863281	91,9619979858398
0,76207477832213	1,57808447265625	92,0619964599609
0,762888637837023	1,57956652832031	92,1620025634766
0,763702380936593	1,58103991699219	92,2620010375977
0,764567055739462	1,58264099121094	92,3619995117188
0,765380857046694	1,58417236328125	92,4619979858398
0,766245531849563	1,58578662109375	92,5619964599609
0,767059333156794	1,58732702636719	92,6620025634766
0,767924007959664	1,58870361328125	92,7620010375977
0,768788624554873	1,59041625976563	92,8619995117188
0,769602484069765	1,591966796875	92,9619979858398
0,770467100664973	1,5935419921875	93,0619964599609
0,771331775467843	1,59514306640625	93,1620025634766
0,772196450270712	1,59657775878906	93,2620010375977
0,773061125073582	1,59818811035156	93,3619995117188
0,773874926380813	1,59987609863281	93,4619979858398
0,774739542976022	1,60132116699219	93,5619964599609
0,775553402490914	1,60276953125	93,6620025634766
0,776418019086123	1,60418884277344	93,7620010375977
0,777231878601015	1,60573583984375	93,8619995117188
0,778045679908246	1,60736682128906	93,9619979858398
0,778859423007816	1,60850183105469	94,0619964599609
0,779673282522708	1,61023986816406	94,1620025634766
0,780537899117917	1,61167395019531	94,2620010375977
0,781351758632809	1,61314245605469	94,3619995117188
0,782165501732379	1,61471398925781	94,4619979858398
0,78297930303961	1,61604016113281	94,5619964599609
0,783793162554502	1,6176416015625	94,6620025634766
0,784657779149711	1,61908410644531	94,7620010375977
0,785471638664603	1,62064904785156	94,8619995117188
0,786285381764174	1,62192016601563	94,9619979858398
0,787099183071405	1,62345458984375	95,0619964599609
0,787963857874274	1,62489404296875	95,1620025634766
0,788777659181505	1,62635998535156	95,2620010375977
0,789591518696398	1,62791772460938	95,3619995117188
0,790456135291606	1,62935424804688	95,4619979858398
0,791269936598837	1,63083337402344	95,5619964599609
0,792134611401707	1,6324091796875	95,6620025634766
0,792948412708938	1,6338896484375	95,7620010375977
0,793813029304147	1,63527429199219	95,8619995117188
0,794626888819039	1,63688757324219	95,9619979858398
0,795491505414248	1,63854956054688	96,0619964599609
0,79630536492914	1,63988781738281	96,1620025634766
0,797119166236371	1,64146313476563	96,2620010375977
0,79798384103924	1,64272106933594	96,3619995117188
0,798797584138811	1,644177734375	96,4619979858398
0,799611385446042	1,64578918457031	96,5619964599609
0,800425244960934	1,64704797363281	96,6620025634766
0,801238988060504	1,64839038085938	96,7620010375977
0,802001974079758	1,64987951660156	96,8619995117188
0,802815717179328	1,65119702148438	96,9619979858398
0,803680391982198	1,65270324707031	97,0619964599609
0,804443378001451	1,6541884765625	97,1620025634766
0,805308052804321	1,655646484375	97,2620010375977
0,806121854111552	1,65679943847656	97,3619995117188
0,806935597211123	1,65840954589844	97,4619979858398
0,807749456726015	1,65971411132813	97,5619964599609
0,808563258033246	1,66095666503906	97,6620025634766
0,809377001132816	1,66246252441406	97,7620010375977
0,810241675935686	1,6639287109375	97,8619995117188
0,811055477242917	1,66534265136719	97,9619979858398
0,811920152045786	1,66699401855469	98,0619964599609
0,812733953353018	1,66841040039063	98,1620025634766
0,813598628155887	1,66987426757813	98,2620010375977
0,814412429463118	1,671390625	98,3619995117188
0,815277104265988	1,67286791992188	98,4619979858398
0,816141779068857	1,67434289550781	98,5619964599609
0,817006395664066	1,67605895996094	98,6620025634766
0,817871070466936	1,67735595703125	98,7620010375977
0,818735803477466	1,67892150878906	98,8619995117188
0,819549546577036	1,68024914550781	98,9619979858398
0,820414221379906	1,68174572753906	99,0619964599609
0,821228022687137	1,68341174316406	99,1620025634766
0,822092697490007	1,68472644042969	99,2620010375977
0,822906498797238	1,686087890625	99,3619995117188
0,823720300104469	1,68768139648438	99,4619979858398
0,824584974907339	1,68911474609375	99,5619964599609
0,825398718006909	1,69048779296875	99,6620025634766
0,826212577521801	1,69175378417969	99,7620010375977
0,827026378829032	1,69326171875	99,8619995117188
0,827891053631902	1,69451745605469	99,9619979858398
0,828704854939133	1,69621057128906	100,061996459961
0,829518598038703	1,69766345214844	100,162002563477
0,830332457553595	1,69881079101563	100,262001037598
0,831197074148804	1,70046142578125	100,361999511719
0,832010933663696	1,70192834472656	100,46199798584
0,832824734970927	1,70330615234375	100,561996459961
0,833689409773797	1,7044296875	100,662002563477
0,834503152873367	1,70617602539063	100,762001037598
0,835316954180598	1,70771813964844	100,861999511719
0,836181628983468	1,70872192382813	100,96199798584
0,836995430290699	1,71043359375	101,061996459961
0,837860105093569	1,7118642578125	101,162002563477
0,8386739064008	1,71336303710938	101,262001037598
0,839538581203669	1,71478930664063	101,361999511719
0,840352382510901	1,71623022460938	101,46199798584
0,84121705731377	1,71766333007813	101,561996459961
0,84203080041334	1,71908557128906	101,662002563477
0,842895533423871	1,72046728515625	101,762001037598
0,843709276523441	1,72194177246094	101,861999511719
0,844523136038333	1,72335083007813	101,96199798584
0,845336937345564	1,72472326660156	102,061996459961
0,846201612148434	1,72597583007813	102,162002563477
0,847015355248004	1,72732104492188	102,262001037598
0,847829156555235	1,72873815917969	102,361999511719
0,848643016070127	1,73006262207031	102,46199798584
0,849456759169698	1,73140930175781	102,561996459961
0,850270560476929	1,73272875976563	102,662002563477
0,851084419991821	1,73417529296875	102,762001037598
0,851898221299052	1,73553564453125	102,861999511719
0,852711964398623	1,7368134765625	102,96199798584
0,853525823913515	1,73831127929688	103,061996459961
0,854339625220746	1,73956176757813	103,162002563477
0,855204300023615	1,74092687988281	103,262001037598
0,856018043123186	1,74223767089844	103,361999511719
0,856831844430417	1,74379150390625	103,46199798584
0,857696519233286	1,74515979003906	103,561996459961
0,858510320540518	1,74652478027344	103,662002563477
0,859374995343387	1,74786926269531	103,762001037598
0,860188796650618	1,74924438476563	103,861999511719
0,861053471453488	1,75064587402344	103,96199798584
0,861918146256357	1,75189453125	104,061996459961
0,862731947563589	1,75336096191406	104,162002563477
0,863596622366458	1,75478735351563	104,262001037598
0,864461238961667	1,75624731445313	104,361999511719
0,865325913764536	1,75765490722656	104,46199798584
0,866139715071768	1,75911596679688	104,561996459961
0,867004389874637	1,76050183105469	104,662002563477
0,867818191181868	1,76194226074219	104,762001037598
0,868682865984738	1,76319384765625	104,861999511719
0,869496667291969	1,76468957519531	104,96199798584
0,8703104685992	1,7660712890625	105,061996459961
0,871175085194409	1,76747387695313	105,162002563477
0,871988944709301	1,76866784667969	105,262001037598
0,872802746016532	1,76984704589844	105,361999511719
0,873616489116102	1,77130041503906	105,46199798584
0,874430348630995	1,77270043945313	105,561996459961
0,875244149938226	1,77398034667969	105,662002563477
0,876057951245457	1,77517797851563	105,762001037598
0,876922626048326	1,77655505371094	105,861999511719
0,877736369147897	1,77806787109375	105,96199798584
0,878550228662789	1,779279296875	106,061996459961
0,879414845257998	1,78063818359375	106,162002563477
0,88022870477289	1,78208703613281	106,262001037598
0,881042506080121	1,78354345703125	106,361999511719
0,88190718088299	1,78500256347656	106,46199798584
0,882771797478199	1,78641174316406	106,561996459961
0,883585656993091	1,78766345214844	106,662002563477
0,8844502735883	1,78897790527344	106,762001037598
0,885264074895531	1,79042065429688	106,861999511719
0,886128749698401	1,79173522949219	106,96199798584
0,88699342450127	1,79316687011719	107,061996459961
0,88780716760084	1,79429382324219	107,162002563477
0,888671900611371	1,79571313476563	107,262001037598
0,889485643710941	1,79694091796875	107,361999511719
0,890299503225833	1,79829699707031	107,46199798584
0,891113304533064	1,79952734375	107,561996459961
0,891927047632635	1,80089599609375	107,662002563477
0,892791722435504	1,80218591308594	107,762001037598
0,893605523742735	1,8034990234375	107,861999511719
0,894419383257627	1,80472607421875	107,96199798584
0,895233126357198	1,80589587402344	108,061996459961
0,896046927664429	1,80731286621094	108,162002563477
0,896860787179321	1,80857922363281	108,262001037598
0,897674588486552	1,80982177734375	108,361999511719
0,898488331586123	1,81122985839844	108,46199798584
0,899302191101015	1,8124384765625	108,561996459961
0,900115992408246	1,81363012695313	108,662002563477
0,900980667211115	1,81503369140625	108,762001037598
0,901794410310686	1,81644763183594	108,861999511719
0,902608211617917	1,81766052246094	108,96199798584
0,903472886420786	1,81902270507813	109,061996459961
0,904286687728018	1,82034899902344	109,162002563477
0,90510054724291	1,82151940917969	109,262001037598
0,905965163838118	1,8228291015625	109,361999511719
0,90677896514535	1,82422180175781	109,46199798584
0,907643639948219	1,82545288085938	109,561996459961
0,90845744125545	1,82683874511719	109,662002563477
0,909322057850659	1,82808728027344	109,762001037598
0,910186790861189	1,82960363769531	109,861999511719
0,91100053396076	1,83082507324219	109,96199798584
0,911865208763629	1,83229357910156	110,061996459961
0,91272994177416	1,8333916015625	110,162002563477
0,91354368487373	1,83423132324219	110,262001037598
0,9144083596766	1,83558288574219	110,361999511719
0,915222160983831	1,83689172363281	110,46199798584
0,916035962291062	1,83819128417969	110,561996459961
0,916900637093931	1,83958312988281	110,662002563477
0,917714438401163	1,8407392578125	110,762001037598
0,918528239708394	1,84214611816406	110,861999511719
0,919342041015625	1,84343603515625	110,96199798584
0,920206715818495	1,84482116699219	111,061996459961
0,921020517125726	1,84594299316406	111,162002563477
0,921834318432957	1,84733410644531	111,262001037598
0,922648119740188	1,84849304199219	111,361999511719
0,923512736335397	1,84988232421875	111,46199798584
0,924326595850289	1,8512626953125	111,561996459961
0,92514039715752	1,85230432128906	111,662002563477
0,92600507196039	1,85370141601563	111,762001037598
0,926818873267621	1,85504016113281	111,861999511719
0,92768354807049	1,85633178710938	111,96199798584
0,928497291170061	1,85764721679688	112,061996459961
0,929362024180591	1,85876818847656	112,162002563477
0,930175767280161	1,8600322265625	112,262001037598
0,931040442083031	1,86148229980469	112,361999511719
0,931854243390262	1,86265319824219	112,46199798584
0,932718918193132	1,86399609375	112,561996459961
0,933532719500363	1,86532946777344	112,662002563477
0,934397394303232	1,86665209960938	112,762001037598
0,935211195610464	1,86782104492188	112,861999511719
0,936075870413333	1,86912353515625	112,96199798584
0,936889671720564	1,870328125	113,061996459961
0,937703414820135	1,87152478027344	113,162002563477
0,938517274335027	1,87274279785156	113,262001037598
0,939331075642258	1,8740927734375	113,361999511719
0,940195750445127	1,87526123046875	113,46199798584
0,941009493544698	1,87643310546875	113,561996459961
0,941823294851929	1,87779052734375	113,662002563477
0,942586222663522	1,87877502441406	113,762001037598
0,943400082178414	1,88002258300781	113,861999511719
0,944213883485645	1,88123303222656	113,96199798584
0,945027626585215	1,88245288085938	114,061996459961
0,945892359595746	1,88365051269531	114,162002563477
0,946706102695316	1,88493359375	114,262001037598
0,947519962210208	1,88595617675781	114,361999511719
0,948333763517439	1,88737658691406	114,46199798584
0,94914750661701	1,88848046875	114,561996459961
0,950012181419879	1,88970349121094	114,662002563477
0,95082598272711	1,89092370605469	114,762001037598
0,95169065752998	1,89239575195313	114,861999511719
0,952504458837211	1,8935244140625	114,96199798584
0,953369133640081	1,89469128417969	115,061996459961
0,954182934947312	1,89584191894531	115,162002563477
0,955047609750181	1,89723083496094	115,262001037598
0,955912284553051	1,89850854492188	115,361999511719
0,95677690114826	1,89973791503906	115,46199798584
0,957641575951129	1,9007880859375	115,561996459961
0,95845537725836	1,90208081054688	115,662002563477
0,95932005206123	1,90328723144531	115,762001037598
0,960133853368461	1,9044921875	115,861999511719
0,960998528171331	1,90581201171875	115,96199798584
0,961812329478562	1,90696337890625	116,061996459961
0,962677004281431	1,90810510253906	116,162002563477
0,963490805588663	1,90944885253906	116,262001037598
0,964355480391532	1,91053344726563	116,361999511719
0,965169223491102	1,91159533691406	116,46199798584
0,965983083005995	1,91288513183594	116,561996459961
0,966796884313226	1,91420739746094	116,662002563477
0,967661559116095	1,91531994628906	116,762001037598
0,968475360423326	1,91656701660156	116,861999511719
0,969289103522897	1,9175751953125	116,96199798584
0,970102963037789	1,91872143554688	117,061996459961
0,970967579632998	1,92007153320313	117,162002563477
0,97178143914789	1,92115258789063	117,262001037598
0,972595240455121	1,92234814453125	117,361999511719
0,97345991525799	1,92351306152344	117,46199798584
0,974273658357561	1,92457702636719	117,561996459961
0,975087459664792	1,92584912109375	117,662002563477
0,975952134467661	1,92687573242188	117,762001037598
0,976765877567232	1,92802954101563	117,861999511719
0,977630610577762	1,92942224121094	117,96199798584
0,978444353677332	1,93058312988281	118,061996459961
0,979309086687863	1,93167626953125	118,162002563477
0,980122829787433	1,9327763671875	118,262001037598
0,980936689302325	1,93387512207031	118,361999511719
0,981801305897534	1,93475866699219	118,46199798584
0,982615165412426	1,93616955566406	118,561996459961
0,983428908511996	1,93738659667969	118,662002563477
0,984242768026888	1,938287109375	118,762001037598
0,98505662754178	1,9395595703125	118,861999511719
0,985870370641351	1,94077172851563	118,96199798584
0,986735103651881	1,94162646484375	119,061996459961
0,987497973255813	1,94277941894531	119,162002563477
0,988362589851022	1,94387512207031	119,262001037598
0,989176449365914	1,94505517578125	119,361999511719
0,989990192465484	1,94613525390625	119,46199798584
0,990804051980376	1,94707299804688	119,561996459961
0,991617911495268	1,94823645019531	119,662002563477
0,992431654594839	1,94933422851563	119,762001037598
0,993245397694409	1,95039379882813	119,861999511719
0,994059257209301	1,95140625	119,96199798584
0,99492387380451	1,95261889648438	120,061996459961
0,995737733319402	1,95387145996094	120,162002563477
0,99660234991461	1,95485607910156	120,262001037598
0,997416209429502	1,95609191894531	120,361999511719
0,998280826024711	1,95725744628906	120,46199798584
0,999094685539603	1,95831335449219	120,561996459961
0,999959302134812	1,95957885742188	120,662002563477
1,00082391873002	1,96058654785156	120,762001037598
1,00163777824491	1,96163525390625	120,861999511719
1,00255338475108	1,96281677246094	120,96199798584
1,00341800134629	1,96415258789063	121,061996459961
1,00423186086118	1,96513696289063	121,162002563477
1,00509647745639	1,96636901855469	121,262001037598
1,0059610940516	1,96725622558594	121,361999511719
1,00677495356649	1,96834423828125	121,46199798584
1,0076395701617	1,96949035644531	121,561996459961
1,00845331326127	1,97058520507813	121,662002563477
1,00926717277616	1,97148095703125	121,762001037598
1,01008091587573	1,97263842773438	121,861999511719
1,01089477539063	1,97162609863281	121,96199798584
1,01170863490552	1,97274694824219	122,061996459961
1,01252237800509	1,97389477539063	122,162002563477
1,01333623751998	1,97501416015625	122,262001037598
1,01414998061955	1,97598181152344	122,361999511719
1,01501459721476	1,97698669433594	122,46199798584
1,01582845672965	1,97848510742188	122,561996459961
1,01664219982922	1,97916772460938	122,662002563477
1,01745605934411	1,98044604492188	122,762001037598
1,01832067593932	1,98173876953125	122,861999511719
1,01913453545421	1,98276831054688	122,96199798584
1,01999915204942	1,98384985351563	123,061996459961
1,02081301156431	1,98491430664063	123,162002563477
1,02162687107921	1,98596984863281	123,262001037598
1,02249148767442	1,98730102539063	123,361999511719
1,02330534718931	1,98822119140625	123,46199798584
1,02416996378452	1,98937194824219	123,561996459961
1,02503458037972	1,99060498046875	123,662002563477
1,02584843989462	1,9917021484375	123,762001037598
1,02671305648983	1,99287561035156	123,861999511719
1,0275267995894	1,99393896484375	123,96199798584
1,02839153259993	1,99491076660156	124,061996459961
1,0292052756995	1,99614733886719	124,162002563477
1,0300698922947	1,99711376953125	124,262001037598
1,0308837518096	1,9982001953125	124,361999511719
1,03169761132449	1,99919763183594	124,46199798584
1,03251135442406	2,00017358398438	124,561996459961
1,03332521393895	2,00114343261719	124,662002563477
1,03413907345384	2,00214172363281	124,762001037598
1,03495281655341	2,00315563964844	124,861999511719
1,03576655965298	2,00408520507813	124,96199798584
1,03658041916788	2,00533923339844	125,061996459961
1,03739416226745	2,00588317871094	125,162002563477
1,03820802178234	2,00722546386719	125,262001037598
1,03907263837755	2,00822521972656	125,361999511719
1,03988649789244	2,00920776367188	125,46199798584
1,04070035740733	2,01021008300781	125,561996459961
1,04156497400254	2,01125415039063	125,662002563477
1,04237883351743	2,01229992675781	125,762001037598
1,04324345011264	2,01328564453125	125,861999511719
1,04405719321221	2,01431335449219	125,96199798584
1,04492192622274	2,01529602050781	126,061996459961
1,04578654281795	2,0163154296875	126,162002563477
1,04660028591752	2,01735339355469	126,262001037598
1,04746501892805	2,01843811035156	126,361999511719
1,04832975193858	2,019451171875	126,46199798584
1,04919436853379	2,02051977539063	126,561996459961
1,050058985129	2,0214619140625	126,662002563477
1,05087284464389	2,02254553222656	126,762001037598
1,0517374612391	2,02341772460938	126,861999511719
1,05260219424963	2,02447827148438	126,96199798584
1,0534159373492	2,025310546875	127,061996459961
1,05422968044877	2,02627917480469	127,162002563477
1,0550944134593	2,02738293457031	127,262001037598
1,05590815655887	2,02805041503906	127,361999511719
1,05672201607376	2,02913793945313	127,46199798584
1,05758663266897	2,03015002441406	127,561996459961
1,05840049218386	2,03097033691406	127,662002563477
1,05921423528343	2,031712890625	127,762001037598
1,06002809479833	2,03268518066406	127,861999511719
1,06084195431322	2,03366394042969	127,96199798584
1,06165569741279	2,03444104003906	128,061996459961
1,06252043042332	2,03535571289063	128,162002563477
1,06333405710757	2,03645068359375	128,261993408203
1,06414791662246	2,03728295898438	128,361999511719
1,06496177613735	2,03817614746094	128,462005615234
1,06582639273256	2,03898303222656	128,561996459961
1,06664025224745	2,04002319335938	128,662002563477
1,06750486884266	2,04092468261719	128,761993408203
1,06831872835755	2,04180847167969	128,861999511719
1,06918334495276	2,04258288574219	128,962005615234
1,07004796154797	2,04384143066406	129,061996459961
1,07086182106286	2,04467932128906	129,162002563477
1,07172643765807	2,04569677734375	129,261993408203
1,0725911706686	2,04622399902344	129,361999511719
1,07340491376817	2,04723852539063	129,462005615234
1,07421877328306	2,048052734375	129,561996459961
1,07508338987827	2,04910595703125	129,662002563477
1,07589724939317	2,05004125976563	129,761993408203
1,07671110890806	2,05077563476563	129,861999511719
1,07752473559231	2,0516767578125	129,962005615234
1,0783385951072	2,05254321289063	130,061996459961
1,07915245462209	2,05333325195313	130,162002563477
1,07996619772166	2,0541416015625	130,261993408203
1,08078005723655	2,05495947265625	130,361999511719
1,08159391675144	2,05575854492188	130,462005615234
1,08240754343569	2,05640893554688	130,561996459961
1,08322140295058	2,05736474609375	130,662002563477
1,08403526246548	2,05823168945313	130,761993408203
1,08484900556505	2,05899609375	130,861999511719
1,08566286507994	2,05985961914063	130,962005615234
1,08652748167515	2,06067211914063	131,061996459961
1,08734134119004	2,06138305664063	131,162002563477
1,08815520070493	2,06230151367188	131,261993408203
1,08901981730014	2,06324047851563	131,361999511719
1,08983356039971	2,06394458007813	131,462005615234
1,09064730349928	2,064767578125	131,561996459961
1,09151203650981	2,06554833984375	131,662002563477
1,09237665310502	2,06641772460938	131,761993408203
1,09324138611555	2,06729736328125	131,861999511719
1,09410611912608	2,06834228515625	131,962005615234
1,09491974581033	2,06929614257813	132,061996459961
1,09578459523618	2,06979296875	132,162002563477
1,09664921183139	2,07053125	132,261993408203
1,09746295493096	2,07141943359375	132,361999511719
1,09832768794149	2,07231616210938	132,462005615234
1,09914143104106	2,0732919921875	132,561996459961
1,10000604763627	2,07381176757813	132,662002563477
1,10081990715116	2,07472265625	132,761993408203
1,10163365025073	2,07534326171875	132,861999511719
1,10244750976563	2,07606665039063	132,962005615234
1,10331212636083	2,07695581054688	133,061996459961
1,10412598587573	2,077681640625	133,162002563477
1,10493984539062	2,07852416992188	133,261993408203
1,10575358849019	2,07915673828125	133,361999511719
1,10656733158976	2,08001391601563	133,462005615234
1,10738119110465	2,0806044921875	133,561996459961
1,10819493420422	2,08118798828125	133,662002563477
1,10905966721475	2,0817939453125	133,761993408203
1,10987341031432	2,08279638671875	133,861999511719
1,11073814332485	2,08382788085938	133,962005615234
1,11155188642442	2,08419189453125	134,061996459961
1,11241661943495	2,08519677734375	134,162002563477
1,11323036253452	2,086005859375	134,261993408203
1,11409509554505	2,08666479492188	134,361999511719
1,11490883864462	2,08748559570313	134,462005615234
1,11572269815952	2,08764282226563	134,561996459961
1,11658731475472	2,08833422851563	134,662002563477
1,11740117426962	2,089173828125	134,761993408203
1,11826579086483	2,08989697265625	134,861999511719
1,11913052387536	2,0905654296875	134,962005615234
1,11994426697493	2,09133984375	135,061996459961
1,1207580100745	2,09203881835938	135,162002563477
1,1216226266697	2,09286279296875	135,261993408203
1,1224364861846	2,09341772460938	135,361999511719
1,12325034569949	2,09426147460938	135,462005615234
1,12406408879906	2,0947158203125	135,561996459961
1,12487794831395	2,0955517578125	135,662002563477
1,12569180782884	2,09629467773438	135,761993408203
1,12650555092841	2,09684643554688	135,861999511719
1,12731929402798	2,0977080078125	135,962005615234
1,12813315354288	2,098064453125	136,061996459961
1,12894689664245	2,09893359375	136,162002563477
1,12981162965298	2,0996005859375	136,261993408203
1,13062537275255	2,10040966796875	136,361999511719
1,13143923226744	2,10086010742188	136,462005615234
1,13225309178233	2,10151293945313	136,561996459961
1,13306671846658	2,10212963867188	136,662002563477
1,13388057798147	2,10270922851563	136,761993408203
1,13474519457668	2,1033203125	136,861999511719
1,13555905409157	2,10413745117188	136,962005615234
1,13642367068678	2,1048798828125	137,061996459961
1,13723753020167	2,10553149414063	137,162002563477
1,13810214679688	2,106255859375	137,261993408203
1,13891600631177	2,10687890625	137,361999511719
1,13978062290698	2,10741577148438	137,462005615234
1,14064535591751	2,10789428710938	137,561996459961
1,14150997251272	2,10872436523438	137,662002563477
1,14232383202761	2,1095771484375	137,761993408203
1,14318844862282	2,110228515625	137,861999511719
1,14405306521803	2,11060693359375	137,962005615234
1,14491779822856	2,11139770507813	138,061996459961
1,14573154132813	2,11179760742188	138,162002563477
1,14659627433866	2,11252612304688	138,261993408203
1,14746089093387	2,11309936523438	138,361999511719
1,14827475044876	2,11369580078125	138,462005615234
1,14908849354833	2,114357421875	138,561996459961
1,14990235306323	2,11479248046875	138,662002563477
1,15071621257812	2,11518994140625	138,761993408203
1,15152995567769	2,1157412109375	138,861999511719
1,15239468868822	2,11664794921875	138,962005615234
1,15320843178779	2,11684350585938	139,061996459961
1,15402217488736	2,11726928710938	139,162002563477
1,15483603440225	2,11790991210938	139,261993408203
1,15564977750182	2,11840478515625	139,361999511719
1,15651451051235	2,11912939453125	139,462005615234
1,15732825361192	2,11951123046875	139,561996459961
1,15814211312681	2,12006494140625	139,662002563477
1,15900672972202	2,1205380859375	139,761993408203
1,15982058923692	2,12118579101563	139,861999511719
1,16068520583212	2,1216708984375	139,962005615234
1,16149906534702	2,12215112304688	140,061996459961
1,16231280844659	2,12269970703125	140,162002563477
1,16317754145712	2,12317626953125	140,261993408203
1,16404215805233	2,12353881835938	140,361999511719
1,1648559011519	2,12402221679688	140,462005615234
1,16572063416243	2,12466528320313	140,561996459961
1,166534377262	2,12512182617188	140,662002563477
1,16734823677689	2,12568041992188	140,761993408203
1,1682128533721	2,12615454101563	140,861999511719
1,16902671288699	2,12596557617188	140,962005615234
1,16984045598656	2,12660034179688	141,061996459961
1,17065431550145	2,1267744140625	141,162002563477
1,17146817501634	2,12735888671875	141,261993408203
1,17228191811591	2,12771752929688	141,361999511719
1,17309566121548	2,1281455078125	141,462005615234
1,17390952073038	2,12860913085938	141,561996459961
1,17477413732558	2,128990234375	141,662002563477
1,17558799684048	2,12940307617188	141,761993408203
1,17640173994005	2,13000537109375	141,861999511719
1,17721559945494	2,130484375	141,962005615234
1,17802945896983	2,13063916015625	142,061996459961
1,17884308565408	2,13121801757813	142,162002563477
1,17965694516897	2,131876953125	142,261993408203
1,18052156176418	2,13215502929688	142,361999511719
1,18133542127907	2,13272900390625	142,462005615234
1,18220003787428	2,13307153320313	142,561996459961
1,18301389738917	2,13342163085938	142,662002563477
1,18387851398438	2,13383764648438	142,761993408203
1,18469237349927	2,13438452148438	142,861999511719
1,18555699009448	2,1346962890625	142,962005615234
1,18642172310501	2,13517846679688	143,061996459961
1,18728633970022	2,13565869140625	143,162002563477
1,18815095629543	2,1360703125	143,261993408203
1,18901568930596	2,13644946289063	143,361999511719
1,18982943240553	2,13683764648438	143,462005615234
1,19069416541606	2,137328125	143,561996459961
1,19155878201127	2,1375078125	143,662002563477
1,19237264152616	2,13773950195313	143,761993408203
1,19318638462573	2,13819921875	143,861999511719
1,19405111763626	2,13835961914063	143,962005615234
1,19486486073583	2,1387802734375	144,061996459961
1,19567872025073	2,13915551757813	144,162002563477
1,19649257976562	2,13922485351563	144,261993408203
1,19735719636083	2,13957495117188	144,361999511719
1,19817105587572	2,13962841796875	144,462005615234
1,19898479897529	2,13975708007813	144,561996459961
1,19979854207486	2,14010229492188	144,662002563477
1,20061240158975	2,14026733398438	144,761993408203
1,20142614468932	2,1407509765625	144,861999511719
1,20229087769985	2,14071997070313	144,962005615234
1,20310462079942	2,14108837890625	145,061996459961
1,20391848031431	2,14119213867188	145,162002563477
1,20473233982921	2,1413720703125	145,261993408203
1,20559695642442	2,14174462890625	145,361999511719
1,20641081593931	2,14186938476563	145,462005615234
1,20727543253452	2,14190307617188	145,561996459961
1,20808917563409	2,1422939453125	145,662002563477
1,20895390864462	2,14253295898438	145,761993408203
1,20981852523983	2,14253759765625	145,861999511719
1,2106322683394	2,142888671875	145,962005615234
1,21149700134993	2,14315161132813	146,061996459961
1,2123107444495	2,1431953125	146,162002563477
1,2131753610447	2,14349658203125	146,261993408203
1,2139892205596	2,14352709960938	146,361999511719
1,21480308007449	2,14376586914063	146,462005615234
1,21561682317406	2,14385302734375	146,561996459961
1,21643068268895	2,14391845703125	146,662002563477
1,21724454220384	2,14404443359375	146,761993408203
1,21805828530341	2,14427026367188	146,861999511719
1,21887202840298	2,14404370117188	146,962005615234
1,21968588791788	2,14422412109375	147,061996459961
1,22055050451308	2,14438818359375	147,162002563477
1,22136436402798	2,1442333984375	147,261993408203
1,22217810712755	2,14449438476563	147,361999511719
1,22299196664244	2,1445517578125	147,462005615234
1,22380582615733	2,14441577148438	147,561996459961
1,22461945284158	2,14454711914063	147,662002563477
1,22548430226743	2,14461303710938	147,761993408203
1,22629792895168	2,14451879882813	147,861999511719
1,22711178846657	2,14449633789063	147,962005615234
1,22797640506178	2,14476416015625	148,061996459961
1,22879026457667	2,14475659179688	148,162002563477
1,22965488117188	2,14485302734375	148,261993408203
1,23046874068677	2,14472631835938	148,361999511719
1,23133335728198	2,14467065429688	148,462005615234
1,23219809029251	2,14500073242188	148,561996459961
1,23306270688772	2,14475366210938	148,662002563477
1,23392732348293	2,1448994140625	148,761993408203
1,23479205649346	2,14508715820313	148,861999511719
1,23560579959303	2,14499609375	148,962005615234
1,23647053260356	2,1448505859375	149,061996459961
1,23733514919877	2,1444501953125	149,162002563477
1,23814900871366	2,14454272460938	149,261993408203
1,23901362530887	2,14451953125	149,361999511719
1,23982748482376	2,14436279296875	149,462005615234
1,24064122792333	2,1441279296875	149,561996459961
1,24150596093386	2,14404956054688	149,662002563477
1,24231970403343	2,1438916015625	149,761993408203
1,24313356354833	2,14415576171875	149,861999511719
1,24394742306322	2,14383813476563	149,962005615234
1,24481203965843	2,14377001953125	150,061996459961
1,24562589917332	2,14356567382813	150,162002563477
1,24643952585757	2,14356811523438	150,261993408203
1,24725338537246	2,14331762695313	150,361999511719
1,24806724488735	2,143337890625	150,462005615234
1,24893186148256	2,1429921875	150,561996459961
1,24974572099745	2,14278247070313	150,662002563477
1,25055946409702	2,14263549804688	150,761993408203
1,25142419710755	2,14242041015625	150,861999511719
1,25223794020712	2,14213256835938	150,962005615234
1,25305179972202	2,14178857421875	151,061996459961
1,25391641631722	2,14158154296875	151,162002563477
1,25478114932776	2,14129516601563	151,261993408203
1,25559489242733	2,14111450195313	151,361999511719
1,25645962543786	2,1408564453125	151,462005615234
1,25732424203306	2,14053930664063	151,561996459961
1,25813810154796	2,14011401367188	151,662002563477
1,25900271814317	2,13982495117188	151,761993408203
1,25981657765806	2,13945581054688	151,861999511719
1,26068119425327	2,13893139648438	151,962005615234
1,26149493735284	2,13841577148438	152,061996459961
1,26230868045241	2,13806860351563	152,162002563477
1,2631225399673	2,13750317382813	152,261993408203
1,26393639948219	2,1369150390625	152,361999511719
1,26475014258176	2,13642846679688	152,462005615234
1,26556400209665	2,1358251953125	152,561996459961
1,26637786161155	2,13520239257813	152,662002563477
1,26719148829579	2,13432446289063	152,761993408203
1,26800534781069	2,13369897460938	152,861999511719
1,26881920732558	2,13309765625	152,962005615234
1,26963295042515	2,13225927734375	153,061996459961
1,27044680994004	2,13143969726563	153,162002563477
1,27126066945493	2,13074560546875	153,261993408203
1,27207429613918	2,13000024414063	153,361999511719
1,27293902914971	2,1291953125	153,462005615234
1,27375277224928	2,12834838867188	153,561996459961
1,27456663176417	2,12764282226563	153,662002563477
1,27543124835938	2,12675708007813	153,761993408203
1,27629598136991	2,12570434570313	153,861999511719
1,27710972446948	2,124794921875	153,962005615234
1,27797445748001	2,12386352539063	154,061996459961
1,27883907407522	2,12266796875	154,162002563477
1,27965293359011	2,12145385742188	154,261993408203
1,28051755018532	2,120669921875	154,361999511719
1,28138216678053	2,11899560546875	154,462005615234
1,28224689979106	2,1174580078125	154,561996459961
1,28311151638627	2,11600805664063	154,662002563477
1,28392537590116	2,114095703125	154,761993408203
1,28478999249637	2,11199829101563	154,861999511719
1,28560385201126	2,10925415039063	154,962005615234
1,28646846860647	2,10646557617188	155,061996459961
1,28733308520168	2,10259814453125	155,162002563477
1,28814694471657	2,08696875	155,261993408203
1,28901156131178	2,04244409179688	155,361999511719
1,29216513596475	0,0831577529907227	155,414993286133
